4 0.29203892896964334 0.8554836939505617 0.04744769262201594 0.10226387272903636
4 0.26951501005714495 0.6965392575860436 0.044340873340175155 0.10513378121376711
4 0.27687753728270387 0.7745207363742164 0.052135192622015936 0.10264651000193972
4 0.23667017291951917 0.8337683195545356 0.05551472267624522 0.14665160151720888
4 0.2484934620489348 0.8167561627367947 0.05714085518980259 0.1577166472748434
2 0.2251281640407246 0.932708530609793 0.06486245159900632 0.1345829387804141
2 0.1989469382412214 0.9941164039428031 0.047029536104353474 0.011767192114393765
1 0.36128032924078984 0.642281934407664 0.03486587939029935 0.08718100666795969
2 0.37042859114464655 0.547670936074654 0.017432939695149675 0.04359050333398003
2 0.3713507417103806 0.5235159589534712 0.01739657825883123 0.03734050333397985
1 0.881206488979906 0.7511609216999643 0.03800906010845857 0.09056109818322895
1 0.36860142896964343 0.861733436074654 0.05869426483072289 0.15628169303247788
1 0.35056450127654626 0.8719854098618569 0.05079995159900639 0.14158146424430526
1 0.3370605374790956 0.9091825209219632 0.04417724687674198 0.07700878121376675
2 0.21774693521615932 0.9863517013674276 0.04400453005422929 0.02729659726514484
1 0.4007978680756179 0.43290680546971017 0.01581589754067192 0.03408795757634522
1 0.4084421964326449 0.4624507842578828 0.017387487899751575 0.03577800333398003
1 0.3975774193052819 0.4490579639544411 0.01583407825883123 0.03721295757634539
1 0.9565195854873056 0.8378156409452393 0.03957156010845893 0.0906886439408634
1 0.32332476952511474 0.9716193927329154 0.058285198672140125 0.056761214534169116
2 0.3926626603282914 0.4877378266815374 0.01582498789975162 0.0356504575763454
2 0.38249731996921177 0.4884712792569129 0.01895907825883114 0.037468049091614476