4 0.1775341660707746 0.2657888213910432 0.07904925546001178 0.1472674565847753
4 0.2583371112292843 0.44981682891289065 0.058290474246244804 0.1030173514119257
4 0.22201723183228847 0.3694306469387216 0.06741038273097573 0.10016513605166191
4 0.1541761565278769 0.3345986573635628 0.07723166394474275 0.1440969924781526
4 0.17375520395250138 0.34420933808409065 0.0811219384905499 0.15356292069139804
2 0.08721218394862204 0.2433575434152247 0.09403652667183912 0.13990959765100205
2 0.027119964703347082 0.16914480509370722 0.03408769970043758 0.09296038981258556
1 0.3470808757731519 0.40494694662215236 0.05841802000387934 0.10457985141192583
1 0.2608724377416439 0.37534802632646586 0.06996129788366642 0.13141513605166183
2 0.419848309262732 0.5289096323572451 0.02531873545613248 0.04282399749271768
2 0.4368763125967119 0.5456424912910183 0.023246052425594143 0.036528533386094963
1 0.8138709234876405 0.05549904450426374 0.07219347758022465 0.11099808900852748
1 0.206647968037327 0.18114939693872156 0.07165134364130096 0.13302310015828459
1 0.19534367728066226 0.20575459184501438 0.05465529121570665 0.09667642319868044
1 0.15449566561173267 0.146644016297336 0.062212699700437565 0.09377874373179385
2 0.04317539940087517 0.18355664608079175 0.054942333639361296 0.08109688730530311