4 0.7018327501874312 0.876925853063795 0.01878767401194459 0.07025371140435191
2 0.7893892612053479 0.9815533261549299 0.022966027735416717 0.03689334769014039
2 0.7386411127446186 0.8169937784643967 0.016788762917777866 0.05136701036759268
2 0.7136592965402089 0.8155878118762487 0.01177395459715278 0.03689440725731492
2 0.6916199891695145 0.7731173478799988 0.014935322188333443 0.03873030933083328
2 0.6782296363959729 0.7672678890675451 0.01518989532659738 0.04966780933083328
2 0.7179642836224311 0.7660662655049061 0.01646145459715278 0.037304510367592594
2 0.6396353426086463 0.5494850667772211 0.016425087005972294 0.03574201036759241
2 0.6223393930454865 0.5768192548544896 0.016497822188333445 0.03886701036759259
2 0.648738892095556 0.6056373219610173 0.018060322188333443 0.0390037114043519
2 0.6500292883720838 0.6275806724793969 0.01944098423243048 0.031327912441111036
4 0.6730498674942714 0.6787132369940265 0.022021776785486225 0.07521461347787017
4 0.6565708823119103 0.6741528761080543 0.0184603656913195 0.056191211404351904
2 0.6090399592498963 0.5748760460420359 0.017914851823611144 0.032753711404351904
2 0.5670700115865976 0.5470347185679156 0.01170121941479163 0.03376940725731483
2 0.5836399157469101 0.5555013294538877 0.01333645459715278 0.03703110829407415
4 0.5854732130496184 0.46678058204578593 0.015517203647222288 0.06373030933083328
2 0.5851816191097919 0.4207551825641655 0.016206881458888843 0.026367010367592415
2 0.5698475598392364 0.43188817219657294 0.01809668977951393 0.040566211404351904
2 0.5635969066288544 0.39781596856791557 0.01475348423243048 0.03091780933083328
2 0.5510598858272919 0.36163446079222117 0.014717116641249995 0.02935530933083328
4 0.51368586597566 0.2967715869467583 0.013518292553055745 0.04484360829407406
4 0.5097815756068058 0.39700603279972124 0.015371733282499989 0.05748030933083328
2 0.3948729289490284 0.7861383003773603 0.021512630508958352 0.05333961347787053
2 0.39398192296510476 0.7478570503773604 0.01646145459715278 0.037304510367592594
2 0.39654322530180613 0.7239117024508789 0.022565984232430482 0.031601314514629664
2 0.3975238438429172 0.6990484034876381 0.019477351823611145 0.03289041244111104
2 0.39855901377079916 0.6765288545243975 0.022602351823611144 0.033163814514629665
2 0.0324638479269798 0.7583299098492129 0.015189895326597267 0.04966780933083328
2 0.039949039606354785 0.7449509150330093 0.019804660144236142 0.046952912441111036
2 0.0607148280753478 0.6992084795476388 0.018387630508958374 0.0530662114043519
2 0.100629353626563 0.6052431575401387 0.021076219414791673 0.03458961347787035
2 0.08137020735003521 0.5817277450990277 0.015080792553055588 0.04498030933083328
2 0.10680596523381991 0.5691395622055554 0.016352351823611146 0.03261701036759259
2 0.12780879625586852 0.5670787762018052 0.018278527735416716 0.048378711404351904
2 0.11885071713368096 0.517176521018009 0.01795121941479172 0.034316211404351905
2 0.14555868749840323 0.5257504386429164 0.024710365691319503 0.0567380155513888
2 0.161818813923299 0.4874104000472682 0.014898954597152781 0.03716780933083328
2 0.18022266859670175 0.44068166300675893 0.014898954597152781 0.03716780933083328
2 0.1383988445085073 0.452615735014259 0.011919424961875036 0.04314440725731483
2 0.1560402861878823 0.4401252969369905 0.024310322188333355 0.0395505155513888
2 0.08940025968673657 0.5582608508012036 0.018169424961875034 0.04369121140435191
1 0.1975602114340978 0.6831131707824534 0.018569468464861138 0.0608787114043519
1 0.22570339522968802 0.68635503944412 0.02176720364722229 0.06427711347787035
1 0.2420550938429172 0.6854466503300921 0.01729790919430556 0.07324201036759259
1 0.2701255424561464 0.6855635189917588 0.021949041603125073 0.07208961347787035
1 0.314968529822709 0.836842346465879 0.020386541603125075 0.07195291244111104
1 0.3414589478507299 0.8695666635724069 0.02064111474138901 0.08289041244111103
1 0.32247255850805623 0.8577700011312956 0.019005879559027862 0.07962871140435154
4 0.4927850585080563 0.8726704141380546 0.024093423062014098 0.09722631451462967
1 0.5301337092498963 0.5679726436856936 0.01987739532659738 0.05007791244111104
4 0.6321332735544449 0.6291336105566655 0.01849673328249999 0.057753711404351905
1 0.09538403485670212 0.8823428997644444 0.02056837955902784 0.07976541244111104
1 0.1110272186522924 0.8844911601320369 0.020277438829583348 0.06726541244111103
1 0.22310245924989625 0.5411108899624996 0.013518292553055566 0.04484360829407415
1 0.26341898793524354 0.5649092663998607 0.015371733282499989 0.05748030933083328
1 0.3308597546527435 0.514674112017268 0.012064895326597292 0.04939440725731466
1 0.34179725465274347 0.5156310192745827 0.015189895326597291 0.04966780933083328
1 0.239944467133681 0.5277708513668514 0.013627395326597203 0.049531108294074144
1 0.22264786436013928 0.5215796399624996 0.011955792553055566 0.04470690725731465
1 0.2194696193941324 0.5860132868522218 0.01693423328249999 0.05761701036759241
2 0.7804857334699313 0.9399425543833783 0.019841027735416718 0.04851541244111104
2 0.7602446622315284 0.8742396419422672 0.019695557370694415 0.04226541244111104
2 0.7370610821594104 0.8496012269092578 0.02456489532659738 0.0504880155513888
2 0.7502358422273966 0.980177283648193 0.01944098423243048 0.031327912441111036
2 0.7698943787965286 0.9820416959711334 0.015117160144236053 0.035916608057733154
3 0.7352823362434731 0.9406657243173597 0.022675087005972115 0.03628881451462966
2 0.7024483863959728 0.7693867551373135 0.016497822188333445 0.038867010367592415
1 0.34814470573451456 0.8553380682378234 0.015989982332569496 0.08404280933083327
1 0.25033775968673655 0.5723410575874069 0.013591027735416716 0.04796860829407414
1 0.35995437471246594 0.8602695760135178 0.019187717514930647 0.0874412114043519
4 0.40551556895729207 0.573442810744953 0.012283100873680609 0.05876940725731483
1 0.23093379625586855 0.5761010446279162 0.013663762917777867 0.051093608294074146