4 0.1761990610888534 0.790334790203868 0.04144409084927707 0.12458333774894807
4 0.1913591573860121 0.6292608809480408 0.026463947033792845 0.066388891832632
4 0.18459035131771184 0.6926239765015371 0.04405563861970414 0.09505952885594056
4 0.12858636975504373 0.7467956105296206 0.040974197285894395 0.14015377404661714
4 0.1452493458698302 0.7314062235063121 0.041739021791526554 0.15109127404661712
2 0.09319553695153834 0.8516840071715761 0.057178351492938796 0.12669147477225665
2 0.036858419619157715 0.9440550456461635 0.03893109604505716 0.0886458377489479
2 0.3373868414303548 0.4690723706964217 0.01388753737886681 0.04256944591631608
2 0.3462373175451412 0.45395580218476744 0.014903734160558102 0.03481150961864685
1 0.31799806704093814 0.6014582847615723 0.025666271539425002 0.07727182813030105
2 0.060935057986760265 0.9229513719623661 0.03649451089576328 0.07609127404661713
2 0.012280257706056662 0.9605803467346226 0.024560515412113324 0.060248019237293705
1 0.767025792903623 0.6442285610856241 0.024213032183086725 0.07877976442797027
1 0.2134201916627858 0.7149974843060853 0.03831909084927707 0.12447421034428637
2 0.3768206820275303 0.4178174055428121 0.013231973516896468 0.03319444591631608
2 0.36277460752189816 0.42921869701262433 0.014903734160558102 0.03481150961864685
1 0.7540776786733355 0.6064929481089326 0.024682925746469308 0.06320932813030104
1 0.31045871865009245 0.5978248532732267 0.02133940445914586 0.05997520072563951