4 0.2832436559769076 0.823330601368544 0.0426996285298145 0.12545453333863604
4 0.27033917603516733 0.6482396947008165 0.035722202823851565 0.10038180800445425
4 0.27339363136630135 0.7263737853675893 0.044960810503983595 0.09580339600572696
4 0.22737408920471788 0.7820692546944532 0.041591769596041314 0.14106135200509068
4 0.24098194813849108 0.7666078866963624 0.04347251834240007 0.15201703333863606
2 0.21093439845506018 0.8880919880251351 0.05837009263643722 0.12719884667409076
2 0.17191501405275095 0.9686960033418177 0.03936402837152993 0.06260799331636449
2 0.3846791576927672 0.49805897605027044 0.013727530878812377 0.04233295066836362
2 0.3904745166265404 0.4825067013844522 0.015062710345698971 0.034538632001908987
1 0.37029136341961266 0.7282822780474069 0.03264266693047428 0.10190794533736351
2 0.19271324735970352 0.9597306306890443 0.03660274122451135 0.07696248933799979
2 0.1473923871722891 0.9849840746737722 0.029034282132453626 0.03003185065245546
1 0.44342836889639603 0.3698799793920882 0.013454746239076342 0.03295795066836353
1 0.4304570074553403 0.4072163473901792 0.015017246239076344 0.032976132001908985
1 0.4238205625490476 0.3938623720559974 0.01350021034569906 0.03452045066836362
1 0.8765868275262353 0.735735530116131 0.025801633544379143 0.0815227200031817
1 0.3254227957894932 0.8503749067074982 0.0346598079967011 0.11755112667090906
2 0.413602128067596 0.44528851205440656 0.013454746239076342 0.03295795066836362
2 0.4022243588672662 0.4568709020528157 0.015062710345699015 0.03453863200190917
4 0.8660835850480828 0.670010532781631 0.023693564264907253 0.06275453866963616