4 0.13448404611383982 0.29055083615976157 0.07864303846084474 0.14907930913596862
4 0.19780802977890155 0.4779113952957301 0.057855349461880756 0.10434666327441153
4 0.1687434220448532 0.39572301503800533 0.06715757485477485 0.10327548620519007
4 0.104755850704735 0.35712750452255576 0.07686221463952717 0.14430992198083886
4 0.12303281575854694 0.3682664003841128 0.08049663688926816 0.15541119629109829
2 0.04669623666298977 0.2640082683173657 0.09339247332597954 0.14208568068726615
2 0.014803054590895204 0.18687920228399216 0.029606109181790408 0.10188340456798431
1 0.29152595058090053 0.4162546002932557 0.05792812406898662 0.10590916327441154
1 0.19616425475751095 0.3282422659425165 0.0783519400324213 0.1428293091359686
2 0.3520181867271616 0.5635257479638351 0.02383991439185813 0.04333392017181659
2 0.36684266604899723 0.5815321195151325 0.023548815963434677 0.03708392017181659
1 0.4170031778358215 0.6311503392119793 0.020132717535011224 0.030670145861557075
1 0.787607007857883 0.0726030133405247 0.06853598428423417 0.06593926051544959
1 0.40548563503175056 0.6094014919709412 0.018424668320799496 0.02746325870642714
1 0.4283580548002922 0.6395769928754524 0.01515411910658777 0.024174484396167806
1 0.13483726468230842 0.1652642311168074 0.07642556699689203 0.13493492198083884