4 0.31248379388132363 0.8667088424212149 0.06731586401972631 0.14683993882958352
4 0.2756666885741861 0.6746492822007288 0.0496192866804539 0.10268989532659738
4 0.29108205589595937 0.759423672493333 0.05895792401336308 0.09978310087368066
4 0.25360878055382335 0.8251220608860761 0.06415450135263549 0.1436422036472223
4 0.2647644565563687 0.8061174877478123 0.06738858935390812 0.15308993882958327
2 0.24847529053950587 0.9306817298640275 0.08272268801718105 0.12845361474138883
1 0.3873127132400043 0.6782989994313191 0.049637468013999354 0.10425239532659739
1 0.3363127398950049 0.765400262349097 0.06726132001909005 0.14215243882958326
2 0.36649277792809426 0.5210138295034372 0.02080339600572696 0.042660278685347205
2 0.37144390726450316 0.49824847672989553 0.020730670671545236 0.03641027868534721
1 0.38791433927436636 0.42522855081808986 0.017532945337363513 0.030087543502986237
1 0.9825883032304592 0.7347372633959367 0.01856928134945406 0.11915004350298623
1 0.38904957793604844 0.4619109332269094 0.01593408267027261 0.026926175911805572
1 0.4013774026098208 0.40929442629305524 0.014317038669636207 0.022202308320625086
1 0.374901430537915 0.9394547049784023 0.06682496801399936 0.10465243882958361