4 0.2153624954770136 0.8015956976050918 0.04096719269935693 0.12490184091247088
4 0.2209625325488827 0.6258781146012862 0.03376218775644109 0.10120967292769337
4 0.2154035992410659 0.7048798650955778 0.042882519771663484 0.09534167490485963
4 0.16395650437426218 0.7615728754757012 0.03854252965749523 0.14196200692008212
4 0.1786556743362061 0.7453748725099516 0.038988198630855966 0.1528995069200821
2 0.13622148213114077 0.867996630418617 0.056655859695551314 0.127101010874415
2 0.08737546384235204 0.9565617233082543 0.03749468281352519 0.07796317391627668
2 0.35038473019115546 0.4739734219019292 0.012656508897248564 0.04263316897336082
2 0.35805265015309934 0.4580619204190544 0.013900673916276673 0.03488433596955502
1 0.31211943175057993 0.7048387613315255 0.030637187756441087 0.1010823389353046
2 0.11066838380429596 0.9400135518634357 0.03586851581733077 0.07633700692008247
2 0.060957543880408124 0.9732372287454616 0.02840884288963736 0.04639483893530496
1 0.4227292568829012 0.3446732410655704 0.012274506920082296 0.03325816897336083
1 0.40560808247233293 0.38202866102751426 0.013837006920082162 0.0333218359695552
1 0.4006486684418881 0.3697514955141947 0.012338173916276628 0.03482066897336074
1 0.81757359429815 0.7037419045645426 0.023623183802108372 0.08207767095052709
1 0.25484148954551455 0.8280653557040376 0.03127385771838496 0.1167073389353046
2 0.3853300745636676 0.4202926649818471 0.012274506920082206 0.03325816897336083
2 0.3731338220922097 0.432488917453305 0.013900673916276673 0.03488433596955502
4 0.8139976081383147 0.6383715725493202 0.022859179847775836 0.06332767095052709