4 0.41444952366809895 0.8657275839555119 0.08249009618646852 0.1286387303552928
4 0.3319495037978331 0.7216736770072519 0.04771330290255769 0.07086046360606986
4 0.37149564263524015 0.7785208364367113 0.07380457694917472 0.10327485731976367
4 0.3481424773889633 0.849252867453958 0.08766866950744615 0.14291955417661056
4 0.3552729311098276 0.8293577444184287 0.09112105172143128 0.15244010339082203
2 0.3691940765706566 0.9366972094722407 0.09707838584218216 0.09967897642635144
2 0.3945784454529798 0.5207789569910413 0.028035719962933036 0.0434246683207995
2 0.39478677657850586 0.5043363196874884 0.0262549651536097 0.03710189371369381
1 0.42909728919237755 0.47848014102760655 0.037901793283910835 0.057923815963434676
1 0.744211368503805 0.4043318957851175 0.03439484736759475 0.04684076674922295
4 0.389087392002268 0.6548457419372294 0.076021841377145 0.12209763192686936
2 0.40341524291324193 0.46011328474130037 0.023075401451278843 0.03539384449948209
2 0.396902348085385 0.47528452047327663 0.02625496515360979 0.03710189371369381
1 0.7411037266711731 0.38256605769577634 0.04269842068857237 0.06126713978475227
1 0.4170337988110244 0.49156233788445347 0.03806548439090331 0.06261131596343468
0 0.5764584172300115 0.5976025144774206 0.060704376223535306 0.08550516046291676
1 0.5318999184959559 0.8453893511190198 0.08249009618646852 0.1286387303552928
4 0.5226960109694092 0.5594154638154668 0.05445437622353531 0.0852140620344933
0 0.5809376192215951 0.8603208382987383 0.0788740228654909 0.11443068114108143