4 0.73984375 0.780866785024199 0.0296875 0.0704852168225127
2 0.84296875 0.8666229987234537 0.0296875 0.050172716822512696
2 0.878125 0.896515031802745 0.03125 0.050181807181592576
2 0.76484375 0.7114809807694729 0.025 0.05170794574527378
2 0.740625 0.7175900802037388 0.0171875 0.03603749394987581
2 0.7125 0.6814889537403056 0.021875 0.03918976502711473
2 0.69921875 0.678286685688129 0.0234375 0.05013635538619425
2 0.7375 0.6667906494855795 0.021875 0.037627265027114734
2 0.625 0.4739486436318471 0.021875 0.03606476502711473
2 0.6125 0.5059071707592102 0.021875 0.03918976502711473
2 0.64296875 0.5271781827612626 0.025 0.039207945745273774
2 0.6484375 0.5483037490180414 0.0234375 0.032948855386194256
4 0.678125 0.5930077158405541 0.0328125 0.07519089754067192
4 0.6625 0.5921355622497579 0.0265625 0.056404536104353475
2 0.59921875 0.5066111527070334 0.021875 0.03293976502711473
2 0.55625 0.4922986678323439 0.0171875 0.03291249394987581
2 0.571875 0.4947333214231401 0.01875 0.03604658430895533
4 0.55859375 0.4063748033709634 0.0265625 0.06421703610435348
2 0.55078125 0.36179810157556525 0.01875 0.02667158430895533
2 0.5375 0.3765645835233885 0.025 0.040770445745273866
2 0.52578125 0.34446515583029136 0.01875 0.03135908430895542
2 0.50703125 0.31232482152133595 0.01875 0.02979658430895542
4 0.46015625 0.2581458607489474 0.0203125 0.04386817466803503
4 0.47578125 0.36683051433974356 0.0203125 0.03918067466803503
2 0.428125 0.7743657583878154 0.0296875 0.0532977168225127
2 0.42109375 0.7360436017719569 0.021875 0.037627265027114734
2 0.41953125 0.7125970114128773 0.0265625 0.032967036104353475
2 0.41640625 0.6875788306947181 0.0234375 0.032948855386194256
2 0.41328125 0.6649043999765588 0.0265625 0.03452953610435365
2 0.07265625 0.8449539516972022 0.0234375 0.05013635538619425
2 0.078125 0.8301420179539807 0.0265625 0.0470295361043533
2 0.090625 0.7794334908266178 0.0265625 0.05327953610435365
2 0.11328125 0.6748778010332723 0.025 0.03608294574527395
2 0.090625 0.6575584908266178 0.021875 0.045439765027114734
2 0.11328125 0.6381590510332723 0.021875 0.03293976502711473
2 0.1328125 0.6304601805217676 0.025 0.048582945745273776
2 0.115625 0.5827039365718918 0.0234375 0.03451135538619425
2 0.14296875 0.584425517855785 0.0328125 0.058003397540672096
2 0.1515625 0.5422880148307229 0.0203125 0.037618174668035034
2 0.1625 0.49078914734428025 0.0203125 0.037618174668035034
2 0.1234375 0.5139993883672898 0.01875 0.04229658430895533
2 0.1390625 0.496902791958086 0.0296875 0.040797716822512695
2 0.09453125 0.6317999667243168 0.025 0.04389544574527395
2 0.0859375 0.705187469749379 0.0296875 0.0720477168225127
4 0.065625 0.708975545081344 0.0296875 0.0642352168225127
1 0.2171875 0.7543885599120669 0.028125 0.06110112646343317
1 0.23515625 0.7490243490414825 0.03125 0.0642443071815924
1 0.259375 0.7460402496072165 0.0296875 0.0736102168225127
1 0.28671875 0.74932433089111 0.0328125 0.0720658975406721
1 0.36953125 0.9037123699223297 0.03125 0.07205680718159257
1 0.40078125 0.917175427103922 0.0328125 0.0830033975406721
1 0.3859375 0.9194328186926656 0.0328125 0.0798783975406721
4 0.4890625 0.41534528239192037 0.015625 0.04071590359079611
4 0.53671875 0.8335912883438488 0.0390625 0.09710225897699054
1 0.521875 0.5217861799325924 0.0265625 0.05171703610435365
4 0.63125 0.5544537550681655 0.028125 0.05797612646343318
1 0.15078125 0.9785158854404236 0.0328125 0.04296822911915292
1 0.1671875 0.9754408824153614 0.03125 0.049118235169277116
1 0.215625 0.5832857195529872 0.0203125 0.04386817466803503
1 0.2671875 0.6007732014026146 0.025 0.056395445745273956
1 0.30234375 0.540821484481906 0.0203125 0.04074317466803503
1 0.3140625 0.5510459121750031 0.0234375 0.05951135538619425
1 0.225 0.5630277617074648 0.021875 0.04856476502711473
1 0.22734375 0.6286663972460843 0.025 0.05795794574527378
2 0.8265625 0.8212150499531177 0.0265625 0.048592036104353385
2 0.79609375 0.7624440379510652 0.0265625 0.04234203610435348
2 0.76953125 0.7443207518467118 0.0328125 0.05175339754067192
2 0.80390625 0.8695207397464634 0.0234375 0.032948855386194256
2 0.82421875 0.8719826644144983 0.0234375 0.047011355386194255
3 0.7828125 0.8342417698988885 0.028125 0.03766362646343282
2 0.72265625 0.6737355410743232 0.021875 0.03918976502711473
1 0.26015625 0.6116697947867563 0.0203125 0.04699317466803503
1 0.41328125 0.9086543999765588 0.034375 0.08613748789975162
1 0.23515625 0.6130868490414825 0.021875 0.05012726502711473
4 0.53125 0.47262197208707 0.0203125 0.053243174668035034
0 0.29140625 0.44622660196834874 0.0234375 0.04232385538619425
1 0.40703125 0.5859617885402404 0.0265625 0.056404536104353475