4 0.264797385342384 0.8722867500848179 0.07135011213660052 0.12874504809323425
4 0.22276234067405012 0.7118378342055689 0.042307468321116384 0.07005952885594055
4 0.24640765428391895 0.7768824808475243 0.06469592055068932 0.1004563569862416
4 0.20515458757195698 0.8404439838427493 0.07244271857321785 0.14437004809323425
4 0.2174032152958978 0.8220759297590652 0.07622328243518828 0.15385417549789615
2 0.19934199412478987 0.940674618418987 0.08541261213660052 0.1186507631620259
2 0.33487384662613484 0.5309276293035783 0.02326253737886681 0.042896828130301046
2 0.3390914530627522 0.51541175670824 0.022825494804219915 0.03664682813030105
1 0.37998960467190657 0.5129241629688422 0.03685514381548423 0.058958337748947896
2 0.18959565352761434 0.9908110276748141 0.05029493094224948 0.0183779446503717
1 0.7056451685338769 0.5148984130536602 0.029731058666190434 0.04624008293962447
4 0.29450058288038 0.6603051052569612 0.06477233020561535 0.12383929328391083
2 0.35922899044161904 0.4738244574338794 0.021153734160558192 0.035029764427970275
2 0.3488706446486634 0.4875595752198942 0.022825494804219915 0.03664682813030105
1 0.710026665935987 0.49703879045832194 0.03696440445914604 0.0605208377489479
0 0.3458510073663416 0.9597272079820336 0.07530563861970414 0.0805455840359329
1 0.36254537855712005 0.5271949940943682 0.032495425746469395 0.06348214664195542
0 0.4896763250867098 0.613082908792491 0.046885707677454744 0.06866071996293321
1 0.3544325937761433 0.5872148348385411 0.03685514381548423 0.058958337748947896
1 0.37254454734309855 0.9359176857495151 0.08181771857321785 0.12816462850096996
4 0.43135572669586414 0.6071305199550838 0.04652507475773362 0.08579365626060227
0 0.4301763669050521 0.8255903432760616 0.07182000569998319 0.11317461179556502