4 0.7881961165928393 0.23222823132839557 0.042005829734219444 0.07140363855894434
2 0.8968714073089705 0.15705708359825113 0.037579145588778215 0.051000210345698974
2 0.9335505845145814 0.13094321298599546 0.039141645588778216 0.051045674452321686
2 0.8092083258767081 0.3036258582088574 0.03299177513842757 0.052426318025830906
2 0.7852201133536368 0.2957140698081976 0.0226154796419344 0.03652853338609478
2 0.7552415191214479 0.3286773339939626 0.027503238741233105 0.03978992570596294
2 0.7412290838962725 0.3298677609535667 0.031229016039128865 0.04925585391920828
2 0.7790492589424151 0.3459868544479337 0.028965609191583752 0.038272889812585566
2 0.6552076480527884 0.5264819996707957 0.0273029796419344 0.03666492570596276
2 0.6452924275101527 0.493896820203909 0.027503238741233105 0.03978992570596276
2 0.6770035024640102 0.47575457396483267 0.030728368290882456 0.04144335391920819
2 0.682733068318569 0.4552374854850306 0.028665220542635695 0.03358538981258548
4 0.7160672000276866 0.413566811032709 0.04543121838316751 0.07618206677218975
4 0.6995608204780372 0.4124816841522471 0.036417163787375625 0.05720474623907634
2 0.631810918410854 0.4911582651102018 0.02720285009228505 0.035102425705962934
2 0.5855867604835746 0.5026784383088823 0.022415220542635693 0.03340353338609496
2 0.6034553809339253 0.5005931010827214 0.02427810919158375 0.038136497492717504
4 0.5847437561646379 0.587235294735373 0.036817681985972864 0.06345474623907635
2 0.5742661335548189 0.6313717396416657 0.023677331893687814 0.028761497492717503
2 0.5622772732835011 0.6152837383880245 0.030828497840531634 0.04300585391920819
2 0.5485547347268381 0.6454258794542513 0.023877590992986343 0.031886497492717505
2 0.527851010945 0.6765538590002802 0.02377746144333699 0.03032399749271768
4 0.4785111474344796 0.72495190657214 0.027803627390180986 0.044477425705962935
4 0.4973031153562216 0.627349480866177 0.03495479333702498 0.058721782132453625
1 0.4465557364248812 0.43393210147843286 0.029265997840531632 0.04296038981258547
2 0.47593714605020365 0.20844035649299775 0.037779404688076924 0.05412521034569897
2 0.46652137569213803 0.24471883729266786 0.02740310919158375 0.038227425705962936
2 0.4633358189368778 0.2682927296125359 0.031890350092285046 0.03523881802583091
2 0.4586378269564423 0.2926933360390266 0.028765350092285046 0.03514788981258556
2 0.4546209554263575 0.31550871041220596 0.0319904796419344 0.036801318025830906
2 0.12472749460132918 0.10203620994998759 0.03132914558877831 0.05081835391920827
2 0.1296350400978224 0.11754754968343087 0.03435401603912895 0.04934678213245362
2 0.13845813001107463 0.16973217531025148 0.03465440468807692 0.05403428213245363
2 0.15464193938722848 0.27570939067051536 0.0304279796419344 0.036755853919208194
2 0.13137442010889702 0.291257834323167 0.029466256939830338 0.046085389812585566
2 0.15308873380398752 0.31254180093707207 0.02720285009228505 0.035102425705962934
2 0.17248957587670813 0.3221524816575999 0.03279151603912896 0.04930131802583091
2 0.15268701804171378 0.3673429612036288 0.0288654796419344 0.036710389812585655
2 0.18018096236618772 0.36889108933773185 0.04120479333702489 0.058903638558944316
2 0.18610958975636874 0.4125501611244865 0.02740310919158371 0.038227425705962936
2 0.19410136489479635 0.46397626880461845 0.025840609191583708 0.03818196159934022
2 0.15641159777593322 0.43767819325694013 0.026140997840531633 0.04286946159934022
2 0.17089440237172507 0.4560417483506473 0.03707849784053163 0.04318771034569906
2 0.13380780767811082 0.3170163522698556 0.030928627390180985 0.044568353919208194
1 0.2631961165928393 0.2475041711536164 0.03828005243632351 0.06193771034569897
1 0.2941655143410859 0.25443012107447405 0.04160531153562221 0.06515363855894432
1 0.31306570866555994 0.2562283017950019 0.0421059592838688 0.07296613855894432
1 0.33440978253968323 0.2595207863555958 0.0452309592838688 0.07305706677218975
1 0.4113554094684389 0.1289179925446596 0.043668459283868796 0.07301160266556703
1 0.44364747532299764 0.10762801425227198 0.04739423658176456 0.08247753087881238
1 0.42280404919712106 0.11214802969167817 0.04563147748246603 0.07930706677218971
4 0.5886583891103733 0.15976351260291932 0.056107902528608554 0.09676735141192579
1 0.5533657433647114 0.4762212383880245 0.03455427513842757 0.052471782132453626
4 0.6665573557954977 0.44709837655125745 0.03807979333702498 0.05881271034569906
1 0.21314035009228505 0.03160168949601645 0.045030700184570116 0.0632033789920329
1 0.2270526557678111 0.029030618962903043 0.04160531153562221 0.058061237925806086
1 0.2672001010151357 0.3710553314201731 0.027803627390180986 0.044477425705962935
1 0.2992010726375056 0.3818647992877195 0.03485466378737554 0.05715928213245362
1 0.3535066432724264 0.4475974478757937 0.028104016039128953 0.04916492570596276
1 0.36391321714654973 0.45120818118274625 0.03132914558877831 0.05081835391920819
1 0.26754006245847284 0.40078829552679573 0.029666516039128954 0.04921038981258565
1 0.27055444092838793 0.423399081420173 0.03112888648947969 0.04769335391920824
1 0.25191506245847284 0.40124293659302257 0.027803627390180986 0.044477425705962935
1 0.2551308975913631 0.3659275622198432 0.03485466378737554 0.05715928213245362
2 0.8769687199243268 0.20068506314428003 0.03435401603912922 0.04934678213245362
2 0.8429231893872284 0.25568245170322434 0.03405362739018116 0.044659282132453626
2 0.8157494201088971 0.27134455562243265 0.04080427513842757 0.05265363855894432
2 0.8572581947858993 0.14959993626381815 0.028665220542635695 0.03358538981258556
2 0.8776207595607239 0.14979015287772332 0.031128886489479514 0.04769335391920828
3 0.834360915328535 0.18313986196978105 0.03375323874123311 0.03997178213245363
2 0.7651672316445192 0.3369982993542265 0.027503238741233105 0.03978992570596294
1 0.4470425855943156 0.12396606809233794 0.04426923658176474 0.08238660266556704
1 0.28771286011443437 0.37358929803407825 0.029566386489479603 0.04764788981258565
1 0.45871127081949103 0.12284383729266783 0.04915699568106326 0.0856479949854351