4 0.775243007059629 0.23212532893475632 0.03798338479802066 0.0711489545971528
2 0.8840209619950518 0.15532447996093676 0.03582985141192552 0.05080008700597225
2 0.9215520542357772 0.12865222397701312 0.03582985141192552 0.05080008700597225
2 0.7944991239109609 0.3028190354317702 0.031187815518548413 0.05225348423243057
2 0.7708343033778476 0.29555204929947854 0.021358174452321778 0.03641027868534721
2 0.7397577996169239 0.32911008491867993 0.026136602665567034 0.03964438145888884
2 0.7264992816702353 0.3302004594437147 0.027971887305303155 0.04905574905006951
2 0.7636954047897733 0.34575207105097155 0.026091138558944495 0.03808188145888884
2 0.6368697949980703 0.5277313825057286 0.026045674452321775 0.03651938145888885
2 0.627321298758994 0.4951189042572217 0.026136602665567034 0.03964438145888884
2 0.6588524435861446 0.47718586863802026 0.029307066772189572 0.04127961664125017
2 0.6660511781467384 0.4559102806821175 0.025954746239076343 0.033394381458888844
4 0.6992441113745487 0.4144851936761452 0.042807277117888634 0.07594555737069442
4 0.682792397267926 0.41330455338354105 0.032886707838416386 0.05697735182361115
2 0.6139718525990601 0.49308427878225647 0.02600021034569906 0.034956881458888846
2 0.5674151013454188 0.5051128065176732 0.021267246239076342 0.03328527868534721
2 0.5853156551854848 0.5023508292190968 0.022966138558944492 0.03800914627652787
4 0.5659639131030436 0.5895787254956245 0.03463106426490725 0.06326371941479181
2 0.5547369080884786 0.633619666225069 0.02269335391920819 0.028634146276527873
2 0.5425407849689405 0.6174861731589232 0.029352530878812465 0.04284211664125
2 0.5285835850480828 0.6483004152751384 0.022784282132453627 0.03175914627652787
2 0.507595135127225 0.6792783115516663 0.022738818025830908 0.03019664627652787
4 0.4566607724325282 0.728934125856215 0.026272994985435005 0.04433188145888885
4 0.48010898112887446 0.6212846268061455 0.024574102665567032 0.03960801386770836
2 0.4635098851937321 0.2120187295796871 0.03435827962517113 0.053888719414791716
2 0.45364079169936505 0.24899205271795105 0.026091138558944314 0.03808188145888884
2 0.45041650329870536 0.27252047169590243 0.029125210345699058 0.03502961664125
2 0.44487119695135685 0.2968846920606246 0.02756271034569906 0.03499324905006951
2 0.44003894444407443 0.31888697862975657 0.030733174452321776 0.03662848423243057
2 0.11421091567683303 0.10991790102618046 0.029579851411925796 0.05065461664125004
2 0.11857180674305985 0.12545198204822908 0.032659387305303114 0.04916485182361115
2 0.12710337226160834 0.17685082788791656 0.032795779625171176 0.053852351823611144
2 0.14191368151195066 0.28282807095406237 0.029170674452321688 0.03659211664124999
2 0.1181268405248661 0.298235518617361 0.027880959092057723 0.04593074905006951
2 0.13907583801758366 0.3196377399320138 0.02443771034569897 0.03492051386770836
2 0.1581213547106311 0.3293575788378471 0.031096887305303154 0.04912848423243057
2 0.1375648138026888 0.37517922511437496 0.027608174452321686 0.03655574905006951
2 0.16493129585600017 0.37532404226871513 0.03918217194503919 0.058685322188333354
2 0.17011054084143523 0.4189831232907638 0.02452863855894436 0.03804551386770836
2 0.17710233841329506 0.4711995867216318 0.02452863855894436 0.03804551386770836
2 0.14036921654739815 0.4446922913187846 0.024665030878812378 0.04273301386770836
2 0.1541960358268703 0.46313316679374983 0.034040030878812376 0.04295121941479181
2 0.11965824828414036 0.32399858482177074 0.029397994985435095 0.04440461664124999
1 0.2524958288463836 0.24116528818465258 0.03458560015828453 0.061701219414791716
1 0.27928564937949696 0.2483595391345831 0.03936402837152997 0.06493532218833335
1 0.2951152378592991 0.25502711322277755 0.03802884890464338 0.07271145459715278
1 0.32119200455234653 0.2645832979682984 0.041153848904643374 0.07278418977951392
1 0.4002537157559753 0.13374956563572885 0.03959134890464337 0.07274782218833335
1 0.4332109682632577 0.11109266242534685 0.0429891335443795 0.08219555737069449
1 0.4122536105831259 0.11627112490628437 0.041335705331134065 0.07903418977951393
4 0.4975177899835054 0.5747544657119787 0.02149456677218975 0.04109777868534721
4 0.5761857299417403 0.16170764542350646 0.05121081050398359 0.09643989532659729
1 0.5382898909997198 0.47139242315892316 0.03275031551854859 0.05228985182361114
4 0.6494176076136249 0.4484796403895134 0.0344946719450391 0.05857621941479163
1 0.2039433539192083 0.025997495915937426 0.04226170783841654 0.05199499183187485
1 0.21952288981258555 0.02423497416444436 0.039045779625171154 0.04846994832888872
1 0.24114445486891567 0.38840396409645817 0.026272994985435005 0.04433188145888885
1 0.2854483843358023 0.37955498774781227 0.031324207838416565 0.05694098423243066
1 0.3327840370805116 0.4480315776035761 0.02301160266556703 0.03957164627652787
1 0.34294028708051155 0.4477951882609025 0.02443771034569906 0.03492051386770836
1 0.2542127562016992 0.40764427336701364 0.027971887305303155 0.049055749050069465
1 0.23622127414838784 0.4072812506655901 0.024710494985435094 0.04429551386770836
1 0.24922372783016922 0.3436545085493748 0.03288670783841656 0.05697735182361115
2 0.8642002069804867 0.1995654424418743 0.032659387305303156 0.04916485182361115
2 0.8290727007122806 0.2551075808346174 0.030960494985435006 0.04444098423243057
2 0.8013796097251961 0.2706059474758674 0.03743781551854859 0.05239895459715278
2 0.8455351235152495 0.1491842359448604 0.027517246239076344 0.033430749050069465
2 0.8658476235152495 0.14871145725951315 0.02792642319868044 0.047493249050069464
3 0.8214898697543258 0.1825786174037493 0.03238660266556721 0.039789851823611146
2 0.7493828522033487 0.3374856293715966 0.026136602665567034 0.03964438145888893
1 0.43603209138279586 0.12744436103857604 0.039909597651002215 0.08368532218833336
1 0.27495115353613214 0.3680726270904859 0.026363923198680438 0.04745688145888893
1 0.4477281093294846 0.12639035410472185 0.04468802586424747 0.08691942496187503
4 0.42114184342786 0.4217398749062844 0.029761707838416564 0.056904616641249996
1 0.25744540478977335 0.357535170593472 0.028017351411925785 0.05061824905006951