4 0.23513770946808984 0.21059857096035026 0.03784219269935694 0.1259238825734235
4 0.21126517486767876 0.373358680088557 0.024549013840164436 0.06728258838228234
4 0.2295960222059404 0.30813642179018724 0.04132001977166348 0.09659158008391255
4 0.18101128357464688 0.25038219875988893 0.03691636266130085 0.14143048340326053
4 0.19525019711080016 0.2663507408764376 0.037362031634661584 0.15236798340326047
2 0.16030880581776832 0.14301906203728054 0.05353085969555131 0.12867037427505373
2 0.11631340809894582 0.049564137347308315 0.03612318380210837 0.0837363825734235
2 0.3501791417501424 0.5414010529137181 0.012656508897248564 0.04301629419114121
2 0.35582430528629566 0.5567183995943703 0.013900673916276585 0.035322193361304245
1 0.3631367395826956 0.47342064751977786 0.023432182813525236 0.0781016892121194
2 0.1389550706465159 0.07087137489975368 0.03430601581733077 0.07736798340326048
2 0.09269949456279254 0.03288520020978144 0.02710101087441492 0.05345688672260838
1 0.7499629189361797 0.44239059337988174 0.0211693458553869 0.060795790041956364
1 0.2742426773391367 0.36637589689507793 0.030064184790691506 0.08795028589277143
2 0.38167188087572745 0.5955091350722233 0.012274506920082206 0.033641294191141216
2 0.36961754984908823 0.5836244417109191 0.013900673916276585 0.035322193361304245
1 0.7450061634989722 0.46787584545447414 0.022859179847775656 0.0640391892121194
0 0.39608318524780206 0.33799263299763077 0.029363847832553257 0.07076278589277134
1 0.34357365608459844 0.47272190789274016 0.022795512851581278 0.06247668921211939
4 0.3564755627006695 0.5215029500092887 0.018553681824942013 0.0730589917016303
0 0.6299435320917721 0.2914532101817583 0.02930018083635879 0.06920028589277143