4 0.2982273199793191 0.1575802694784653 0.056160188017181055 0.12751707386326191
4 0.26647623862191117 0.33440582223840887 0.0449317866804539 0.10232615909060953
4 0.27835916796627425 0.25334673701106125 0.052707924013363085 0.09933752678536116
4 0.2392426713080921 0.1901512617678275 0.05634200135263541 0.14314207386326191
4 0.25075233597231944 0.20832456330995508 0.05803177068745367 0.1541068474022122
2 0.23424718332272776 0.08222966761202617 0.07182155068427196 0.1309148092527653
2 0.20454204933163647 0.01607283360249454 0.04716590133672709 0.0258182061685102
2 0.3646035612667303 0.4970888287312306 0.01767839600572696 0.042487508928453724
2 0.36831890726450317 0.5135632625786064 0.017605670671545236 0.03623750892845372
1 0.3652591839592746 0.3064365551922802 0.03372156667727229 0.07869774431795715
2 0.22318296133036375 0.02577511606989862 0.0442590773392725 0.04451365909060952
1 0.4113774692473221 0.6409030584386911 0.016006808004454243 0.033085235389503434
1 0.40629961791854924 0.6072138510523649 0.017587489337999786 0.034675008928453724
1 0.395271211250822 0.6148354362797125 0.016043170671545325 0.036210235389503256
1 0.8536126119510022 0.37591067288373664 0.027326116008908486 0.06608865016215582
1 0.31835800664386465 0.17355982548481969 0.04981928134945388 0.11959547970746054
2 0.3881677832590943 0.5537615685849608 0.016024989337999784 0.034647735389503255
2 0.3781569839274579 0.5410842905817836 0.019168170671545238 0.036264782467404014
1 0.8596080732813661 0.397894767039538 0.0304329346753633 0.06458069724005648
1 0.37353476062222934 0.33393030965650705 0.027217028007636035 0.056713650162155814
1 0.32956767930459224 0.21751437702694726 0.044822698679181275 0.09295115909060954