4 0.612097343655486 0.11929896087887777 0.028199041603125075 0.07170458163720576
2 0.6742362805852083 0.011196491690057481 0.02925239532659738 0.022392983380114962
2 0.6584989117597567 0.17070765264742033 0.023075130508958354 0.0527089201718165
2 0.6333898089862151 0.17670534712949634 0.01646145459715278 0.03675637155129752
2 0.6206527664331596 0.2210695007929695 0.01965918977951393 0.04004514586155698
2 0.6087521784772567 0.2294961544564426 0.02143989532659738 0.04950203301668683
2 0.6486868474552081 0.22350178200063398 0.021185322188333446 0.03856453301668674
2 0.6154158333031593 0.44606950079296953 0.02114895459715278 0.037002033016686656
2 0.5925602147620482 0.4222978081199158 0.02122168977951393 0.04012703301668683
2 0.6128188165856594 0.3900242186807939 0.02278418977951393 0.0402089201718165
4 0.6215775271667358 0.31543697648270996 0.03143314437666689 0.07655585594746528
4 0.6065701230064233 0.3232461544564426 0.02474673328249999 0.057478307326946344
2 0.5791880457840968 0.4269000989385187 0.02107621941479181 0.03387703301668665
2 0.5432680763693052 0.46155505992893814 0.01638871941479163 0.03363137155129756
2 0.5583663995075691 0.4498396319552055 0.01802395459715278 0.03683825870642732
4 0.5790042481970481 0.535371018205824 0.024928571238402954 0.06529080732694617
2 0.5881422056439926 0.5785887516974807 0.019368249050069508 0.027545145861557076
2 0.5695922273954857 0.5709776475590378 0.024383057370694416 0.041853307326946164
2 0.5711358903895134 0.605229816826343 0.017914851823611144 0.03215075870642714
2 0.5655937519967702 0.6421942282917323 0.01787848423243048 0.03058825870642732
4 0.542136761780416 0.7113093984635489 0.019768292553055566 0.04473264586155708
4 0.5162483686380203 0.6166896172558843 0.026345600873680652 0.0591226944820761
1 0.4013344962971871 0.49162209746818064 0.026381968464861138 0.0606851944820761
2 0.3208703187698609 0.26096964100031694 0.027798998100138927 0.05451708163720585
2 0.3285912465815275 0.29801926164710335 0.021185322188333355 0.03856453301668674
2 0.3358764165094094 0.3202660758714546 0.025727351823611144 0.0325601944820761
2 0.3415627188461108 0.3441572772509356 0.02263871941479163 0.033958920171816585
2 0.347303572569583 0.3657047286304166 0.02576371941479163 0.03412269448207601
2 0.2972866951947567 0.3020007547496984 0.021258057370694507 0.04168953301668674
2 0.008508330262742898 0.4023880156038322 0.017016660525485797 0.05435330732694621
2 0.06436182636930514 0.4866534729762071 0.02423758700597225 0.035603307326946165
2 0.049717444910416235 0.5123904573723748 0.021367160144236154 0.04637703301668683
2 0.07840548936333289 0.5202505450024744 0.021076219414791698 0.03387703301668683
2 0.09951742315892317 0.5183638184082227 0.023002395326597248 0.049583920171816585
2 0.10069741024114535 0.5682409876755281 0.02267508700597225 0.03552142017181659
2 0.12598835097058983 0.554430793193452 0.030996733282500077 0.05780585594746519
2 0.1493524625778467 0.5898802922889409 0.019622822188333354 0.03848264586155707
2 0.1780398538203814 0.6312931863414757 0.019622822188333354 0.03848264586155707
2 0.13365407418510364 0.6273769702626735 0.018169424961875034 0.04308825870642714
2 0.15452961863802028 0.6356464936684219 0.029070557370694507 0.042098968792335614
2 0.062489548633888434 0.5335694165537719 0.02289329255305559 0.04489642017181659
1 0.1707761337399996 0.4405010900049488 0.029761541603125073 0.0717864687923356
1 0.19203353790031213 0.4323643634106972 0.03299564437666671 0.07663774310259508
1 0.21401764067385382 0.4265304432388806 0.03626611474138899 0.08305151741285446
1 0.23122332446944407 0.4248484345324533 0.031360409194305564 0.07343085594746523
1 0.24236345906246504 0.2814702487568046 0.029797909194305562 0.07334896879233561
1 0.24681587614055536 0.22427522444654507 0.0316149823325695 0.08436835594746528
1 0.2527379146095484 0.2715629822484612 0.022893292553055566 0.04489642017181659
4 0.40046885942305543 0.16004122682139427 0.03662979065319445 0.09867651741285455
1 0.500099304617812 0.4724007066950063 0.024673998100139018 0.05435330732694634
1 0.027211237747812266 0.27245817616471035 0.03154224715020839 0.08124335594746528
1 0.043690222930173384 0.26847336103584796 0.0328501740119445 0.07038774310259503
1 0.20531282826916622 0.5323267418593997 0.019768292553055566 0.04473264586155708
1 0.2376168352030204 0.5189293051792397 0.023184233282500077 0.057396420171816585
1 0.3252434685617704 0.5424276809144087 0.020059233282499988 0.057232645861557074
1 0.33536335097058984 0.5434579144060654 0.02474673328249999 0.057478307326946344
1 0.2260247185617704 0.547627515265148 0.019877395326597203 0.049420145861557074
1 0.24257578571611066 0.5740705065587207 0.02129442496187508 0.04325203301668683
1 0.21730368199263844 0.5535466446183616 0.020095600873680654 0.058795145861557076
1 0.19215886483829817 0.5275540326780025 0.024746733282500034 0.057478307326946164
2 0.674671385258611 0.04579286182881744 0.02612739532659738 0.049747694482076034
2 0.6684564464290277 0.1116635232942067 0.02598192496187508 0.04349769448207602
2 0.6498694473789582 0.13916772557819884 0.030851262917777688 0.05155585594746528
2 0.6364453398557639 0.014070847185267188 0.024164851823611146 0.028141694370534376
2 0.6546504791984374 0.01238717746570624 0.021403527735416716 0.02477435493141248
3 0.6292497824850694 0.05285508932758024 0.027435322188333444 0.03889208163720579
2 0.6330982150463886 0.2227581535519315 0.02122168977951393 0.04012703301668683
1 0.2721425312507984 0.24245533638690414 0.03165134992375007 0.08593085594746527
1 0.2281872838162496 0.5217643781100183 0.019841027735416718 0.04785764586155707