4 0.30318795188261316 0.1580458992388783 0.06592299352159499 0.1289181788591925
4 0.25696738664636315 0.3292696418245045 0.05338342072720588 0.1034725098858317
4 0.2752050493540046 0.2524670612921568 0.06099566162790726 0.10066584486680367
4 0.24097904611480203 0.1876259698853942 0.06848678901808825 0.14460684585538686
4 0.25076505629383483 0.20604038885875497 0.07075019586563354 0.15560801285158127
2 0.24554423504060524 0.07971796939110264 0.08184838217054295 0.13424234882113642
2 0.33995346005906113 0.501058411596168 0.021453497840531632 0.04295150395433271
2 0.34202709978774326 0.5175919955885567 0.0210529796419344 0.03670150395433271
1 0.3597011628645249 0.30290741307904273 0.05192105027685514 0.10497134288963732
2 0.23874232495385747 0.026960383915839093 0.047515350092285046 0.036221342889637353
1 0.3731293005906222 0.6434024204934166 0.019290220542635694 0.03351283695813834
1 0.368200771133258 0.6103034190105417 0.020952850092285046 0.03513900395433271
1 0.3568627529346607 0.616107750037181 0.0194904796419344 0.03663783695813834
1 0.8511388888058316 0.39577793437076203 0.03868057063492074 0.06858817391627667
1 0.349702006478405 0.14114224212851564 0.05594721622369914 0.11916117688202617
2 0.35812366672203627 0.5597622495428894 0.01939035009228505 0.03507533695813834
2 0.3496498326688801 0.5453177475657232 0.0210529796419344 0.03670150395433271
4 0.8425859091638971 0.4314607663859844 0.03535531153562203 0.06533583992388788