4 0.7128016498164733 0.21338213387358382 0.024407736775233245 0.07090353338609487
2 0.795304065700311 0.11673210589776531 0.027821163111827474 0.04916492570596289
2 0.8238162025743663 0.0840249059769076 0.027821163111827474 0.04916492570596289
2 0.7486096181758551 0.27915789805934876 0.021662168373499213 0.05054556927947225
2 0.7234731102833474 0.27608672235338594 0.014593121018452494 0.03630121285298138
2 0.7031374944559795 0.3152712428073571 0.019371626280124232 0.03800010517284953
2 0.690083757610159 0.3187910479010642 0.020008663111827474 0.04893760517284953
2 0.7303370312876825 0.3269816326199426 0.019280621018452494 0.03643760517284953
2 0.6571479731975305 0.5299725888090064 0.019189615756780753 0.03487510517284953
2 0.6397938732257654 0.4998304477427796 0.01937162628012441 0.03800010517284953
2 0.6649002890390159 0.47560333755536527 0.02249662628012441 0.038091033386094965
4 0.6866318048946185 0.40682224531463945 0.02780575256024882 0.07568196159934022
4 0.6711433127871264 0.40871135424841265 0.021935184158514788 0.05523306927947225
2 0.6257768758566014 0.5002025207831755 0.02057010523343692 0.03179556927947225
2 0.5848634495200072 0.5208499899043633 0.014411110495108837 0.03317621285298138
2 0.6016869284733198 0.5151000950772125 0.01615562101845249 0.0363466769596041
4 0.6060929783886152 0.6041398630239013 0.020918715728545933 0.06456260517284954
2 0.6063883809770989 0.6493841668639673 0.017081084186749605 0.025454641066226812
2 0.590816588883724 0.6364522578510519 0.022587631541796327 0.039653533386094966
2 0.5856964493788329 0.6690601693712497 0.01735409997176518 0.030142141066226813
2 0.5736815677664495 0.7038072424116456 0.01726309471009326 0.02857964106622681
4 0.5380772677099798 0.7620456397460786 0.016610647326811723 0.0441591769596041
4 0.5306904309629814 0.662000175639456 0.023588689420186527 0.05684103338609496
1 0.438314673211648 0.5087865959351424 0.023679694681858442 0.05840353338609496
2 0.4046853129283007 0.25277227665567026 0.024878173635170954 0.0521989974927175
2 0.405352441839261 0.2910080625490476 0.019280621018452494 0.03643760517284953
2 0.4082800207643388 0.3144910266556703 0.025257605233436963 0.03193196159934022
2 0.4105173549510884 0.3395137587089816 0.022132605233436964 0.031841033386094786
2 0.4118369312453301 0.36217000870898164 0.025348610495108836 0.03349446159934022
2 0.3745196707925736 0.28387151246990533 0.019462631541796237 0.03956260517284953
2 0.041601484003222944 0.2188098359725196 0.02009966837349917 0.05050010517284953
2 0.050233031358269585 0.233099656505633 0.02295165258848362 0.045903533386094875
2 0.07180419447009691 0.2820827257851052 0.02175317363517102 0.052108069279472244
2 0.11439278384793117 0.3839323822907382 0.023786110495108835 0.0334489974927175
2 0.09604460224966523 0.40367658095795467 0.019735647326811767 0.04425010517284953
2 0.12200015749721964 0.4208102566639176 0.01900760523343701 0.03175010517284953
2 0.14336692328223516 0.4261115221033238 0.021480157850155467 0.04742056927947225
2 0.13529608902489842 0.47501202335696496 0.020661110495108836 0.03335806927947225
2 0.16232132060904694 0.4703388952228619 0.028276189420186525 0.05697742570596294
2 0.17879546004335095 0.512154322182466 0.017718121018452493 0.03639214106622681
2 0.19963087578601418 0.5618959094086269 0.017718121018452538 0.03639214106622681
2 0.15717806527678793 0.5427223605831258 0.01651964206513994 0.0425966769596041
2 0.1752301152626705 0.5580662157559753 0.027275131541796237 0.03978992570596294
2 0.10453193643641479 0.4288811694377568 0.021207142065139906 0.04273306927947225
1 0.22616474175455634 0.37470579796757125 0.025970236775233246 0.07094899749271759
1 0.25033798912372046 0.37462924162022276 0.02936825256024882 0.07572742570596294
1 0.2706959917545564 0.37600152500631767 0.032766268345264304 0.0805058539192082
1 0.288111004908736 0.3804078801791671 0.027623742036905076 0.07255696159934022
1 0.3247247971432851 0.24576610721791353 0.026061242036905075 0.0725114974927175
1 0.3406991366622937 0.1986554264973857 0.02669827886860805 0.08344899749271754
1 0.3366255576666288 0.24923208801758365 0.021207142065139895 0.04273306927947216
4 0.5003625629988878 0.1814632294795219 0.032204826223654594 0.09764788981258557
1 0.5409769416274994 0.5172332449189281 0.02175317363517095 0.052108069279472244
1 0.11824030773721601 0.16878475541027632 0.026516268345264306 0.0803239974927175
1 0.13280333667641117 0.17778768236988046 0.0304757262518895 0.06796038981258556
1 0.24375333113239064 0.4758280287672413 0.016610647326811723 0.0441591769596041
1 0.277946320609047 0.4737032391129404 0.020463689420186525 0.05675010517284953
1 0.3582022389825461 0.525953712390763 0.017338689420186525 0.056659176959604096
1 0.3678047521367257 0.5301327470304992 0.022026189420186526 0.05679556927947225
1 0.26138815216496064 0.49739915188677947 0.018446163111827295 0.048892141066226816
1 0.2717565047675617 0.5281179544732042 0.019553636803468066 0.04112510517284953
1 0.25288540742663246 0.4987115993003547 0.017429694681858444 0.0582216769596041
1 0.23153405219319545 0.4668932979675713 0.022026189420186526 0.05679556927947225
2 0.7870967235504664 0.16328885715140654 0.02460515785015538 0.047511497492717505
2 0.7688619340173404 0.225152359658689 0.024241136803468066 0.0412614974927175
2 0.7466985076807463 0.24634539805934877 0.029474668373499213 0.05077288981258565
2 0.7555968235928188 0.11791652117888693 0.02204159997176518 0.030278533386094875
2 0.7756363078078031 0.11382005456498179 0.01982665258848364 0.045812605172849484
3 0.7421559498729431 0.15496188011266013 0.025530621018452493 0.03661946159934022
2 0.714393512871831 0.3210582415537158 0.01937162628012441 0.03800010517284953
1 0.3605411998023559 0.2179509957768579 0.02678928413027979 0.0850114974927175
1 0.26682681008570325 0.4702599903665815 0.018355157850155467 0.047329641066226814