4 0.24428450927225417 0.1673226981819853 0.04396908525525038 0.12584060919158374
4 0.23038470432015706 0.3434043368309333 0.03649077792830404 0.10200259099298643
4 0.2336978120766447 0.26532940160575796 0.04562011646291486 0.09791586829088236
4 0.18820824966131572 0.2121834176448869 0.0433073439616777 0.1429279796419344
4 0.20145187811001822 0.226907251698043 0.04388055404758591 0.1538654796419344
2 0.17264188263257402 0.10806641656515273 0.05967597241038014 0.12840440468807693
2 0.13331378900958057 0.03140139188815046 0.03962242198083885 0.06280278377630091
2 0.34365823100526577 0.48486304673311087 0.01471095318850324 0.042988536397194646
2 0.34908935945396824 0.5000875285345137 0.015864017412854547 0.03527616594684382
1 0.32663226255161454 0.289740313851974 0.033447665083433796 0.10336483189368781
2 0.15453369176854256 0.03807229526578055 0.03674308344622808 0.0761445905315611
2 0.10917360413844297 0.015645983960871045 0.02852779172311406 0.03129196792174209
1 0.4031859599743666 0.6118575408730147 0.014219630257724703 0.033613536397194645
1 0.3923237030769616 0.5814085772702093 0.0157821302577247 0.033713665946843815
1 0.38175801730131287 0.5898719193429299 0.012739017412854459 0.03507590684754529
1 0.8281504969477822 0.24358629318936656 0.028439260515449406 0.06722707279438911
1 0.28708284090945996 0.1381067651162783 0.03426653663473136 0.11898983189368777
2 0.3729053177308542 0.5359353909652999 0.014219630257724792 0.033613536397194464
2 0.36101947139432733 0.5250176773624944 0.015864017412854547 0.03527616594684382
4 0.8270483423797981 0.27947372841454193 0.025150486205190246 0.06390181369509049