4 0.14899858548239303 0.2965872794040947 0.05984639077317437 0.10034722958157989
4 0.19015145070211242 0.44877477278067274 0.048908890773174375 0.09996528366526398
4 0.16912297772590543 0.37386654201796643 0.06609639077317438 0.10056548439090332
4 0.10616263229388971 0.34019343566469695 0.07455734396167765 0.14297123920022675
4 0.12438036578554632 0.34969492123672674 0.07825555404758595 0.15401786660488853
2 0.05211361940359094 0.255520824502104 0.08376856965141817 0.1401736214142119
2 0.007457295906985545 0.178524304083684 0.01491459181397109 0.09295139183263199
1 0.30026675712454753 0.4457092817663474 0.05030761646291495 0.09689484736759475
2 0.3481476571699761 0.5290376477382638 0.02408595318850324 0.04295139183263199
2 0.36287189846354884 0.5456795107149551 0.022195904567984304 0.03664682813030105
1 0.7478156230216355 0.13452866807186575 0.04989818068726617 0.08908234736759482
1 0.21613517582602607 0.2505728857573642 0.0798180540475859 0.1540724303072194
1 0.19783887720550705 0.257450368334169 0.06970606965141815 0.13968254809323427
1 0.1696253459978426 0.23036207867845532 0.05393058344622812 0.07674603847458741
2 0.019465972976207037 0.19058779446503715 0.038931945952414074 0.08132441106992569
1 0.4277732021724505 0.6167162078123976 0.020551517412854638 0.035029764427970275
1 0.4223796952750455 0.5857117444728864 0.022114017412854636 0.035084328130301046
1 0.41851771087887785 0.5998833718775481 0.020633404567984216 0.03659226442797028
1 0.7834808853461075 0.03238958163127118 0.05154256784239593 0.06477916326254236
1 0.10986192164215458 0.1505679404740204 0.07505531094499088 0.12271330290255769
2 0.3973354296712133 0.5725495455613455 0.020551517412854547 0.035029764427970275
2 0.38771476820582407 0.5775644277753307 0.023758404567984302 0.03670139183263199