4 0.19759977555345493 0.25770851458147637 0.061320359565509894 0.12815374373179383
4 0.25388847636710904 0.4535809557268454 0.049072665083433886 0.10283549498543501
4 0.22138583559393465 0.3543478338609486 0.056721390773174375 0.09993781551854841
4 0.15823738240543136 0.31038723370266397 0.062139231116807414 0.14377874373179383
4 0.1768202860689045 0.32262882092882483 0.06427494120271567 0.15476170783841656
2 0.10702568520982188 0.21138979255729487 0.07710913387576941 0.13173338479802066
2 0.03796474672063965 0.12903428213245363 0.05170634215265537 0.09355142319868044
2 0.40485451209732926 0.5508005996960661 0.019398453188503285 0.04268760517284953
2 0.4149255529159321 0.5643546343358021 0.019070904567984215 0.03643760517284953
1 0.34843301447217845 0.39704746239076305 0.03690685775648763 0.07907974623907625
2 0.06538706184950205 0.1462134219450392 0.047844357756487585 0.0793979949854351
2 0.01629778663473139 0.11748301669304743 0.023587986205190075 0.06309103338609487
1 0.7868669934412793 0.27875473277822715 0.03542624491161739 0.08059678213245362
1 0.23747782507848508 0.28929113519373206 0.05771068068726617 0.08904577962517113
2 0.45011610244096223 0.5958008626281899 0.017426517412854635 0.03482964106622681
2 0.4356032230877487 0.5867979356685857 0.020633404567984216 0.036483069279472244
1 0.8004691480092635 0.31503321357789726 0.033044873360319825 0.0649263180258309
1 0.3666850474888652 0.4178600675636125 0.029510437584671045 0.05702288981258565
1 0.2480711663266293 0.3574644736735341 0.048581342152655346 0.093460494985435