4 0.7674298781030862 0.7858656774816305 0.03519316000954511 0.07151290145127867
2 0.8777048541135857 0.8670288866447905 0.03339430267345413 0.05114583774894825
2 0.9147417774506309 0.8956548836495657 0.03495680267345449 0.05120040145127902
2 0.7869151274267685 0.7154812556119317 0.028724984006999677 0.05254464664195542
2 0.7635594434277229 0.7216940500769689 0.019168170671545325 0.03659226442797028
2 0.7319185447564959 0.6870090260303516 0.023892033338636053 0.03988095553496276
2 0.7186191134229505 0.6849827345605395 0.027144302673454135 0.050927582939624474
2 0.7551651407542688 0.6714212315653145 0.02543635200509069 0.03837301923729371
2 0.628028834062679 0.4834623853788461 0.023855670671545325 0.036755955534962935
2 0.6182543920671333 0.5159202213136955 0.023892033338636053 0.03988095553496276
2 0.6505038180696786 0.5357887772114781 0.027035214672181597 0.04155258293962447
2 0.6569901754057694 0.5563195320208014 0.02538180800445424 0.0336855192372937
4 0.6910748214114963 0.5996801516209149 0.03837270401018138 0.07630952885594056
4 0.6746776620782692 0.5998884827464408 0.030342028007635947 0.05728671034428636
2 0.6050004140674514 0.5178001798438832 0.023837489337999784 0.035193455534962934
2 0.5587521227323152 0.502909300625123 0.019149989337999784 0.035029764427970275
2 0.576757235399406 0.5066617832019278 0.02074885200509069 0.03820932813030105
4 0.5562078307208612 0.41847973692279206 0.0304329346753633 0.06509921034428631
2 0.5447612533815887 0.37434779100647614 0.020621582670272608 0.027271828130301136
2 0.5324430667170431 0.38953628138782925 0.027035214672181597 0.04155258293962456
2 0.5187981900461343 0.357822489918017 0.02067612667090888 0.03195932813030113
2 0.4973499040419981 0.32661712993655045 0.020657945337363516 0.030396828130301135
4 0.44676810136854384 0.2748710914619631 0.023946577339272503 0.044568455534962845
4 0.46822602538190683 0.3740179195922642 0.028797709341181487 0.05879464664195542
1 0.4220157387412238 0.5637326948200077 0.025490896005727137 0.043060519237293704
2 0.45590203210531327 0.7913864688666248 0.03186816534054522 0.05421627404661713
2 0.44609977076699536 0.7543403366526397 0.02387385200509069 0.038318455534962936
2 0.44270205076381364 0.7307937092479779 0.028506808004454244 0.03379464664195542
2 0.43694239942708657 0.7056027362898198 0.025399989337999786 0.035248019237293704
2 0.43278161075745036 0.6835913270339928 0.028524989337999785 0.03535714664195542
2 0.10781961545190363 0.8768477313956785 0.027144302673454225 0.050927582939624474
2 0.11233439278322191 0.862167672502671 0.03023294000636336 0.047911710344286006
2 0.12032815877622223 0.8109052728654907 0.03030566534054513 0.054161710344286365
2 0.13393557809513199 0.705173628037634 0.026980670671545238 0.03686508293962447
2 0.11031626475967753 0.6887301725026711 0.02552725867281791 0.04618551923729371
2 0.13116456675681404 0.6683730324841376 0.02381930800445433 0.03363095553496294
2 0.15058672875554135 0.6596800787632733 0.028688621339908772 0.04941964664195542
2 0.12973787941595075 0.6128770006329722 0.025418170671545236 0.036810519237293705
2 0.15708162941595075 0.6138318654237622 0.03661020934118144 0.05906746515360979
2 0.162050392743451 0.5710540883819201 0.02387385200509069 0.038318455534962936
2 0.16847256806967864 0.518955875042409 0.02231135200509069 0.03826389183263199
2 0.13205381007317846 0.5434548780376339 0.022365896005727005 0.04295139183263199
2 0.14590722473740586 0.5259772013586115 0.03330339600572705 0.043333337748947896
2 0.1123600227561777 0.6630307680561673 0.027071577339272457 0.04467758293962447
1 0.24288386409926818 0.7394345553496284 0.031959072008272395 0.06202877404661713
1 0.2732889794318591 0.73502979754508 0.03668293467536321 0.06531746515360978
1 0.29280204809831367 0.7341493438242158 0.03521134134309047 0.07307540145127885
1 0.3138594354312228 0.7317609538056823 0.038336341343090476 0.07318452885594055
1 0.3935207581158129 0.8665203889222252 0.036773841343090474 0.07312996515360978
1 0.4265968874522218 0.890322476671173 0.04002611067790855 0.08417659255827133
1 0.40544859345158546 0.8848983666897066 0.03842724801081765 0.08099702885594055
4 0.569783266112313 0.8469048372856118 0.04643974267981754 0.09845734736759475
1 0.5278021147358151 0.5275992765785059 0.030287484006999675 0.052599210344286364
4 0.6406748320734966 0.5635591131463275 0.031922709341181486 0.05890377404661713
1 0.19859970412949404 0.9599776899258663 0.03842724801081769 0.08004462014826749
1 0.21266220412949405 0.9609449676006804 0.03515679734245412 0.06838790145127867
1 0.24457253874917803 0.61610618275429 0.023946577339272503 0.044568455534962935
1 0.2757134507479054 0.6078224568009072 0.028779528007636036 0.05723214664195542
1 0.32886517540576937 0.5448611545313218 0.02400112133990877 0.04925595553496276
1 0.3389850627386785 0.5420908185964723 0.027144302673454225 0.050927582939624474
1 0.2442361840785873 0.58719993275429 0.02556362133990877 0.0493105192372937
1 0.24553505474217835 0.5645982464566209 0.027107940006363407 0.04780258293962447
1 0.22860209341181462 0.5858730457309815 0.0223840773392725 0.04451389183263199
1 0.23213617341658707 0.6211384231356432 0.030342028007636034 0.05728671034428636
2 0.8568832767743132 0.8225695585144892 0.030251121339908593 0.04947421034428636
2 0.8218537487666773 0.7651191570632105 0.028634077339272323 0.04473214664195542
2 0.7943190947644501 0.7477580422724205 0.03497498400699968 0.05276290145127884
2 0.8387150794477675 0.871914794086519 0.02538180800445424 0.0336855192372937
2 0.8590366701145402 0.8734053722168202 0.025545440006363405 0.0477480192372937
3 0.8148866807765405 0.8375025885515562 0.030142033338636055 0.040099210344286006
2 0.7419838880887687 0.6795511900955022 0.023892033338636053 0.03988095553496294
1 0.42953098344999463 0.8740253540758349 0.03690111067790856 0.08406746515360979
1 0.2640856074156326 0.6152257290334259 0.023982940006363317 0.04769345553496294
1 0.44126791478354005 0.8759970818433163 0.04006247334499946 0.08730159255827133