4 0.3125 0.8619610182361113 0.0578125 0.12790810087368065
4 0.27734375 0.6884864974345488 0.046875 0.10265352773541672
4 0.290625 0.7661393719595836 0.0546875 0.09971036569131968
4 0.25234375 0.8285296159756598 0.059375 0.14356946846486104
4 0.26328125 0.810815439113924 0.0609375 0.15454333605604162
2 0.25 0.934903963098073 0.0734375 0.13019207380385395
2 0.37109375 0.5226998029053822 0.01875 0.04262391109416672
2 0.37421875 0.5063662880877434 0.01875 0.036373911094166544
1 0.86953125 0.6428948144919799 0.0390625 0.08059668977951392
1 0.38359375 0.7643969936348267 0.0453125 0.10417966014423605
2 0.23984375 0.9845587975870487 0.0453125 0.030882404825902654
1 0.4125 0.393194794071667 0.0171875 0.03321254350298615
1 0.4046875 0.4273879561157642 0.01875 0.03481141109416672
1 0.39609375 0.4139066843642712 0.0171875 0.036337543502986056
1 0.9015625 0.6967653501111813 0.040625 0.08532055737069441
1 0.3515625 0.9058389580156252 0.0484375 0.11831489532659703
2 0.39296875 0.46539644918191014 0.0171875 0.034775043502986235
2 0.38359375 0.47924074363482666 0.01875 0.036373911094166544