4 0.2763045747085498 0.7894808225920943 0.046830223654998185 0.1456334045679844
4 0.2833796784381718 0.5930219024202777 0.0372650468904336 0.10155585594746519
4 0.27973538279713817 0.6794916689286211 0.047847349379944504 0.09744156603337348
4 0.22889585582743638 0.7331389693581624 0.04659342531467221 0.14250840456798422
4 0.24345526329596917 0.7182575978068648 0.04742221950581334 0.1534459045679842
2 0.19921020105819598 0.8382292610812765 0.06619553029369403 0.13419793758467113
2 0.15824350417240682 0.929008069312734 0.04112375269929238 0.09086401741285428
1 0.3889910610115953 0.620429850181714 0.035820946060596624 0.1030364687923356
1 0.3182417757435238 0.6908076272055071 0.03854412697434615 0.13897396879233562
2 0.4065901902610265 0.46969618781181366 0.015696777594401645 0.04284259724103805
2 0.4167697510489072 0.44876953414834053 0.016667281743586494 0.035111984396167806
1 0.44857493548714167 0.38200143600279135 0.014631185062934371 0.028780097241038048
1 0.9667887873658859 0.8238858050676982 0.04626153859206354 0.11759029172311405
1 0.4419231164008913 0.4184302589335699 0.012831886722608488 0.025573210085908293
1 0.46577409088108207 0.3709034837187993 0.011032588382282427 0.02236632293077854
1 0.33153837159898336 0.8869832643606369 0.042639631123530995 0.1314071302577247
1 0.30944988404653795 0.8646102973773235 0.03522895020978147 0.09522396879233526
1 0.29326969960830346 0.9305595239715754 0.05206125269929238 0.09143722749876275
2 0.18098226454536903 0.9082075684082227 0.03849566016782515 0.0767196302577247