4 0.1805219866594753 0.8071739975841041 0.04396908525525038 0.12649859818322887
4 0.18772141225835876 0.6398589518264695 0.02852114767057934 0.06922823212215264
4 0.19110868385508478 0.7099641577358249 0.04562011646291486 0.09862868969849785
4 0.13375985131336784 0.7562813062186161 0.0433073439616777 0.14355855242559432
4 0.1501218357095356 0.7434942637949615 0.04388055404758591 0.15449605242559433
2 0.09632404907480424 0.8567916181871083 0.05967597241038016 0.12933655575957417
2 0.03857242480997326 0.9407363124275339 0.040605067842395856 0.09199605242559414
2 0.3468584741078608 0.5076996403170193 0.01471095318850324 0.043207866061076315
2 0.35540795850402856 0.49427486910519214 0.015864017412854547 0.03552291181871077
1 0.3683340044110141 0.5620203495603547 0.027449970601357877 0.07847568636451818
2 0.06381476424909516 0.9231820216708693 0.0367430834462281 0.07767846091032524
2 0.01305502318063539 0.9526305345477469 0.02611004636127078 0.061543277879787084
1 0.7350877351891373 0.6751249669985568 0.023424211894930557 0.061033094849248924
1 0.2524865971294964 0.6616221236471199 0.038128521030899164 0.1338009151526908
2 0.3868969759168831 0.4623232385002483 0.014219630257724792 0.033832866061076314
2 0.3730834594085397 0.4713953495603548 0.015864017412854547 0.03552291181871077
1 0.722004559024427 0.6403195323010287 0.02515048620519007 0.06428564060688338
0 0.3260735040723298 0.7845332072864812 0.042003793532136326 0.08899859818322894
1 0.35048808514370877 0.5582098233475575 0.02671298620519007 0.06441318636451818
4 0.3504404975136092 0.5291760275899231 0.022516809135968607 0.07340554909161448
0 0.5788432999793154 0.8718569615385452 0.03164614767057934 0.06948332363742153
0 0.49575631953987653 0.555945305928752 0.02605788896415202 0.05191318636451818