4 0.33372317288373665 0.8503935113991663 0.06158415665497756 0.12794446846486104
4 0.280941271910802 0.6921822743169442 0.03713753571381497 0.06958645459715278
4 0.3086219870077659 0.7556265252668748 0.057968232953871456 0.09974673328249999
4 0.2722402021047299 0.8205618474552082 0.063419392044481 0.1436058360560417
4 0.2828640564068009 0.8023385243169443 0.06673530681713338 0.15461607123840287
2 0.2725595762923033 0.9284107150463885 0.07729097727182861 0.1329956443766669
2 0.3801076546230874 0.5077689470946177 0.02104888555165916 0.042660278685347205
2 0.3829462824641088 0.4912899619122566 0.01937729139585782 0.036373911094166544
1 0.42224060754518666 0.5036620221327427 0.03225912094116268 0.05853985182361114
2 0.2656198295387142 0.9785925530022915 0.047420470779006865 0.032341027735416715
1 0.7688565089251584 0.4807446668906591 0.027353432629559825 0.04593074905006951
1 0.3487776083559656 0.6382383503049998 0.055252336038126515 0.12311149810013902
2 0.40019228368192483 0.4494654846136802 0.017787517856907444 0.034775043502986235
2 0.3910491087630027 0.46296494016076356 0.02093979139585782 0.03641027868534721
1 0.7515599147693571 0.47489471039364517 0.029161394480112967 0.06002961664125017
0 0.4459328465848428 0.8759182286297567 0.05470686525911965 0.09186149810013902
1 0.4083962958567894 0.5164893304533678 0.027653441558013546 0.0631182490500695
0 0.7772373936627435 0.8713332992994787 0.05775004464226861 0.08724673328250035
0 0.5378616534052714 0.5455202541809718 0.03535684740221221 0.05705008700597229
1 0.4071571241842782 0.5798251318401386 0.040589818181219074 0.08840918977951392
1 0.4347556132239342 0.951990419359201 0.06227390340856651 0.07798083605604163
4 0.4739861140380084 0.6024982592149649 0.04415119480442442 0.11348192496187508
0 0.48824130316039005 0.7475380022811107 0.05457049756436803 0.08404899810013902