4 0.2006228786628285 0.8305540987749532 0.035432697809286665 0.14648402073518518
4 0.22353885609728633 0.6351828101793051 0.02942673871722894 0.10076141762490742
4 0.2132030981797275 0.7212180549955087 0.04022784639736088 0.09703082488222207
4 0.1593363006078677 0.7689823202640736 0.0352963054894186 0.14179652073518517
4 0.17539320962078317 0.7555055806316663 0.0356145542357774 0.1527340207351852
2 0.12269645546414806 0.8707307479737498 0.05533602084968252 0.13419863421305536
2 0.08494875138665524 0.9546088790292592 0.05263691818411551 0.0907822419414817
1 0.32475436361913373 0.709830078605416 0.024830166930474285 0.10347631451462966
1 0.2752053415158099 0.8245473980210178 0.038375841382795886 0.1405074228087037
2 0.35353389614729874 0.5282868441568048 0.012165030878812377 0.04314440725731483
2 0.36671585774663895 0.505942952450879 0.013500210345698972 0.035468608294073965
1 0.39772181683869673 0.4632277721493048 0.011755853919208192 0.029081907257314833
1 0.9040768361055335 0.9645602529928926 0.0377393438900782 0.07087949401421482