4 0.22257550344036994 0.2371376018076372 0.05624858294074046 0.12631845909205772
4 0.25683150918981407 0.3971036351937321 0.03556564458064804 0.0680513180258309
4 0.2427697177194438 0.3343535826073073 0.05535046427907382 0.09823892319868044
4 0.18163743661666615 0.2858191427155795 0.057752294345092325 0.1435059590920577
4 0.1992056454291198 0.29957776583511764 0.06013500056564784 0.15292642319868044
2 0.13382607026407373 0.18468254005001244 0.07214698501425901 0.12989810015828457
2 0.06700086376069427 0.09779865399835055 0.05011616013203686 0.09185253087881237
2 0.42069710249814707 0.5421386535361321 0.019315927992499836 0.04264214106622681
2 0.4305211618289804 0.5564512061225569 0.01863242280870363 0.03482964106622681
1 0.3807570247412029 0.42408733551030126 0.03496005183796278 0.07894335391920823
2 0.0935729256834257 0.11649482970431344 0.045760850801203554 0.07769910266556704
2 0.03856350546662021 0.08450303213245362 0.036581340433611 0.06184678213245363
1 0.8137172047599531 0.3314849276845199 0.028768840433610877 0.06161946159934022
1 0.2700745114988883 0.3257969365265156 0.05312358294074047 0.12622753087881247
2 0.4645735330825452 0.5893917382550106 0.01706992280870363 0.0347841769596041
2 0.45047207686198965 0.5796302933487177 0.01876912384546294 0.03639214106622681
1 0.805377024458379 0.3608541789381612 0.032167242507129504 0.06483538981258556