4 0.8183246190568495 0.7268049454350182 0.04044332973421945 0.07135817445232177
2 0.9317245874400168 0.7986451900247419 0.037579145588778576 0.05100021034569906
2 0.9716579750092308 0.8233125694124862 0.037579145588778576 0.05100021034569906
2 0.82866253932263 0.6560605364221027 0.03299177513842757 0.052426318025830906
2 0.8057256870708767 0.6645549980214429 0.0226154796419344 0.03652853338609478
2 0.7715917165282409 0.6326745122072079 0.027503238741233105 0.03978992570596276
2 0.7582604017534162 0.6322797071135007 0.029666516039128864 0.04921038981258548
2 0.7939277914820984 0.6148050506078677 0.02740310919158375 0.038227425705962936
2 0.650431708047251 0.4397405176174843 0.0273029796419344 0.036664925705962935
2 0.6439406785898868 0.47280307020390905 0.027503238741233105 0.03978992570596276
2 0.6770733536360293 0.4890585560181441 0.030728368290882456 0.04144335391920819
2 0.6862376025562952 0.5099249854850306 0.027102720542635694 0.03353992570596294
4 0.7232159708471775 0.5495497751393316 0.04543121838316751 0.07618206677218957
4 0.7069098503968269 0.5515896482588698 0.03485466378737563 0.05715928213245362
2 0.6308096229143608 0.4755332651102018 0.02720285009228505 0.035102425705962934
2 0.5832337160668155 0.46595968830888224 0.022415220542635693 0.03340353338609496
2 0.6013526603912895 0.4677806010827214 0.02427810919158375 0.038136497492717504
4 0.5739204703857522 0.38169834857543894 0.036817681985972864 0.06345474623907635
2 0.5586168429955712 0.3383120614284204 0.023677331893687814 0.028761497492717503
2 0.5479494532668892 0.3550592922280905 0.030828497840531634 0.04300585391920819
2 0.5311531770487272 0.3250224512410059 0.023877590992986343 0.031886497492717505
2 0.5073256508305656 0.29519019873372343 0.02377746144333699 0.030323997492717504
4 0.45187788479143665 0.2482757463055833 0.027803627390180986 0.044477425705962935
4 0.48001098164451916 0.3452954988128658 0.036517293337024984 0.058767246239076344
1 0.4540759446290158 0.5268553873718101 0.036617422886674335 0.060329746239076346
2 0.5068457009505373 0.7640454988128658 0.03621690468807692 0.05407974623907634
2 0.49355515653377824 0.7276449975592245 0.02740310919158375 0.038227425705962936
2 0.4881469632890384 0.7043211578257813 0.030327850092285048 0.03519335391920819
2 0.48034495526947396 0.680284264252272 0.028765350092285046 0.03514788981258547
2 0.4734743915743834 0.6585683886254514 0.0319904796419344 0.036801318025830906
2 0.46398757248062206 0.7425940476383668 0.027603368290882457 0.04135242570596294
2 0.1678110842008144 0.8842720484297896 0.03132914558877831 0.05081835391920819
2 0.1707160387043212 0.868533388163233 0.03435401603912895 0.04934678213245362
2 0.1744430135658936 0.816766299683431 0.03465440468807692 0.05403428213245363
2 0.17935295418973976 0.7101753188837607 0.0304279796419344 0.036755853919208194
2 0.15418297346807122 0.6960362625364123 0.029466256939830338 0.046085389812585476
2 0.17309365977298072 0.6735702291503174 0.025640350092285047 0.03505696159934022
2 0.19119281770026011 0.6628684098708453 0.03279151603912896 0.04930131802583091
2 0.1664140607604298 0.6181924073635627 0.0288654796419344 0.036710389812585474
2 0.19370774598560514 0.6166155354976659 0.04120479333702489 0.058903638558944496
2 0.19481036859542417 0.5727518752311093 0.025840609191583753 0.03818196159934022
2 0.1969247786821719 0.5202490008579298 0.025840609191583663 0.03818196159934022
2 0.16273954580103503 0.5486384253102515 0.026140997840531678 0.04286946159934022
2 0.17481924120524317 0.5295019804039587 0.03551599784053168 0.043142246239076344
2 0.15331208589885742 0.6702322804831009 0.030928627390180985 0.044568353919208194
1 0.29157235193798636 0.7147371352602391 0.042005829734219444 0.07140363855894431
1 0.31534051896456444 0.7070011916075876 0.03974242288667416 0.06042067445232178
1 0.3360337507659671 0.7001374261681813 0.042306218383167414 0.07609113855894431
1 0.35526461211701915 0.6948816248353978 0.043668459283868796 0.07301160266556703
1 0.44013786473791283 0.8223413836108865 0.0421059592838688 0.0729661385589444
1 0.47069625230712664 0.8472815476383669 0.04583173658176474 0.08243206677218992
1 0.4570144841085293 0.8414179925446597 0.04406897748246621 0.07926160266556721
4 0.5164281454318947 0.40059075257378945 0.029466256939830338 0.046085389812585656
4 0.6239621522148415 0.8083828690294099 0.05454540252860855 0.09672188730530315
1 0.5476163911129581 0.48421559481451526 0.03465440468807692 0.05403428213245363
1 0.26428436843854064 0.93625443408574 0.04573160703211539 0.08086956677218993
1 0.2755525354651187 0.9288822032860701 0.04180557063492074 0.06827863855894449
1 0.27395645048911194 0.5986264019532864 0.027803627390180986 0.04447742570596276
1 0.30788086751569 0.5905949416075875 0.03329216378737563 0.05711381802583091
1 0.3645628616555938 0.5224155914493029 0.030167163787375627 0.05702288981258565
1 0.37383773210594456 0.5205803068095668 0.03485466378737563 0.05715928213245362
1 0.27772299814507345 0.5719047775801072 0.029666516039128954 0.04921038981258548
1 0.2808084253506843 0.5467683852602391 0.02770349784053163 0.042914925705962934
1 0.2657038594961255 0.5675582583797772 0.026241127390180984 0.04443196159934022
1 0.2664641255352545 0.6160639545397112 0.03485466378737563 0.05715928213245362
2 0.907827210049836 0.7555089554641481 0.03435401603912922 0.04934678213245362
2 0.8676039258121098 0.7018898619697811 0.03249112739018116 0.044613818025830906
2 0.838527695090441 0.6878644658889893 0.03924177513842757 0.0526081744523216
2 0.8938939204134388 0.8067903106369976 0.028665220542635695 0.03358538981258548
2 0.9142064204134389 0.8061992772509028 0.029566386489479866 0.04764788981258548
3 0.8667911998708032 0.7747052363429605 0.03375323874123311 0.03997178213245363
2 0.7804160040051696 0.6238079775674719 0.027503238741233105 0.03978992570596294
1 0.48036234653931553 0.8149093168386967 0.04593186613141391 0.08399456677218957
1 0.2999379595884106 0.6010012441940122 0.02800388648947969 0.04760242570596294
4 0.6506400639996323 0.540703624043975 0.03515505243632351 0.06184678213245363