4 0.3445090449831481 0.10844024907714936 0.06792381908544902 0.13086807063492084
4 0.2947322796614459 0.28435070944075225 0.05527837334017516 0.10506703423772627
4 0.3153624213483853 0.20331146052048643 0.06308178298109554 0.10400518198597286
4 0.28216358108750156 0.1390079310631222 0.07113063231716561 0.14513082973421945
4 0.291647665396457 0.15715715376522627 0.07431926483072289 0.15626858883351807
2 0.28861304810640603 0.04912101557770363 0.08347609621281205 0.09824203115540726
2 0.3754197191602038 0.45111910240863684 0.022120439695149673 0.04358931369509058
2 0.3778589179305398 0.467375158084163 0.02208407825883123 0.03733931369509058
1 0.4015680869412341 0.2438980852897738 0.041079517953980904 0.08072836829088229
1 0.40751966773414805 0.5952102614156505 0.02051248789975162 0.03567668414544123
1 0.4026321798343965 0.5611356500645984 0.02051248789975162 0.03567668414544123
1 0.39251229127071496 0.568036492137319 0.02052157825883123 0.03723918414544123
1 0.8750151981811609 0.3495463965208542 0.034756795081344195 0.06782785009228505
1 0.3805556292921035 0.12488726943521496 0.061628367290050966 0.1226550524363235
2 0.39294810762568944 0.5086114273624943 0.02051248789975162 0.03567668414544123
2 0.3842725443939729 0.4950996398855656 0.02208407825883114 0.03733931369509058
1 0.8782720083878152 0.37200238742155556 0.036310204722264317 0.0663654796419344
1 0.4001373971478885 0.26665446483942307 0.033148843285945875 0.05991522054263569