4 0.296875 0.1652955466263655 0.046875 0.09898294000636336
4 0.2734375 0.32259951662954717 0.04375 0.1020715773392725
4 0.28125 0.24516485996181997 0.0515625 0.09903748400699967
4 0.24140625 0.18312848396722878 0.0546875 0.1428238466740906
4 0.253125 0.20096087396563794 0.05625 0.15377952800763603
2 0.23046875 0.0793495033020469 0.0640625 0.13824543467536324
2 0.2046875 0.011445482654364203 0.046875 0.022890965308728407
1 0.36640625 0.39183022728359324 0.034375 0.08477498933799979
2 0.3734375 0.4784671612826387 0.0171875 0.042387494668999895
2 0.37421875 0.5026768206158659 0.0171875 0.03613749466899989
1 0.88046875 0.32022356854714185 0.0421875 0.08799089600572696
1 0.37265625 0.1706637519494114 0.0578125 0.15223520934118148
1 0.353125 0.1810472686187295 0.05 0.1380818026734542
1 0.34296875 0.12335294728677486 0.04375 0.07394657733927246
2 0.2234375 0.020702303986318813 0.04375 0.041404607972637626
1 0.40546875 0.6007506939449571 0.015625 0.03299431333545453
1 0.4109375 0.568655809277548 0.0171875 0.034574994668999895
1 0.39921875 0.5828546692791388 0.015625 0.03611931333545435
1 0.9515625 0.2483025678708241 0.046875 0.09898294000636332
1 0.33671875 0.04430288864577368 0.0578125 0.08860577729154737
2 0.3953125 0.5399313726130025 0.015625 0.03455681333545435
2 0.384375 0.5299023919478205 0.01875 0.036155676002545434
1 0.36484375 0.04960800664386469 0.0578125 0.09921601328772937
0 0.4078125 0.04780005864100118 0.059375 0.09560011728200236