4 0.3025548105506417 0.832835371267653 0.05928518801718106 0.13060514381548421
4 0.2692257845719589 0.678262485750042 0.036737478675999566 0.07126299480421991
4 0.2817888718969138 0.7390525202789172 0.055832924013363 0.1022616225281606
4 0.2427712778883233 0.8050106560486299 0.0610295013526355 0.14633940445914595
4 0.25391786322409593 0.7862770815429976 0.06271927068745357 0.15738616510280767
2 0.2391730158736876 0.9129870470141224 0.07496473201781732 0.13638525025210163
2 0.3651120912635487 0.48811309713033796 0.01924089600572696 0.04349862772394068
2 0.36842799526577585 0.47148832584301453 0.019168170671545238 0.037248627723940685
1 0.38281666458468555 0.5766457194063971 0.036846566677272284 0.08063799480421992
2 0.22841678186668796 0.9652597411979237 0.04573067067154524 0.039106058666190435
1 0.8051552885900944 0.5073015956177287 0.030396572008272216 0.06301345222957302
1 0.3251212485678227 0.7047978525782195 0.053017006683635605 0.12860560124083734
2 0.38765980060473015 0.4287709481190737 0.017587489337999786 0.03557686708027905
2 0.3781211686028211 0.443489011981044 0.019168170671545238 0.037248627723940685
1 0.7748774425923216 0.4930259281691325 0.0335579346753633 0.06635697351689647
0 0.4492223672422314 0.6391350117289425 0.03989884134309048 0.07460651609154337
1 0.3640575739179129 0.578738097130338 0.03355793467536321 0.06635697351689629
4 0.3758041432606852 0.5084420226247058 0.030523841343090476 0.07395095222957301
4 0.30632579523395914 0.7100152303021604 0.05299882535009015 0.12704310124083734