4 0.1664780725183695 0.7664566240300074 0.054419659888799286 0.12859984387822046
4 0.2068550797747636 0.595982297946284 0.044171640651505605 0.10321784190105418
4 0.18548602206288256 0.6702182939919513 0.05338294954451306 0.09891234387822045
4 0.12455595654645317 0.7123301981365644 0.054965296912107865 0.14422484387822046
4 0.14217996616510004 0.7005305350947028 0.05690974282842385 0.155226010874415
2 0.07596963440660182 0.8042338552469271 0.06412204210278445 0.13835684585538682
2 0.01887519129625164 0.8900957593915401 0.03775038259250328 0.0924713428896375
2 0.35846719819375067 0.4887175790866539 0.018660719962933038 0.04288783695813834
2 0.36863337187754813 0.4664433310638203 0.018387901451278842 0.03507533695813834
1 0.7727826362207003 0.7895969185534313 0.040282748818873594 0.08121550790866543
1 0.2649627017371297 0.7243102277940596 0.04104664065150558 0.10309050790866543
1 0.2548337335882952 0.723115142318796 0.03674108656782167 0.11383700692008229
1 0.21987589103002375 0.7608088019006166 0.032941474772256465 0.04971083992388792
2 0.039893235950547876 0.8739587648287476 0.04335318511654279 0.07978034190105418
2 0.0012238998264393658 0.9006685034600412 0.0024477996528787316 0.062274506920082476
1 0.44197415735691054 0.3825895958925679 0.016770837748947897 0.033449169961943956
1 0.42757435145912803 0.4140796764249156 0.0183333377489479 0.033512836958138295
1 0.4243501477382637 0.3943892589344296 0.015317465153609789 0.03651050296574958
1 0.7915475051878416 0.8795507565001527 0.047187513246844046 0.10022017589344294
1 0.17942945110415756 0.8436557939919513 0.04471727767481424 0.11884284190105418
2 0.4025371459241652 0.4365303379839025 0.016825401451278844 0.035011669961943784
2 0.3881745455613455 0.444551085018153 0.0184424651536097 0.03663783695813834
1 0.20601923295532298 0.8439568829272559 0.04121033175849824 0.10777800790866543
0 0.1802528519224642 0.9320962114824372 0.05272818511654283 0.08016234387822045