4 0.2638937887925564 0.18491043028792983 0.0547844336130419 0.1279037569398303
4 0.2209931259254389 0.3470204040697681 0.034778664317010044 0.06908996144333716
4 0.2448342902424489 0.2810344586655599 0.05421574855010754 0.09987888648947969
4 0.2040209587086439 0.2187557017257296 0.05608682448483522 0.14509125693983033
4 0.2159998178368506 0.23679430289774883 0.05835971950581333 0.15456638648947968
2 0.198850051864811 0.11087335055371039 0.07064623195336797 0.13203005243632351
2 0.16775526244755462 0.03430155613695134 0.04573947510489074 0.049578497840531664
2 0.33242476554783235 0.5237307032668891 0.018821777594401644 0.04318879549649317
2 0.33592827384620205 0.5396560919158371 0.01822978174358649 0.03537629549649317
1 0.3763873304848979 0.5548095249815441 0.02613737012586892 0.05765181369509058
2 0.1859132665967395 0.0433156107327432 0.043798466806520955 0.06500323874123302
2 0.1448389033193479 0.015562048117386864 0.0321971933613042 0.014502590992986425
1 0.6994230113986475 0.5393985826596548 0.025190176764564677 0.04515181369509058
4 0.2926779491608743 0.3955766224529355 0.049741736102552815 0.12291586829088237
2 0.3564057945921265 0.5802205351605769 0.016667281743586494 0.03527616594684382
2 0.3456342379534307 0.5669695635382069 0.018348180913749523 0.03693879549649317
1 0.7016716730163651 0.5615239065337783 0.02949916846619498 0.06097707279438911
1 0.361354326335713 0.5459957294850508 0.025048466806520953 0.06380168414544123
0 0.4887008441818524 0.3987178161591006 0.0451008576783142 0.08219073874123302
1 0.38262047800467575 0.1721076465116289 0.05490283278320494 0.12946625693983033
4 0.44627562322614656 0.4509521421926923 0.03608105518880329 0.08627746144333699
0 0.4263355118228548 0.14429232957733595 0.05672544191141173 0.11247901603912895