4 0.2059643899802049 0.714236073412698 0.0691328595655099 0.13056768198597285
4 0.22635437584671067 0.5498836767441855 0.041103034825709095 0.07115310919158375
4 0.2260102170948549 0.6181027506183089 0.06297139077317437 0.10214229333702499
4 0.1647352023955338 0.6604392473791064 0.06995173111680746 0.14619268198597268
4 0.18213074230962553 0.6483502575581392 0.0735680540475859 0.1557679410852714
2 0.11730468170331891 0.7575435872923586 0.08344102103089916 0.13615634793281667
2 0.060338708727111875 0.8372298897286822 0.03764384215265535 0.0942902205426357
2 0.4033528878324983 0.42723101943521496 0.02252345318850324 0.04348918414544123
2 0.41285404059146025 0.41408017736249436 0.022195904567984214 0.03723918414544118
1 0.3931390841235966 0.5015696853820588 0.041594357756487545 0.08052810919158375
2 0.07678922433094411 0.8220659646825397 0.05261374491161734 0.08279151603912886
1 0.7634559854122205 0.6424521946382411 0.034443599050060315 0.06294009099298634
1 0.2869543611473896 0.584410068632336 0.05154256784239593 0.09206638648947969
2 0.4473585153766896 0.38443344772056 0.020551517412854638 0.03557655459579179
2 0.43288325757477353 0.3924159284422285 0.022195904567984214 0.03723918414544123
1 0.7610779358871904 0.6120335094130657 0.03773237336031983 0.06626535009228504
0 0.39911352442180115 0.6305260001568835 0.04603619629109827 0.07614099784053163
1 0.3769408740376884 0.49163348087855213 0.03773237336031983 0.06626535009228504
4 0.40445836442674993 0.44832476943521493 0.03657930913596861 0.0739777205426357
0 0.6020481739014028 0.7335346769010691 0.04430992198083885 0.07291586829088245