4 0.3473341734405724 0.11744104507714656 0.06839664772027047 0.1019867052052021
4 0.27965865351984054 0.27149848449733316 0.05745914772027048 0.10134966837349921
4 0.3126855636876657 0.19490589241807577 0.07320254689043351 0.10382222099021768
4 0.2881484275897573 0.1286662423898409 0.08721842531467221 0.14508425782192064
4 0.29532138754780096 0.14691571345064572 0.0910538203356503 0.15464126834526432
2 0.3021060290442942 0.046997555388728754 0.0926629419114117 0.09399511077745751
1 0.3638075879580751 0.3311549345820377 0.05866645020978147 0.09675317363517096
1 0.28773126264804727 0.288139952927302 0.0653900468904336 0.10336719468185844
2 0.3419307427273155 0.43509898193708435 0.028196777594401645 0.04364358418674961
2 0.3424985051748701 0.45839997404457655 0.026160680913749523 0.037302578925077864
1 0.88704325579957 0.33412541402946055 0.05975535352912935 0.09059417889684288
1 0.4310463226107354 0.11100976357770265 0.09261632033565026 0.15473227360693617
1 0.40874527012122447 0.10764183987194445 0.08217572780418311 0.14012374203690509
1 0.4049699973007076 0.06508261354946777 0.060489059337988135 0.07974768415851471
1 0.3406857062098442 0.5541752056287251 0.02279888257342346 0.03399556840173403
1 0.3575422421026156 0.5267481556428425 0.024479781743586494 0.03564907366340577
1 0.3496229983263929 0.5388764293203658 0.023035680913749523 0.037120568401734035
1 0.9699517667972322 0.256183153576704 0.01913035352912935 0.0882280420933748
1 0.41233405663869577 0.0013973580760344134 0.06595688672260844 0.0027947161520688268
2 0.3493395784103055 0.5015584398437095 0.024479781743586494 0.03564907366340577
2 0.34008297758046846 0.5005419714137407 0.026160680913749523 0.03730257892507769