4 0.44333963197194554 0.8724854105254858 0.0860344336130419 0.1267820119678472
4 0.3692481686899095 0.7106406803771178 0.07007754689043359 0.10145470364722228
4 0.3982504296875716 0.7835326665094093 0.0763275468904336 0.10160017401194459
4 0.3769566927598262 0.8536821655594788 0.09022502614450909 0.14091724715020854
4 0.3832892031327884 0.8339690776035761 0.09562292116548728 0.15040134992375015
2 0.39368409670387405 0.9401645262168052 0.0954327444009226 0.10672408510611113
2 0.4208312116316509 0.5341314253431246 0.028196777594401645 0.042769381458888846
2 0.4151489740792055 0.5107848443210761 0.0261606809137497 0.03648301386770836
1 0.9322306529183626 0.5386636568226729 0.05928175684847723 0.08248649810013901
1 0.49434417968757166 0.7812960596518053 0.06707094606059663 0.10294446846486113
1 0.48610562719806066 0.7861835814032982 0.06610044191141178 0.11072060087368066
1 0.48141904981344047 0.8379461031547913 0.0444137734452168 0.050945557370694415
1 0.42002388299763077 0.3995382197960413 0.024361382573423462 0.03332164627652778
1 0.4288786647412173 0.4337677494313191 0.02604228174358649 0.03492051386770836
1 0.4136913726246686 0.41925130775194414 0.024598180913749525 0.03644664627652787
1 0.9834745975174556 0.6011987179930894 0.03305080496508879 0.09992857123840296
1 0.5015674516828958 0.9282619786297566 0.07438653859206372 0.11715243882958362
2 0.4227712973146408 0.4667802711828122 0.024479781743586494 0.034884146276527875
2 0.4168648394311895 0.4817876753431247 0.026160680913749523 0.03648301386770836
1 0.5223768591514286 0.9136903323532287 0.06887024440092268 0.10610583605604162
0 0.5551194267877866 0.9739732157119787 0.0663120842330974 0.031178571238402952