4 0.2375 0.803125 0.03125 0.12265625
4 0.22734375 0.63671875 0.02109375 0.065625
4 0.2375 0.70546875 0.03515625 0.09296875
4 0.1859375 0.75859375 0.028125 0.1390625
4 0.20078125 0.74375 0.028125 0.15
2 0.159375 0.86328125 0.046875 0.1234375
2 0.1109375 0.9546875 0.03125 0.0875
2 0.37109375 0.484375 0.01015625 0.04140625
2 0.378125 0.46953125 0.01171875 0.03359375
1 0.41484375 0.47890625 0.01875 0.05546875
2 0.13359375 0.93359375 0.0296875 0.07421875
2 0.08515625 0.9703125 0.02421875 0.05859375
1 0.74375 0.56015625 0.01640625 0.0421875
4 0.30703125 0.60234375 0.02578125 0.11875
2 0.40546875 0.43359375 0.01015625 0.0328125
2 0.39296875 0.44453125 0.01171875 0.034375
1 0.73984375 0.53515625 0.01484375 0.05703125
0 0.32578125 0.89140625 0.03359375 0.084375
1 0.396875 0.48671875 0.0125 0.0609375
0 0.6703125 0.96015625 0.03828125 0.0796875
0 0.51015625 0.58515625 0.0234375 0.05625
1 0.3890625 0.5359375 0.01953125 0.05390625
1 0.30703125 0.92890625 0.0359375 0.1421875
4 0.44453125 0.58984375 0.0265625 0.1046875
0 0.41171875 0.78828125 0.034375 0.0953125