4 0.19193515070018027 0.23365446211693008 0.05303518801718101 0.13016810124083725
4 0.22190555605504292 0.3902815205310188 0.03361247867599957 0.07104447351689647
4 0.20945955271322517 0.3286009753584819 0.05114542401336306 0.10193384059717552
4 0.1495845660407254 0.2897841298176278 0.0532170013526355 0.14579310124083733
4 0.16690842604231623 0.30030101273734866 0.054906770687453574 0.15683986188449897
2 0.10390789202736236 0.1944605581619872 0.06869655068427191 0.1343857076774546
2 0.039672122016226524 0.1168543642302875 0.04638519867918124 0.0953560586661903
2 0.38203562873963304 0.5112228151993528 0.01767839600572696 0.04338936708027905
2 0.3915651700747693 0.5238485013373824 0.017587489337999786 0.035576867080279226
1 0.35912429272754265 0.423689964210617 0.03215906667727229 0.08031021287323466
2 0.06565336668522642 0.13223906360986887 0.04309656667727224 0.08107503737886686
2 0.01453576201463569 0.10688378452887526 0.02728975334181779 0.06435743094224948
1 0.7660817227084527 0.2544933058930733 0.027271572008272394 0.06279493094224949
1 0.2517652313812705 0.335807187979615 0.0498920066836356 0.12838707995351378
2 0.4255225467456782 0.552749397498655 0.016024989337999784 0.035467606436617415
2 0.41057879941117825 0.5451936236134415 0.017605670671545327 0.037139367080279054
1 0.7564436407144978 0.2997347500768746 0.0304329346753633 0.06613845222957301
0 0.40275556671704316 0.3432322858662576 0.036773841343090474 0.07438799480421991
1 0.3403833833943154 0.4257823419345579 0.03043293467536321 0.06613845222957297
4 0.38409756806967865 0.48684017423386017 0.027398841343090473 0.07373243094224939