4 0.16627973131086046 0.21312239802374933 0.07168157095872499 0.17879442182065047
4 0.21174845481717264 0.4057246151429924 0.045734140651505675 0.10500623545613248
4 0.19297366216623402 0.3410402328710586 0.055000013246843914 0.10264651000193972
4 0.13149301434315225 0.2946433360552573 0.0596527969121079 0.1466516015172088
4 0.14905253657567083 0.3048953098424601 0.06159724282842385 0.15771664727484325
2 0.08334074573883074 0.20119609605719696 0.07818454210278447 0.1419321506088231
2 0.036205340111200676 0.12324631030150208 0.06900794954451306 0.10223192182065048
1 0.2935738628918735 0.31568980438244837 0.042663704353836526 0.1063136439408634
1 0.2413169368458233 0.18362647453610886 0.061160733209776996 0.14521664727484324
2 0.3519245323145016 0.4963341554406151 0.018660719962933125 0.04359050333398003
2 0.36759417233303504 0.5160886749854525 0.0184424651536097 0.03734050333398002
1 0.39990567532825994 0.55006519119631 0.016661710344286186 0.030962957576345394