4 0.5403621230256539 0.1567337050716267 0.042827962657336016 0.07162202885594056
2 0.5893226091282068 0.0378125794810635 0.036979781743586494 0.03557540145127882
2 0.5955814966760077 0.20331109390903376 0.03359467261537965 0.052599210344286274
2 0.5715520008251926 0.21030513837407092 0.023035680913749523 0.03664682813030114
2 0.5641529753053833 0.25626247911824385 0.027959979254075583 0.0399355192372937
2 0.5532863302844053 0.2652828150530932 0.03179537427505359 0.04941964664195542
2 0.5923963744755464 0.2556821257601992 0.029404080083912553 0.03842758293962456
2 0.5856807427273155 0.4786930398253498 0.0277231809137497 0.036810519237293705
2 0.5606574319394347 0.4574529568857252 0.027959979254075763 0.0399355192372937
2 0.5773247136830213 0.4235690302067029 0.031203378424238613 0.04160714664195542
2 0.5710514028951407 0.40298371169504865 0.029048882573423463 0.03374008293962465
4 0.576698674265765 0.3491320253973795 0.04630816016782511 0.07641865626060226
4 0.5627070292447869 0.3580432339275672 0.03707487012586892 0.057395837748947985
2 0.5476838352587827 0.46326644726707833 0.027604781743586493 0.035248019237293704
2 0.5168356543450331 0.498221800625123 0.02279888257342364 0.033521828130301044
2 0.5293831985361743 0.4876935283926044 0.024716580083912552 0.03826389183263199
4 0.5599451916876971 0.5702257753973795 0.03754846680652087 0.0636458377489479
2 0.5747171640932954 0.6130407579741843 0.02400618506293455 0.028888891832631814
2 0.555600311188866 0.6068899616950486 0.03132177759440165 0.04316964664195542
2 0.5609264286154425 0.6399752802067029 0.02424298340326043 0.032013891832631994
2 0.5604285985315298 0.6775571257601992 0.02412458423309758 0.030451391832631812
4 0.5449443858741938 0.7475149616950486 0.028315176764564676 0.044623019237293705
4 0.5064281827646273 0.6459053324762885 0.027959979254075583 0.0399355192372937
2 0.26778561555247676 0.3218948804847046 0.03840057178554286 0.05432540145127884
2 0.2799653842238087 0.35756948565684776 0.027841580083912555 0.03837301923729371
2 0.29014494501168936 0.37829121342432914 0.03229228174358649 0.03541171034428627
2 0.299306457459244 0.40211065934064516 0.029167281743586494 0.035302582939624474
2 0.30714226824712465 0.4227505415546302 0.032410680913749525 0.036974210344286364
2 0.03766744998606684 0.567653780670039 0.030848180913749544 0.03691964664195542
2 0.026279664093295428 0.593888898456054 0.029996075934727695 0.04624008293962447
2 0.055671166167887864 0.5988318588003402 0.027604781743586538 0.035248019237293704
2 0.07706091409329544 0.5956622187818068 0.033357874275053746 0.04947421034428636
2 0.08426884023316017 0.6452629146981227 0.029285680913749546 0.03686508293962447
2 0.10816828151987193 0.6296478383819202 0.041880769296031906 0.059122028855940555
2 0.13626904811661142 0.6619618305773718 0.027841580083912555 0.03837301923729371
2 0.17020541761778038 0.699962827582147 0.026279080083912554 0.038318455534962936
2 0.12477451844761736 0.699942980214552 0.026634277594401644 0.043005955534962934
2 0.14617592176696526 0.706956872047184 0.03757177759440165 0.04338790145127867
2 0.041987174466257625 0.6140203491816933 0.031440176764564676 0.04473214664195542
2 0.010453462545478777 0.5553521881117677 0.020906925090957554 0.07318452885594055
1 0.09149303484386422 0.4465525961864684 0.038992567636357923 0.06213790145127884
1 0.1098761819394348 0.44171132876327335 0.04235436597668398 0.06537202885594055
1 0.13257997613057598 0.43153772059590534 0.04294636182749909 0.07318452885594055
1 0.15581656658745074 0.4143328624285373 0.04607136182749914 0.07329365626060227
1 0.1541151244755464 0.24037700725639413 0.044508861827499094 0.07323909255827132
1 0.17499630953848083 0.2129067716843644 0.04834425684847723 0.08272321996293312
1 0.16130066244291025 0.21791173021455212 0.04654495850815117 0.07954365626060227
4 0.4951956074545996 0.5977307273041452 0.023390878424238613 0.041334328130301044
4 0.3354485574638884 0.21459330117327716 0.057222349379944505 0.09705853847458738
1 0.4720559506107668 0.4896082032575281 0.03515717261537983 0.05265377404661713
4 0.5527866549697331 0.4062624791182438 0.03875576929603195 0.05901290145127884
1 0.17278781118886602 0.593521854623989 0.028315176764564676 0.044623019237293705
1 0.20957833878326765 0.5525074742241023 0.03551237012586883 0.05734127404661713
1 0.2689291053800072 0.5859127404661711 0.026515878424238616 0.04144345553496294
1 0.2747413974965559 0.5712326815731638 0.03418666846619498 0.060411710344286364
1 0.18986856741264332 0.6058680872007939 0.030232874275053768 0.04936508293962447
1 0.16047798795343068 0.5492262176006804 0.03551237012586883 0.05734127404661713
2 0.5973001298741312 0.07725702539737948 0.03492037427505377 0.04952877404661713
2 0.5985181651422027 0.1438815302067029 0.03456517676456468 0.04484127404661713
2 0.5838277804941867 0.17235127058805605 0.04140717261537983 0.052872028855940556
2 0.5541188149370656 0.04754967802978467 0.02904888257342364 0.03374008293962455
2 0.5703950103729623 0.039501565053093234 0.031084979254075586 0.040044646641955395
3 0.5526029365128269 0.08822924173211552 0.03420997925407558 0.04015377404661713
2 0.5766529753053834 0.2566989887368906 0.027959979254075583 0.0399355192372937
1 0.1982739858788382 0.546629496456621 0.030114475104890737 0.04780258293962447
1 0.19062130953848083 0.21345240870767296 0.05014355518880329 0.08590278366526398
1 0.17545179251753407 0.558365604623989 0.0303512734452168 0.050927582939624474
4 0.5044298201119357 0.5275546365599724 0.030588071785542858 0.05405258293962447
0 0.3054451006061224 0.6725694922802697 0.03132177759440165 0.04316964664195542
1 0.34015475517487015 0.49361860226173626 0.0353939709557058 0.05577877404661713