4 0.6297802582142635 0.8135610288401862 0.041677059093554195 0.07345662384546295
2 0.6786000086733055 0.9296747529212048 0.03730855242559432 0.038944922808703805
2 0.6814864083640447 0.7626143920352326 0.03389651000193972 0.05415981969842587
2 0.657411179575872 0.7568524075866214 0.02324605242559432 0.037714613477870175
2 0.6489610797256533 0.7111687606968993 0.0281886439408634 0.04124971658814811
2 0.638039555179846 0.7026823174358345 0.030516418486670638 0.05076141762490742
2 0.6771498526044706 0.7094893920352326 0.02806109818322895 0.03968721658814811
2 0.6652245821415492 0.4862863378881956 0.027933552425594144 0.038124716588147936
2 0.6403839498696154 0.509704005513103 0.0281886439408634 0.04124971658814811
2 0.6579699336587579 0.54199909566389 0.03144118969849785 0.04308561866166656
4 0.6593408571463983 0.6166279487741678 0.04674719636645772 0.0785542269557407
4 0.6445768554794085 0.6092645081050011 0.03584164727484325 0.05898402073518518
2 0.6281550168390773 0.5044792632887974 0.027806006667959692 0.03656221658814811
2 0.5946251686558485 0.46964493350560294 0.022990960910325244 0.03458961347787035
2 0.6089267847169249 0.4809829746931492 0.02493609818322895 0.039413814514629664
4 0.637450655319929 0.39665720136606597 0.037914330305381404 0.0653707217719444
2 0.6511944198637964 0.35296598996171413 0.024170823637421533 0.030038814514629662
2 0.6321095800155174 0.36014350292120484 0.0315687354561323 0.044648118661666555
2 0.6372436191051921 0.3266474977374086 0.02442591515269079 0.033163814514629575
2 0.6349637709219633 0.28907914721902894 0.02429836939505616 0.031601314514629664
4 0.6182867118284092 0.2197235544763437 0.02857128121376711 0.04593721658814809
4 0.5827156157712122 0.3141078329872233 0.03753169303247787 0.06068322177194441
1 0.4536974086539088 0.4300437742220378 0.03765923879011233 0.06224572177194436
2 0.35181527063209916 0.6663510040525006 0.03714905575957417 0.05599572177194432
2 0.36216296820650484 0.6292515452400469 0.028061098183228862 0.03968721658814811
2 0.3722236233572559 0.6079137874643525 0.03093100666795978 0.036835618661666555
2 0.3804666869927379 0.5835877307254173 0.02936850666795978 0.03669891762490742
2 0.3881835921434889 0.5624550245048618 0.03262105242559432 0.03853481969842587
2 0.33112026229714947 0.6248859654568524 0.028316189698497852 0.042812216588148114
2 0.05250144153466574 0.5178614432610649 0.024649055759574205 0.05490211347787035
2 0.11584672228939077 0.4359969971252779 0.03105855242559432 0.03839811866166656
2 0.10352219440960367 0.4103230538642131 0.030261326971401513 0.047636417624907425
2 0.13282705713670007 0.4030382341657872 0.02624350666795978 0.0364255155513888
2 0.15423967153078638 0.4050990201695373 0.03364141848667059 0.05103481969842587
2 0.16037823016529856 0.3549917134306021 0.029496052425594322 0.03826141762490742
2 0.1843099377416439 0.3686345483975929 0.042219193032477786 0.06109332488222217
2 0.21138274971013593 0.33400597869916704 0.02649859818322886 0.0395505155513888
2 0.24504040152690706 0.29329350433532453 0.02649859818322886 0.0395505155513888
2 0.1996641286480898 0.29647658440134295 0.02688123545613248 0.0442380155513888
2 0.22102894561755165 0.28831276988671334 0.03625623545613248 0.04505822177194441
2 0.11827034956035472 0.38857519297824095 0.03169628121376702 0.04621061866166656
1 0.218094619564234 0.48370318232782433 0.043239559093554106 0.07359332488222207
1 0.2408624398676758 0.49272686781319486 0.048309696366457724 0.07869092799249984
1 0.2602501686558485 0.49889895537208373 0.05194487939699588 0.08521433006601846
1 0.27769276017111755 0.5005202439677319 0.044929604851188645 0.07529252591898139
1 0.27451944699467756 0.6447876538169449 0.043367104851188644 0.07515582488222208
1 0.27625716123898264 0.6949927053720837 0.04725737939699588 0.0848042269557407
1 0.2863657427523121 0.6453248960412504 0.03169628121376693 0.04621061866166656
4 0.4215534279088821 0.7688321636188895 0.05621779121570665 0.09955023213953709
1 0.552724711079503 0.4575741604613436 0.035586555759574166 0.055859020735185186
1 0.06602142078188036 0.6449317911875463 0.033067333639361304 0.08201141762490742
1 0.07598635214542857 0.6416994844486112 0.04623701333591956 0.07230422695574071
1 0.26257833001551734 0.392473298114769 0.02857128121376702 0.04593721658814811
1 0.29360506047067997 0.4062822284163431 0.03427914727484325 0.05884731969842587
1 0.38392717153078637 0.3850039677659266 0.031154147274843245 0.05857391762490734
1 0.3933021715307864 0.38418376154537104 0.03584164727484325 0.05898402073518509
1 0.2842142139544411 0.3779911330817597 0.030516418486670638 0.05076141762490734
1 0.30333100471110575 0.35192691908550977 0.02844373545613248 0.04437471658814811
1 0.27673655380272016 0.3731375377471764 0.031154147274843245 0.05857391762490742
1 0.24798967153078638 0.3968969579639819 0.03584164727484325 0.05898402073518509
2 0.6862213189748075 0.88809284566389 0.035203918486670635 0.05117152073518518
2 0.6855518971541571 0.8220577425536124 0.03325878121376711 0.04634731969842596
2 0.6706285277591009 0.7934638508476863 0.040146510001939716 0.054706623845462946
2 0.6433321883698637 0.9217446757299085 0.029240960910325242 0.03513641762490742
2 0.6604399400368537 0.9289030648439363 0.02987868969849785 0.04294891762490742
3 0.6407334757925486 0.8802700752115289 0.0344386439408634 0.04179652073518518
2 0.6614610797256533 0.7100751524028253 0.0281886439408634 0.04124971658814793
1 0.2997744095719927 0.6842800893023153 0.04738492515463033 0.0863667269557407
1 0.2818225375918627 0.40652623619203754 0.028826372729036008 0.04906221658814811