4 0.24296875 0.7950790473773236 0.0328125 0.12515713025772487
4 0.246875 0.6198743294894993 0.028125 0.09991146879233562
4 0.24140625 0.6975046845324533 0.0375 0.09571529172311415
4 0.190625 0.7540722670741703 0.03125 0.14070024310259513
4 0.20546875 0.7384505891004376 0.03125 0.15163774310259495
2 0.16171875 0.8563684294440707 0.040625 0.13494156603337365
2 0.11796875 0.9524112697877036 0.0328125 0.0845321302577247
2 0.37109375 0.4672705506566839 0.0109375 0.042760710085908114
2 0.37734375 0.45209925203616497 0.0125 0.03503009724103805
1 0.83984375 0.6567669041177584 0.0265625 0.07795458163720567
1 0.3296875 0.7288155602676223 0.025 0.1013101944820761
1 0.31953125 0.7301290767759657 0.0171875 0.11340075870642732
2 0.14140625 0.9324329624607575 0.03125 0.07663774310259512
2 0.09375 0.968524270692215 0.025 0.0544351944820761
1 0.43125 0.3516178951841885 0.0109375 0.03338571008590829
1 0.42421875 0.3785488873822723 0.0125 0.03346759724103805
1 0.41796875 0.36325143600279136 0.009375 0.034866322930778536
1 0.87578125 0.7392584995497741 0.03125 0.09695024310259512
1 0.271875 0.8716891350074232 0.025 0.1169351944820761
2 0.4046875 0.4139474768213942 0.0109375 0.03338571008590816
2 0.3921875 0.42554007406243227 0.0125 0.03503009724103805
1 0.296875 0.8602226905253471 0.0234375 0.10591580732694653