4 0.1443955841408877 0.2831590400222717 0.07291261213660052 0.12730793467536322
4 0.18582969526908205 0.4509647053628168 0.05866444183801276 0.10216248400699968
4 0.1651836955211836 0.37722721335931697 0.06625842055068931 0.09912839067472694
4 0.10290757064723437 0.33975393801718107 0.0755677185732179 0.14295111600890867
4 0.12094737646343309 0.3501283640197264 0.0793482824351883 0.15236247867599956
2 0.05555695926693847 0.24537668200986315 0.08886539406758573 0.13217724801081768
2 0.009746704575361467 0.16969488200190902 0.019493409150722934 0.09251476400381801
2 0.3419543731092384 0.5552084047183158 0.02482503737886681 0.04244203866963616
2 0.3520724182817754 0.5670544240531339 0.022825494804219915 0.0361738573360908
1 0.2574311796817418 0.3438976400381801 0.05721120248167448 0.1037068026734543
2 0.021118570230644756 0.184702264003818 0.04223714046128951 0.08025112133990878
1 0.4367973435240417 0.6524839413987698 0.021044473516896468 0.03303067600254543
1 0.413709404788122 0.6248492900620426 0.022716234160558103 0.034611357336090796
1 0.41116355899516643 0.6388936087284971 0.021262994804219913 0.036155676002545434
1 0.7453949914500252 0.17521510610276797 0.044853314114071986 0.08326703333863614
1 0.17759585023243107 0.24445107602640787 0.061319548274630084 0.11780566534054512
2 0.38609785701769506 0.5948163447246791 0.021153734160558192 0.03459317600254543
2 0.37174577991417285 0.5876123720559974 0.022825494804219915 0.0361738573360908
4 0.7549778050598941 0.23944123810467702 0.03885468639013112 0.06446248933799978