4 0.5795357211860439 0.1802670072443721 0.034039809252765355 0.07241522054263569
2 0.6324306704546953 0.06242746760797506 0.032013659090609534 0.045752590992986425
2 0.6333641047091081 0.23299029148209835 0.027462526785361163 0.05326470234403846
2 0.6090226237838318 0.23846953346253388 0.01937729139585791 0.03713905459579188
2 0.600432827923747 0.2825001357142873 0.02255683847375849 0.040464313695090494
2 0.5893453234595201 0.290392978866742 0.025872753246410873 0.05160207279438911
2 0.6285305543847967 0.2858649676079751 0.024092064934808022 0.039001943244739844
2 0.6160503250843732 0.5079705050849037 0.02406479139585791 0.03743944324473993
2 0.5906645413991531 0.48366211751569 0.024119338473758488 0.040564443244739935
2 0.6084247857171102 0.4519510425618325 0.02568183847375849 0.040664572794389287
2 0.6033242284929399 0.4305068391380599 0.024010244317957154 0.03431444324473994
4 0.6097202788172513 0.3777322925618325 0.037246629869616396 0.0773029796419344
4 0.5955214111224997 0.3846436266149886 0.02910684740221221 0.05805233189368782
2 0.578082720782302 0.4875485811184954 0.024010244317957154 0.034314443244739756
2 0.5454241793864443 0.5214334253506843 0.019322744317957153 0.034014054595791876
2 0.5589099809285718 0.5105657765227036 0.020967064934808023 0.03880168414544123
4 0.5871383465947286 0.5960619879660406 0.029243215096963836 0.06586483189368764
2 0.600437187504119 0.6407131539128846 0.020776150162155817 0.02786418414544123
2 0.5818099184293957 0.6324803493170927 0.025709112012708958 0.04222707279438929
2 0.5867059241114385 0.6656433027408653 0.020857970779006862 0.032551684145441226
2 0.5844888591766303 0.7030431731912159 0.020830697240056394 0.030989184145441228
4 0.5668689366933403 0.7715230629198981 0.022638659090609536 0.04515181369509058
4 0.5333627357998358 0.6747388980527884 0.027571620941162677 0.05951470234403829
2 0.3034663246773361 0.31352558605574093 0.03217730032431154 0.05512759099298643
2 0.31454414651200313 0.3509953076781108 0.0240920649348082 0.039001943244739753
2 0.32431856696669836 0.3735211497508314 0.027135244317957153 0.03451470234403846
2 0.3325032138824432 0.39750936227390266 0.025600017856907444 0.03597707279438911
2 0.3399475211066137 0.4191037600221493 0.028725017856907443 0.03617733189368781
2 0.007282845780654443 0.4460134068475453 0.014565691561308885 0.05452681369509058
2 0.06734404383478508 0.5330313479328168 0.02718979139585782 0.03763970234403846
2 0.05517528044210448 0.5580616263104469 0.02422843262955985 0.046814443244739934
2 0.0839724362863031 0.5661640229789592 0.022447744317957152 0.03421431369509058
2 0.10510709659472864 0.5651720218992251 0.02740797970746054 0.05013970234403846
2 0.11126559334831773 0.615622604872647 0.02406479139585782 0.03743944324473993
2 0.13496219196834597 0.6022807981173869 0.03538412094116259 0.06001535009228505
2 0.16248717411143848 0.6384581300110745 0.022529564934808156 0.03890181369509058
2 0.19538544886820483 0.6804546653285352 0.02252956493480811 0.03890181369509058
2 0.15011385917663037 0.6752071583887048 0.02104888555165916 0.04348918414544123
2 0.17185249148187864 0.6844214720837952 0.03195911201270887 0.04262759099298634
2 0.06966447443575005 0.5793253570321154 0.027326159090609516 0.04545220234403846
1 0.1393202297107558 0.4422246776670361 0.030751168019063257 0.06283996144333699
1 0.1668139841749827 0.43538319478589926 0.03393071509696392 0.0661652205426357
1 0.18249353125288337 0.4332594902823925 0.03253185633066598 0.07544009099298635
1 0.2107139886392096 0.42959307217608034 0.035629582791715644 0.07407785009228504
1 0.20949418222581806 0.27543649830195693 0.03406708279171564 0.0739777205426357
1 0.22574647362167588 0.24050029379845023 0.037382997564368026 0.0851154796419344
1 0.21064362500164763 0.25439281307678163 0.03576595048646736 0.08189035009228504
4 0.3740163782480585 0.21480628624031106 0.04387845941492108 0.09957849784053163
1 0.5019060044675221 0.5053485479605033 0.029025026785361164 0.05336483189368781
4 0.5853145681845143 0.4316990993170927 0.030696620941162676 0.05971496144333699
1 0.005835168426100352 0.2606568977482466 0.011670336852200704 0.06818879549649318
1 0.20735538920840244 0.5771992574012555 0.022638659090609536 0.04515181369509058
1 0.23993210998740927 0.5480019131690667 0.02754434740221221 0.05795220234403846
1 0.32137697889997696 0.586852464525656 0.022720479707460585 0.04983931369509058
1 0.33236902597787765 0.5844283713732012 0.025872753246410873 0.05160207279438929
1 0.22751788474417553 0.5870946915466968 0.024282979707460583 0.049939443244739756
1 0.21251049351047352 0.5955184608250284 0.021076159090609538 0.04505168414544123
1 0.19012302476006163 0.5338602675802885 0.027544347402212253 0.05795220234403846
2 0.6386709878251354 0.108190550581397 0.028970479707460584 0.05023983189368777
2 0.638293112419746 0.17464686535622168 0.028888659090609538 0.04555233189368777
2 0.6221771887186398 0.20177056985972844 0.033712526785361165 0.053665220542635714
2 0.5962613453736173 0.07340573796604068 0.02557274431795715 0.03441457279438913
2 0.6136533969157449 0.06278841301218321 0.025818206168510115 0.04847707279438915
3 0.5939897333609085 0.11393060841639135 0.03034206493480802 0.03940246144333709
2 0.6129055543847965 0.28486367211148184 0.024119338473758488 0.040564443244739845
1 0.23726067207954832 0.2529700154208201 0.03425799756436802 0.0849152205426357
1 0.22517018060426025 0.5423631824473981 0.022693206168510206 0.048276813695090584
1 0.24675840300482488 0.24653954271871603 0.03743754464226878 0.0882404796419344
4 0.3773054249222174 0.5192632487633823 0.024446620941162588 0.05931444324473993
1 0.20484404383478508 0.541842748301957 0.024310253246410875 0.05150194324473993