4 0.5618744811353397 0.8432615822658519 0.029916728964778018 0.07045794574527378
2 0.6153986828607095 0.9600900130822069 0.029949579953513706 0.048592036104353295
2 0.6339083822402909 0.9857530884141721 0.0295453883676025 0.020476126463433175
2 0.6126282339853312 0.7875201214934634 0.02548060124083733 0.05168976502711473
2 0.5886826355944855 0.7837547720591975 0.016575494804219916 0.03601931323171659
2 0.5784606836170141 0.7400820401113742 0.021481516091543362 0.03917158430895533
2 0.5680148565134919 0.7331144226249315 0.023699579953513704 0.04855567466803503
2 0.6076400852261685 0.7360076184684013 0.022934755447881726 0.037618174668035034
2 0.5902333359824732 0.5158860160090734 0.022825494804219915 0.03605567466803503
2 0.5658835460057162 0.5402365762157277 0.023044016091543364 0.03918067466803503
2 0.5840108331324816 0.5713684015476928 0.02460651609154336 0.03918976502711473
4 0.586633452558549 0.6455416997522946 0.033369510895763274 0.07516362646343318
4 0.572226745133196 0.639378058163551 0.027370883171822413 0.056386355386194256
2 0.5528208172930397 0.5371888442679045 0.02260697351689629 0.03293067466803503
2 0.5191231604881053 0.5053666725267357 0.017919473516896288 0.03290340359079611
2 0.5332567163043039 0.5154365641154793 0.018137994804219914 0.03602840359079629
4 0.5604144320275303 0.42859509426790454 0.02635468639013112 0.06418976502711468
2 0.5729033603718896 0.3840093021134268 0.019044930942249395 0.02666249394987581
2 0.5542790465099193 0.3934888412428424 0.024715776735205176 0.04075226502711473
2 0.5581906503486466 0.35988600088376277 0.019372712873234655 0.03134999394987581
2 0.5553441557965282 0.32241781714054146 0.01926345222957302 0.029787493949875808
4 0.5366048634739828 0.2553666725267357 0.02024679802252862 0.04384999394987581
4 0.5033228338887861 0.35161495863108916 0.027480143815484227 0.05794885538619425
1 0.3772852217521856 0.47885923556206056 0.02758940445914586 0.05951135538619425
2 0.2805530613409549 0.723072843875121 0.028714861884498965 0.05327044574527377
2 0.29098781678883656 0.6855273920797229 0.021372255447881638 0.037609084308955334
2 0.30038459612193175 0.6628256902843249 0.027185212873234655 0.031395445745273774
2 0.3083281360986886 0.6385705788480063 0.024169473516896467 0.03293976502711473
2 0.3153265351099529 0.6166637625912277 0.027294473516896466 0.032957945745273956
2 0.2599017077543292 0.6833654492613153 0.023153276735205175 0.04074317466803503
2 0.03967060726979658 0.5159653675846385 0.02584123416055817 0.03451135538619425
2 0.027301647246553467 0.49182843081635513 0.02337179802252858 0.04386817466803485
2 0.05608221110852387 0.48228980435292196 0.02104447351689643 0.03292158430895533
2 0.07717596110852387 0.4821670845053472 0.025262079953513795 0.04856476502711473
2 0.08228943202753027 0.4313767441462675 0.024278734160558167 0.03450226502711473
2 0.1064153468782364 0.4437312984009937 0.033620883171822456 0.056422716822512695
2 0.13320172200428715 0.40687164783525953 0.021372255447881638 0.037609084308955376
2 0.16516727002681572 0.3629534761922867 0.019700494804219915 0.03603749394987581
2 0.12014434713033792 0.37024380142605573 0.02013753737886681 0.04228749394987581
2 0.14194829131413922 0.3599648315784809 0.030856516091543364 0.039226126463433174
2 0.041385926579648624 0.4690994579437181 0.024934298022528577 0.04387726502711473
1 0.1431890911782532 0.5544097231672246 0.03147922896477806 0.07046703610435348
1 0.16613491828177537 0.5613046177810302 0.034932010895763276 0.0751727168225127
1 0.18539301667262104 0.565097238292535 0.03838479282674849 0.07987839754067191
1 0.20330713635079017 0.5657739491631194 0.03315098960843983 0.07203862646343318
1 0.2034660374557414 0.708683611829102 0.03158848960843983 0.07202953610435348
1 0.2062196968585659 0.7586472503927835 0.033915814114071983 0.08297612646343318
1 0.21523941777757233 0.7078341841360049 0.024934298022528622 0.04387726502711473
1 0.2277829764437626 0.6624671419815271 0.03126070767745457 0.06734203610435348
4 0.3503414014339274 0.8195024162802198 0.03958665990702759 0.097065897540672
1 0.4767553440282448 0.49702290740142524 0.025589861884498966 0.053252265027114734
1 0.002833837911671994 0.7294556958434697 0.005667675823343988 0.07985112646343318
1 0.01100964775075656 0.7246772922526736 0.02201929550151312 0.06892271682251269
1 0.18495561011978817 0.4596739400879331 0.02024679802252858 0.04384999394987581
1 0.21700328561415602 0.4704205425472612 0.024245883171822413 0.05636817466803503
1 0.30652460752189814 0.44100523243880263 0.021120883171822414 0.05634999394987581
1 0.3160634984873907 0.43860694028432495 0.025808383171822415 0.05637726502711473
1 0.21181304106203766 0.4329659943426593 0.022137079953513793 0.04854658430895533
1 0.22551490814231673 0.41570577147002225 0.02170003737886681 0.04229658430895537
1 0.19965724848739072 0.43928417203575637 0.021230143815484225 0.05791249394987581
1 0.1712919478669721 0.4652199581401099 0.025808383171822456 0.05637726502711473
2 0.6203482628142233 0.9116434227231274 0.026824579953513707 0.048573855386194256
2 0.6186872098480162 0.8460547841594458 0.02638753737886681 0.04232385538619425
2 0.6025758907902656 0.8195968232888615 0.03318384059717552 0.050172716822512696
2 0.5787181376881725 0.9485894317001179 0.024060212873234833 0.03137726502711473
2 0.596031323826202 0.9578598925707024 0.02348105866619026 0.04543067466803521
3 0.5753089144233776 0.9080007931364363 0.029075494804219913 0.03609203610435365
2 0.5911792049043376 0.7368843172387373 0.023044016091543364 0.03918067466803503
1 0.22980466232969068 0.745234190186129 0.03402507475773362 0.08453862646343317