4 0.20742813354618123 0.7956647079820336 0.06028680262104178 0.17540179328391084
4 0.2449787656706602 0.5979191779449666 0.03986389342673622 0.10287202885594056
4 0.22859200588701442 0.6652604453681619 0.05069229065319458 0.09856647477225663
4 0.16970862157833394 0.7178472428284238 0.05018445079743068 0.1438244110699257
4 0.18582393084888946 0.7059201617028978 0.05200152393569457 0.15481647477225663
2 0.12516114741388956 0.8162103317584982 0.07031511284152789 0.13672123920022666
2 0.08181249733763965 0.8990029843909035 0.06315592306201397 0.0974404843909035
1 0.3161472104841673 0.7042262308475242 0.03877417211208343 0.12312996515360979
1 0.2783959033978132 0.8598115427357567 0.053236715615069576 0.1408085384745874
2 0.3806961004924309 0.49259181560124743 0.01660692496187508 0.04273313702330857
2 0.3950488880114934 0.4720164207733905 0.016425087005972207 0.03492063702330857