4 0.22319345003691185 0.8118558468811446 0.05332286397194572 0.1284335759347278
4 0.21470672887596726 0.653120386923101 0.03399307063492083 0.0694370842330974
4 0.21768273211516975 0.7158688406573674 0.05308303207825791 0.10042697510489056
4 0.16856530922849555 0.7786774165920951 0.05442428901808825 0.1456210759347279
4 0.18294798427463807 0.7604835236457095 0.05658756631598418 0.15511447510489074
2 0.14842518507751706 0.8867150595384808 0.06914812307124434 0.13274256763635783
2 0.10695028146917429 0.9637161900373119 0.045191386489479644 0.050071777594401824
2 0.3382710441122172 0.47193939667136336 0.018328497840531633 0.04337149170163031
2 0.34395983960871046 0.4559591991608743 0.017827850092285047 0.03555899170163031
1 0.3345569563584333 0.5662930479161188 0.03313147748246603 0.08025618506293455
2 0.12625099399224554 0.9537016499953556 0.04316781153562212 0.06702247925407576
2 0.08168017119785642 0.9819576271748389 0.03215116594684388 0.016430483403260608
1 0.7689121699612388 0.5458188790257166 0.027342552436323508 0.06271348755244546
1 0.25580329581026023 0.6912114601585364 0.05019786397194572 0.12819677759440165
2 0.3699005783499435 0.41512071160842884 0.016265350092285046 0.03544059253146723
2 0.3573807919527489 0.4285087053846516 0.017927979641934398 0.0371214917016303
1 0.7480279734772963 0.5077511165781619 0.030667811535622036 0.06607528589277152
0 0.39894082896825234 0.6049518835991088 0.042706736581764736 0.08409158008391256
1 0.31560669725913465 0.570838837958075 0.03056768198597286 0.06451278589277151