4 0.6689746701828264 0.23101354026567086 0.01882708271265763 0.06993399170163028
2 0.7574443188589188 0.13266039586939268 0.02405823821317572 0.04853258838228234
2 0.7864982721259065 0.09801363134724558 0.02405823821317572 0.04853258838228234
2 0.7051261858985921 0.2964735195197465 0.017953787427387447 0.05118399170163022
2 0.680162573202145 0.29379788279713814 0.011048815963434678 0.036647895020978184
2 0.6579215461138398 0.3336649435850188 0.01580909057054054 0.038565592531467185
2 0.6452032222925222 0.3374052502237146 0.016318512820281583 0.04950309253146727
2 0.6848650357747577 0.3443306790628717 0.017298815963434678 0.0371214917016303
2 0.604691576511914 0.5507214664055355 0.01722604135632899 0.03555899170163031
2 0.5880691567433722 0.520453625948661 0.01580909057054054 0.038565592531467276
2 0.6143063250641718 0.49578551267126925 0.01893409057054054 0.03880239087179334
2 0.6161064195636539 0.47396971225635076 0.018570217535011223 0.030989890871793335
4 0.6387477069910412 0.42550890146847004 0.022170406533975395 0.07485829004195636
4 0.6229407704732767 0.42823115976683984 0.018172111248705037 0.055871491701630305
2 0.5747151321362665 0.5210097330022752 0.017080492142117088 0.032433991701630305
2 0.5337797630296786 0.541428054163118 0.01246576674922295 0.033641294191141216
2 0.5488782241545491 0.5370840962796668 0.012611315963434677 0.03676629419114121
4 0.5501988215495152 0.6265609933752374 0.016973484284234175 0.06356559253146728
2 0.5496508579434453 0.6719918925454004 0.015226893713693812 0.026065592531467275
2 0.5338268048002922 0.6582487012586886 0.019006865177646402 0.04036489087179333
2 0.5283559007475163 0.6915464533332811 0.013882717535011224 0.030634693361304245
2 0.5149633347840815 0.7265959595570584 0.015372442927905539 0.029190592531467274
4 0.4769324878034002 0.7856507282283903 0.01297518899896417 0.04457879419114121
4 0.4749954603008102 0.6757429319626567 0.01424659057054054 0.03844719336130424
2 0.36182995016661573 0.2775161516689627 0.02115156203449331 0.052983290041956274
2 0.3608282222925222 0.31585660125404424 0.015736315963434677 0.037003092531467184
2 0.36286160318593436 0.33953089959437033 0.021695217535011312 0.031226689212119307
2 0.36404095947224063 0.36470849834961483 0.018642992142117086 0.03255239087179333
2 0.3645482276692057 0.38748314751977786 0.02176799214211709 0.032789189212119395
2 0.0032993973330488744 0.25233209460605965 0.006598794666097749 0.04950309253146719
2 0.008031842949296052 0.26626454004195627 0.016063685898592105 0.04661489087179325
2 0.02685132857882852 0.31563757800932013 0.0180265620344933 0.05274649170163022
2 0.06605291563471243 0.4166090047738848 0.020278266749222996 0.03423329004195637
2 0.04632045843878336 0.43628196473192854 0.016100188998964003 0.044815592531467274
2 0.07219159967127771 0.45313850062469996 0.017080492142117133 0.032433991701630305
2 0.093139800457066 0.4578618894219007 0.01780823821317572 0.048058991701630305
2 0.08377976302967856 0.5073290931561671 0.018715766749222994 0.034114890871793334
2 0.11066974876165492 0.5023106290489385 0.02442211124870499 0.05634508838228243
2 0.12600149628045557 0.5434567699207318 0.01573631596343472 0.037003092531467274
2 0.14483923346017397 0.5934926587179327 0.014173815963434722 0.03688469336130425
2 0.10256184222767964 0.5753929315384495 0.01290241439185814 0.04301629419114121
2 0.12069325806727985 0.5900949715804058 0.025184090570540586 0.039275987552445456
2 0.05453106472508964 0.46199235975290665 0.01758991439185815 0.04337149170163031
2 0.03436842204485322 0.3899038722004613 0.018899857319763583 0.07149649170163022
4 0.013238284741300293 0.3890867334032605 0.020098484284234296 0.06380239087179325
1 0.15579396588238145 0.32462425954776963 0.01839043507002258 0.06055899170163022
1 0.1745075785788285 0.32682629958972587 0.021660984284234262 0.06392079004195628
1 0.19879910318593436 0.3270989867272528 0.018972631926869443 0.07305899170163022
1 0.2257982508285695 0.3197367726200242 0.02202485731976358 0.07173329004195636
1 0.28280388378889626 0.15627884648015944 0.02046235731976358 0.07161489087179325
1 0.3118385663777195 0.13887878154309385 0.020971779569504533 0.08255239087179325
1 0.2969584290741666 0.13853523942654516 0.01926373035529281 0.07930899170163022
4 0.48044924772819764 0.6259797303029828 0.009704639784752268 0.041216995850815154
4 0.4593278424325674 0.20415135187874417 0.024751751033457302 0.09685168921211931
1 0.49577249483271346 0.5158118249090424 0.019443512820281582 0.049739890871793334
4 0.5982468314743127 0.470264371799476 0.019807385855810898 0.057552390871793334
1 0.05139337200207198 0.09170317054078735 0.020826230355292873 0.07942739087179326
1 0.06974311166298977 0.10171771058274363 0.02024403349844599 0.06692739087179325
1 0.18241847022560762 0.4936352912913561 0.012975188998963993 0.04457879419114121
1 0.23056702584996014 0.46984351639624683 0.0166823858558109 0.05731559253146727
1 0.2750404638154668 0.5249579915011375 0.012829639784752267 0.041453794191141216
1 0.2849612733687608 0.5139496365221158 0.015265435070022626 0.06032219336130425
1 0.19482642494033736 0.5133916842377418 0.014756012820281583 0.049384693361304244
1 0.18612782113523044 0.44765994046151913 0.016682385855810854 0.05731559253146727
2 0.7474121933421902 0.17972465001857754 0.02093323821317572 0.04829579004195628
2 0.727277321754403 0.2417035091467843 0.020642139784752267 0.04204579004195628
2 0.7043107026478151 0.26348342076450193 0.025693512820281584 0.05021348755244537
2 0.7173822450376013 0.13432871703023555 0.020132717535011224 0.031108290041956276
2 0.7379858434660247 0.12961790624235486 0.016172963606069856 0.04637809253146723
3 0.7030628798599549 0.17244402366893136 0.023476041356328813 0.036032588382282335
2 0.6694219722925222 0.3392404373612415 0.01580909057054054 0.038565592531467185
1 0.22159228618904234 0.4605393713752687 0.01468323821317572 0.04782219336130424
1 0.32486510525284895 0.14535392448947956 0.019627603390822125 0.08712149170163022
1 0.19719159967127772 0.46261043423774184 0.014828787427387446 0.050947193361304245
4 0.5123392566195377 0.5641076149509987 0.013411836641599173 0.05395379419114121
0 0.2799762127820095 0.6209808865221158 0.017444365177646404 0.040246491701630305
1 0.3710293600103599 0.46715899212583756 0.018172111248705037 0.055871491701630305