4 0.15320017967330174 0.7701835583448532 0.05580892619541977 0.12825397477225647
4 0.17612798741051772 0.6050223498146655 0.0336007262518895 0.06822421034428619
4 0.17285950326612046 0.674580881665831 0.054079826223654634 0.09856647477225663
4 0.11162660067763683 0.7178472428284238 0.05515647881213824 0.1438244110699257
4 0.1287608927710116 0.7059201617028978 0.057356015643841206 0.15481647477225663
2 0.06517726393063848 0.8164285865678217 0.07152493145709163 0.13036211179556503
2 0.011942567509839092 0.8978943521769182 0.023885135019678184 0.09215278366526398
2 0.347053679390953 0.47947425670824 0.018082142065139983 0.04273313702330857
2 0.3572022241151638 0.46652038892222514 0.017627115756780665 0.03492063702330857
1 0.4003074820076716 0.46567714073632366 0.025151189420186525 0.05701389183263199
2 0.025417542940420822 0.8807986214142118 0.04361276308359245 0.07948909255827133
1 0.6942178347514469 0.5941494034350134 0.0244231473268119 0.04451389183263199
4 0.26108681633559544 0.5845040078893663 0.0492859104104042 0.12334821996293303
2 0.39109908197943666 0.43560769482000766 0.016064615756780753 0.03486607332097762
2 0.3764905504094056 0.44449162149902993 0.017718121018452493 0.03648313702330856
1 0.7039491505223451 0.5749182537978331 0.03002069994353036 0.06030258293962447
1 0.38289246885349193 0.4689831900106842 0.023952710466874017 0.06320932813030104
0 0.4455836427004245 0.642614152169069 0.04535727360693613 0.08266865626060227
1 0.24846790606636557 0.854925635294028 0.060041399887060545 0.12060516587924903
4 0.4253313268589391 0.5871081966341062 0.036164284130279965 0.08546627404661714
0 0.2963971718513811 0.8519023282151192 0.05637036831702939 0.1111210384745874