4 0.22054528854989347 0.7874859153285351 0.04593188311602718 0.12780362739018097
4 0.22545315665168228 0.6215803130767816 0.029297762174864593 0.06898983189368782
4 0.22899694236549722 0.6904805074012557 0.04700345941492108 0.09977875693983033
4 0.17357878530348256 0.73453209361388 0.04464211850553061 0.14332849784053164
4 0.1889719602224047 0.7222521391103733 0.046395533278183 0.154366127390181
2 0.1378515653352547 0.8336914844222963 0.061611430193927855 0.13192992288667432
2 0.08153910997752337 0.9159241910852713 0.04220686525911972 0.09322836829088246
2 0.3816604719935275 0.49502471236618784 0.014798885551659247 0.04308866594684382
2 0.3900087601429744 0.48151292488925906 0.016225017856907442 0.03537629549649317
1 0.39593720616521494 0.552907063538207 0.02789890340856669 0.07826470234403846
2 0.1062118275101193 0.8987762638796607 0.038836403408566644 0.07896560919158375
2 0.054413548289126104 0.9266719239664084 0.030751168019063257 0.06283996144333699
1 0.7718332788106608 0.6729818406792194 0.02447389448011279 0.06087694324473993
1 0.2898429391190863 0.6444356246124038 0.04135347727182861 0.1337532387412331
2 0.4206860158250173 0.45070301588224543 0.014662517856907442 0.03527616594684382
2 0.4067871570587194 0.4591768499354016 0.016252291395857866 0.03693879549649317
1 0.7579929212621789 0.6400994895072001 0.026118215096964013 0.06566457279438928
0 0.37378333684561016 0.7590674259689931 0.04371481818121907 0.0902034978405318
1 0.37940822523993833 0.5448244532668891 0.027653441558013546 0.06420220234403846
4 0.3851400279998819 0.5155374714654863 0.02312958279171564 0.07327681369509058
0 0.6204595137931271 0.8529127652639366 0.032450035713814884 0.07075259099298634
0 0.5316292443146619 0.547555834357698 0.025900026785361165 0.053164572794389284