4 0.7423465816876387 0.20201626843468548 0.032886541603125076 0.07140377404661713
2 0.8458547478157985 0.11487587778317984 0.032413762917777686 0.05109127404661712
2 0.8824650482526387 0.08471466262957017 0.032413762917777686 0.05109127404661713
2 0.7618219738801039 0.270810908453219 0.026200130508958353 0.052435519237293705
2 0.7377486942448261 0.2654066458393472 0.01802395459715278 0.03653770072563942
2 0.7080241734432636 0.30157232433246806 0.02278418977951393 0.039826391832631994
2 0.6946883720564928 0.3043798658022803 0.02460126291777769 0.05081845553496285
2 0.7318974313270484 0.31557033694633974 0.024310322188333445 0.038318455534962846
2 0.6118355852030204 0.5102330509188231 0.02271145459715278 0.03670139183263181
2 0.6008623708222218 0.4786110286863045 0.02278418977951393 0.039826391832631994
2 0.6325851495075691 0.45720725463968737 0.02590918977951393 0.0399355192372937
4 0.6700500883371524 0.3903272894860777 0.03612064437666671 0.07620040145127885
4 0.6544250883371524 0.39087292650938626 0.02943423328249999 0.05723214664195542
2 0.5876174884134023 0.4775123201561168 0.02263871941479163 0.03357639183263199
2 0.5419594962971871 0.4939384175237116 0.01795121941479181 0.03341270072563951
2 0.5600009814795482 0.49018593494690677 0.019622822188333444 0.03815476442797028
4 0.5431206463734369 0.5782042901190498 0.028053571238402953 0.06499008293962447
2 0.5334904200247912 0.6230356404818697 0.019368249050069508 0.02721726442797028
2 0.5205546621410064 0.6086556819516818 0.025945557370694417 0.0414980192372937
2 0.5081085603173953 0.6403149097191634 0.019477351823611145 0.03190476442797028
2 0.48783177469819383 0.673028205998299 0.01944098423243048 0.030342264427970278
4 0.43893902659805495 0.7278173989193901 0.021330792553055568 0.04445932813030105
4 0.4545296186380202 0.6281348574495779 0.02947060087368065 0.05879464664195542
1 0.4045147008943399 0.46282980517999234 0.029506968464861137 0.06035714664195542
2 0.42752101548322907 0.21222960445435293 0.030923998100139016 0.054161710344286275
2 0.4188356932948956 0.2500024229660072 0.022747822188333443 0.03826389183263199
2 0.41672767942718725 0.2734944866683381 0.02732621941479163 0.03374008293962456
2 0.4122395479682984 0.2986308959241652 0.024237587005972117 0.03519345553496285
2 0.4085872178961803 0.3213962733288269 0.027362587005972293 0.03530258293962456
2 0.3894027664331595 0.2401016333102935 0.024383057370694416 0.04144345553496285
2 0.07546951263343737 0.14490078303229179 0.02460126291777782 0.05081845553496285
2 0.08059277051722209 0.1595535600741338 0.029216027735416716 0.047857146641955416
2 0.09033014000826371 0.2107341141578178 0.027798998100138927 0.05405258293962456
2 0.10820601139916639 0.31471228602751666 0.027398954597152792 0.03686508293962456
2 0.08514971789618027 0.33269095971131407 0.024492160144236143 0.046130955534962846
2 0.10735137300642332 0.3514310360275167 0.02263871941479171 0.03357639183263199
2 0.12668260125493025 0.35934273974838093 0.026127395326597247 0.0493105192372937
2 0.10762282351951355 0.40684522232518583 0.02423758700597225 0.03519345553496289
2 0.13498475731510381 0.40510910753439583 0.03415810087368061 0.058958337748947945
2 0.1417971485576385 0.44780503902274155 0.022747822188333357 0.03826389183263199
2 0.15075326804868014 0.49901287495759095 0.021185322188333355 0.03820932813030105
2 0.11303571571197876 0.47613093566469705 0.021294424961875037 0.042896828130301046
2 0.12747942220899264 0.49280008049255386 0.0321955573706945 0.04171627404661713
2 0.08845590264170108 0.35833580045548696 0.02601829255305559 0.044623019237293705
1 0.22135997483003447 0.3162251676085296 0.03444904160312508 0.07145833774894798
1 0.2431804234432636 0.31780502577589764 0.037719511967847286 0.07781746515360961
1 0.2657275706697219 0.3217013520921002 0.04095361474138901 0.08261409255827132
1 0.28118891650940947 0.3281869650687917 0.03604790919430556 0.07307540145127885
1 0.34979605898621513 0.1977702895708957 0.03448540919430556 0.07302083774894799
1 0.37675925569958324 0.14608873848243661 0.0363024823325695 0.08401290145127885
1 0.3623869779641665 0.19342752995224885 0.026018292553055565 0.044623019237293705
4 0.5390046825613194 0.1513516134400276 0.0428797906531944 0.09829365626060227
1 0.49919076804868007 0.4868451693378102 0.027798998100139017 0.05405258293962447
1 0.16320655518649296 0.09812249755292927 0.036229747150208394 0.08088790145127885
1 0.1795037024129513 0.1022370786784553 0.0375376740119445 0.07000496515360968
1 0.21508983140329824 0.41792407686435673 0.021330792553055568 0.04445932813030122
1 0.24862903001652742 0.41909470726424336 0.02630923328249999 0.0571230192372937
1 0.3167419439604857 0.4776041225105203 0.023184233282499987 0.05701389183263199
1 0.32442715739135375 0.48280005399886594 0.027908100873680654 0.058740082939624474
1 0.2270443175355899 0.4409250672457099 0.023002395326597203 0.04920139183263199
1 0.23022321571197873 0.4720386579898828 0.02285692496187508 0.04295139183263199
1 0.2168516999444093 0.44284223131086053 0.023220600873680653 0.05857639183263199
1 0.20440690454156218 0.40736852278067276 0.02790810087368063 0.058740082939624474
2 0.8276307714671527 0.16000732850881927 0.02925239532659738 0.04941964664195542
2 0.795035170593472 0.2189111025554364 0.027580792553055743 0.04467758293962456
2 0.7672731932948956 0.23783471734622638 0.03401263050895835 0.0527083377489479
2 0.8069013505893402 0.11155247034145126 0.02576371941479181 0.0336855192372937
2 0.8272320343849305 0.11006189221115012 0.024528527735416715 0.04769345553496285
3 0.7849893297877776 0.14744533032291782 0.028997822188333446 0.038482146641955414
2 0.7179985854873608 0.30903016026731744 0.02278418977951393 0.039826391832631994
1 0.3917296390583332 0.17366810145912806 0.03633884992375007 0.08557540145127884
1 0.23852733140329824 0.4171056213293939 0.022966027735416717 0.047638891832631994