4 0.2993000250213906 0.1260125126480473 0.06214474317557439 0.13082487012586883
4 0.25917367700725197 0.2855301452214708 0.037577082712657715 0.07135478174358649
4 0.2745482739879333 0.22286420186016662 0.05770980024766903 0.10246307178554277
4 0.2383967582721676 0.1633241811142422 0.06287248924663302 0.14644987012586883
4 0.24853373759400316 0.17968288692310103 0.06650691149637407 0.1576241684661949
2 0.23873070616247177 0.06210752976924042 0.07798806699689201 0.12421505953848085
2 0.21280821505381192 0.0029931002051370504 0.049383569892376133 0.005986200410274101
2 0.34757043527941955 0.46022064667136336 0.02071491439185813 0.04360829004195636
2 0.35071255190480805 0.4763308987459558 0.020423815963434677 0.037358290041956364
1 0.3693598521524771 0.3768278062144885 0.038013730355292805 0.0807297817435865
2 0.2303403174111768 0.011598505599077394 0.045569365177646405 0.023197011198154788
1 0.7829300465281246 0.37273657653620573 0.03252570967712849 0.06318708423309741
1 0.316915556452922 0.24923652509560196 0.05582196856846862 0.1287887734452168
2 0.36835166212005577 0.5154759091189179 0.018788541356328903 0.035677390871793335
2 0.3588139962804555 0.5029642537249777 0.020423815963434677 0.037358290041956364
1 0.7596188250641719 0.38851586450356956 0.03423375889134021 0.06643048340326044
0 0.4385508079006641 0.2952925410676415 0.042410131926869356 0.07483497925407559
1 0.35402595058090053 0.3717617979161188 0.03423375889134021 0.06643048340326052
4 0.3585999805646899 0.4407010520653037 0.033035131926869445 0.07412458423309758
4 0.29831110566713376 0.24753231513755822 0.05425946856846862 0.12867037427505376