4 0.33534912921709625 0.8662975675636126 0.05895792401336299 0.1001196719450391
4 0.2863405592377771 0.7124762340983753 0.04802042401336308 0.09980142319868043
4 0.30967751456082304 0.788962177751027 0.06522610534690845 0.10186402837152997
4 0.27764571721836895 0.8552403956185733 0.07351132001909004 0.1427163489046432
4 0.28645764322091427 0.836740448204998 0.07676358935390812 0.15374477711788864
2 0.2788894965388695 0.9450433785298145 0.08105110001590835 0.109913242940371
1 0.3814808839115495 0.6628830625490476 0.04954656134627209 0.09672188730530315
1 0.2959064632400043 0.6963427687381115 0.05586928668045399 0.10315374373179384
2 0.36872743992682155 0.5499738855894435 0.023928396005726958 0.04286946159934022
2 0.3721251599300032 0.5266273138026889 0.022293170671545237 0.0365739974927175
1 0.9261212219128222 0.669352303707052 0.052580654678545 0.08900031551854859
1 0.4188701538829145 0.874979897267926 0.07830790802036276 0.15222774122451135
1 0.39540538188259633 0.8766416856685858 0.06876927601845369 0.1378924565847754
1 0.3870928952100966 0.9193831151354723 0.05245338534372683 0.07806281551854859
1 0.3826183119430481 0.4308063484424249 0.02069430800445442 0.03340353338609496
1 0.3963717292727755 0.45777802540202905 0.022274989337999783 0.0350114974927175
1 0.38868649860759363 0.4466132048689156 0.020730670671545236 0.036528533386094963
1 0.3846213285328243 0.9912568004748536 0.06126476400381797 0.01748639905029279
2 0.3851342372692757 0.4832410266556703 0.020712489337999785 0.03496603338609496
2 0.37495980593573025 0.48450800996262283 0.022293170671545237 0.0365739974927175