4 0.17833306771836793 0.25169624502562254 0.05876870636839735 0.13023287427505376
4 0.1816819819529747 0.4610479342377419 0.037722882730975724 0.10068708423309758
4 0.18455150362384395 0.34885558755708973 0.05634533697334119 0.10054537427505376
4 0.12965658059524549 0.2991031186759764 0.058481663944742704 0.14573947510489074
4 0.1450424645341692 0.3128463099626881 0.06093698424818443 0.15679537427505377
2 0.09719450908385577 0.19602474025173772 0.07452125212603189 0.13297936597668397
2 0.0430807071173034 0.10781342261537978 0.05114765394280305 0.09394017676456468
2 0.3306618737678062 0.5619503512540442 0.01906873545613248 0.04337149170163031
2 0.3389527348279126 0.5759419962750224 0.01843100666795978 0.03555899170163031
1 0.30899365210663526 0.41331101909553924 0.036064787881726804 0.0803745842330974
2 0.06661393090450625 0.1276765593379882 0.04543978788172676 0.08108497925407558
2 0.017402846286717927 0.09396348755244537 0.034805692573435854 0.0634238825734235
1 0.7621980136257835 0.34074558300691954 0.03462983363936125 0.08181868506293437
1 0.21876687801987 0.29563642179018723 0.05545251666989941 0.08960787427505376
2 0.3683692967964046 0.6104004292633644 0.016868506667959783 0.03544059253146727
2 0.35507207134221186 0.5999598367318972 0.018558552425594323 0.0371214917016303
1 0.7676031196849202 0.3804592784428162 0.031791876063016034 0.06607528589277134
1 0.3160568530150208 0.4327122145314359 0.028029147274843246 0.05802598755244546