4 0.12334329783194505 0.3178107995288886 0.08294778397749977 0.1328507476909257
4 0.16841391564513986 0.5224975909992589 0.056912964279073906 0.1011127321395369
4 0.14809043666314892 0.412869021300833 0.0728113663525924 0.1056047425071295
4 0.0845549084350933 0.3742467272385646 0.08574059330833306 0.147049948727685
4 0.10248470221453773 0.38526213967967565 0.09124829952888859 0.15683505183796279
2 0.04005978053712983 0.27985288680495357 0.08011956107425966 0.13876855702175908
2 0.33550437935856586 0.592222205042777 0.027128427992499926 0.0442380155513888
2 0.34619787158287146 0.6049662128184714 0.025019123845462943 0.03785131451462966
1 0.2865576143728249 0.4588342151275457 0.05058505183796278 0.08195262902925915
2 0.008614290904722394 0.21940411088597217 0.01722858180944479 0.08255822177194434
1 0.7129908496699079 0.2906752862400912 0.049159252874722094 0.08337842799249992
1 0.1713905270967599 0.35350358322356445 0.07185445909527761 0.0946672425071295
2 0.381579005513103 0.6324657877006936 0.02331992280870363 0.036152113477870174
2 0.3672137091417604 0.6256983778514806 0.026581623845462855 0.037988015551388796
1 0.7269658753060654 0.32889774764444296 0.0446672425071295 0.06748002591898139