4 0.2566454418512386 0.7850687980546921 0.05176036397194572 0.12729284034363317
4 0.2643509130121832 0.6258542503386842 0.03243057063492074 0.06866146879233562
4 0.26054359499815605 0.6879448145630356 0.05152053207825791 0.09924972749876275
4 0.20734754626246032 0.7326531269783645 0.05119915946843889 0.14283595318850323
4 0.22212144509044113 0.7201907485296619 0.05346256631598416 0.15385534034363318
2 0.1763559669896662 0.8322503352552504 0.06758562307124434 0.13123671189493075
2 0.12405059222037887 0.9151580105154495 0.04643251387966059 0.09275406603337366
2 0.4036265592192703 0.49066478007601066 0.01676599784053163 0.042924484396167625
2 0.4113191432724264 0.4770526594292243 0.017827850092285047 0.035193871551297565
1 0.400389740125509 0.5738081507227971 0.03146884793281668 0.07795458163720567
2 0.14784903762458704 0.8977182049975255 0.042406347932816765 0.07852779172311415
2 0.09750787861757346 0.926224985300679 0.03359255243632353 0.06249335594746519
1 0.8049351426541176 0.6900018752808839 0.027242422886674333 0.06060330732694617
1 0.31115486427648753 0.6758033406823174 0.04551036397194572 0.12696529172311416
2 0.4404664227297907 0.44587790253181936 0.016265350092285046 0.035111984396167806
2 0.42700470002768665 0.45451591813565156 0.017927979641934398 0.03675637155129756
1 0.7877278562569231 0.6766420601520213 0.029105311535622035 0.0653726944820761
0 0.4454099483296436 0.6688240796010408 0.037318329734219446 0.0720321302577247
1 0.38403355490033364 0.5737295855939347 0.03056768198597286 0.06389208163720568
4 0.40805324336471144 0.5111410543862702 0.0264809592838688 0.07302142017181659
4 0.29147341995201353 0.6724360012431955 0.04541023442229637 0.12540279172311414