4 0.6383224930055557 0.8547305810555187 0.01842634783255335 0.06947774607105864
2 0.7152431372643371 0.9647648606250232 0.022222509885831698 0.04782106989237604
2 0.7410907128537689 0.9894051219998173 0.0237850098858317 0.021189756000365278
2 0.6806810893552342 0.794867583536718 0.016099843878220454 0.05065497146395277
2 0.6556810893552342 0.7937031898230243 0.010775673916276674 0.03481164764263518
2 0.6378370147543855 0.7513872572342011 0.01402800790866543 0.038082196856846905
2 0.6255598492410659 0.7453363103773543 0.014410009885831698 0.047457196856846906
2 0.6655309332334547 0.7440670628585536 0.017025673916276674 0.035102746071058635
2 0.6077833947158918 0.5284741420565547 0.017025673916276674 0.035102746071058635
2 0.5878873887843928 0.5557258467712843 0.01559050790866543 0.038154971463952594
2 0.611773216350991 0.5842339904849781 0.01715300790866543 0.03822774607105863
2 0.6108818784042696 0.6061089904849781 0.018333505931499162 0.02892552067816432
4 0.628375784526049 0.6570186730738014 0.020179848821136305 0.07423802067816432
4 0.6129099520165349 0.6523846770027427 0.01778967787060921 0.05385274607105863
2 0.5746698057805872 0.5535447626108846 0.016898339923887916 0.03197774607105863
2 0.5365941442216003 0.5275066474332382 0.010648339923887917 0.03168664764263518
2 0.5511832262368228 0.5344480062007438 0.012338173916276673 0.034884422249741046
4 0.5618434950199032 0.4457129919327201 0.015046679847775657 0.0630821968568469
2 0.5660335879095404 0.400509653843379 0.015081171939110228 0.025654971463952635
2 0.5491498354380825 0.41146427046876743 0.01715300790866543 0.03822774607105863
2 0.5466124258562619 0.3776885839510028 0.013646005931498983 0.028707196856846907
2 0.5371392667687329 0.3412416617012618 0.013646005931499162 0.028707196856846907
4 0.5060921966165086 0.27717700764848585 0.012720175893442941 0.04425942224974104
4 0.4922605068829012 0.3861153600058507 0.01402800790866543 0.038082196856846814
2 0.3382535088228865 0.7656123072769823 0.020787343878220454 0.05087329528527036
2 0.34137585022964906 0.7274038318840882 0.015463173916276584 0.03502997146395259
2 0.34623710517256495 0.704148268401853 0.021458505931498985 0.029071069892376046
2 0.3495995271116752 0.6792574303125116 0.018460839923887827 0.032050520678164496
2 0.3528664485564939 0.6567103422231704 0.02158583992388783 0.03219606989237622
2 0.010586106655439702 0.6814704778740935 0.017662343878220528 0.050727746071058635
2 0.05984596041949197 0.5867059414801634 0.02002333992388783 0.03212329528527036
2 0.04276854836621345 0.563994033498446 0.014282675893442964 0.0443321968568469
2 0.06990405133196298 0.5511687018192456 0.01689833992388783 0.03197774607105863
2 0.09112513532435176 0.5490261590151746 0.017535009885831742 0.04760274607105863
2 0.0869124792025723 0.4987350605867512 0.01689833992388783 0.03197774607105863
2 0.11315664422160032 0.5077847289075509 0.0240396778706093 0.054143844499482084
2 0.13274890262455732 0.4687778868892682 0.013900673916276585 0.03495719685684691
2 0.15656574600848625 0.4221404813887501 0.013900673916276585 0.03495719685684691
2 0.11302399304273673 0.4342016796933391 0.011030341901054185 0.04106164764263518
2 0.13231516251038905 0.42179372497860934 0.023403007908665386 0.038518844499482084
2 0.05313038680722652 0.5402119311410811 0.01728034190105418 0.041352746071058634
2 0.026078455476576102 0.6086151747309404 0.018490014828747615 0.07104024607105863
4 0.0070511894492805635 0.6068514675350112 0.014102378898561127 0.06322774607105863
1 0.1463790266173836 0.6721404813887502 0.0180443458553869 0.06010274607105863
1 0.16621402414592568 0.6848053012811264 0.021296679847775658 0.06337329528527036
1 0.1880571906478285 0.6866053957806083 0.015428681824942014 0.0724571968568469
1 0.21367927315734248 0.6917124267978549 0.020052514828747547 0.07111302067816432
1 0.2476192385569314 0.8576670665826072 0.018490014828747636 0.07104024607105827
1 0.2774194850968903 0.8754924214211716 0.01893568380210837 0.08197774607105827
1 0.25894139912733516 0.8871555134394541 0.018808349809719616 0.07885274607105863
4 0.49256691300468064 0.43622452191650946 0.007905341901054186 0.040916098428423454
4 0.4278797415226808 0.8519736463997809 0.02263368676785795 0.09618579528527035
1 0.4958590562748789 0.5475258949520387 0.017598676882026255 0.049165246071058634
4 0.5928176279099779 0.6076158325032608 0.017917011862998145 0.056977746071058634
1 0.023466814146363202 0.8840154350700227 0.01880834980971957 0.07885274607105863
1 0.037433813652071615 0.8870141565339754 0.018299013840164448 0.06635274607105827
1 0.18677055775775359 0.526085272745079 0.012720175893442941 0.04425942224974104
1 0.22859330182625454 0.5562115744404901 0.014792011862998144 0.05683219685684691
1 0.2853818127006694 0.5071961856891951 0.01090300790866543 0.03793664764263518
1 0.29812189323301713 0.5210960198495949 0.013802514828747548 0.07082192224974086
1 0.2022191442216003 0.5119328815125848 0.012847509885831786 0.04738442224974086
1 0.18117713235860225 0.5673095862273143 0.0147920118629981 0.05683219685684691
2 0.710934980648266 0.9168175121965998 0.0190975098858317 0.047675520678164676
2 0.697139077492236 0.8519908788219883 0.020405341901054187 0.04149829528527036
2 0.6762190824351519 0.8275345343225062 0.0237850098858317 0.04789384449948173
2 0.6764034717510174 0.9574767454473768 0.01989600593149916 0.02899829528527036
2 0.6956800537662399 0.9646364280362001 0.014282675893442943 0.0443321968568469
3 0.6654951466558773 0.9178320485905299 0.023275673916276673 0.03539384449948209
2 0.6497467657429687 0.747245566787495 0.01559050790866543 0.038154971463952594
1 0.2158704673395742 0.5610981275836433 0.012847509885831698 0.04738442224974104
1 0.29497439962162675 0.8864855794028887 0.01906301779449713 0.08510274607105828
4 0.3696003038034209 0.5533862890800172 0.011667011862998145 0.05668664764263518
1 0.1948085508376714 0.5593344203877142 0.012974843878220543 0.050509422249741046
4 0.5180497326626134 0.502378214844415 0.011539677870609388 0.05356164764263518
0 0.29570650045711055 0.4074872841176186 0.017216674904859806 0.03979024607105863