4 0.8184202971141481 0.7098306593207806 0.03970296265733601 0.07251535009228505
2 0.9313715056222993 0.7810967851698022 0.03660127344521698 0.05210272054263569
2 0.9701622411001523 0.8060874907530431 0.03816377344521697 0.05220285009228505
2 0.831061084456812 0.6383666694998135 0.03203217261538001 0.05336483189368781
2 0.8081563807225457 0.6468998627445532 0.021473180913749612 0.03713905459579188
2 0.7743607985640406 0.6153087037375397 0.026397479254075585 0.040564443244739935
2 0.7609611493938776 0.6145973049095589 0.0303512734452168 0.05170220234403846
2 0.7965551072773289 0.5974005104927999 0.027841580083912375 0.039102072794389285
2 0.6576432047831735 0.4218171244647456 0.0261606809137497 0.03743944324473993
2 0.6499733373565971 0.4552804665374661 0.026397479254075585 0.040564443244739755
2 0.6834253773985534 0.471977810769655 0.029640878424238615 0.04232720234403846
4 0.7280050942050743 0.5319245072535974 0.043183160167825106 0.07740310919158375
4 0.7116580437901558 0.5337571175249153 0.03394987012586892 0.05815246144333699
2 0.6368696861118417 0.45847531770948535 0.02604228174358649 0.03587694324473976
2 0.5897695431654559 0.44814788942414036 0.02135478174358667 0.03557655459579188
2 0.607975091505782 0.45012139960317316 0.023154080083912554 0.03880168414544123
4 0.5818134879766527 0.36387301897378965 0.03454186597668389 0.06596496144333716
2 0.567560811212088 0.3208239258213349 0.022325285892771517 0.02786418414544123
2 0.5562448029137183 0.3372499622185295 0.029640878424238615 0.04232720234403846
2 0.5405955695104577 0.3068510633905487 0.022680483403260433 0.032551684145441226
2 0.5171930356922788 0.27773406231081454 0.02256208423309758 0.03098918414544114
4 0.463404262247062 0.23093820789959282 0.026752676764564675 0.04525194324473976
4 0.48877296038225104 0.3274429680786256 0.035630769296031775 0.05981509099298634
1 0.45636596993002065 0.5006592250184558 0.0357491684661948 0.06137759099298634
2 0.5056601879859415 0.7471441988002943 0.03527557178554268 0.05512759099298634
2 0.4935028074871103 0.7110262260981901 0.026279080083912554 0.039001943244739934
2 0.48860181993466495 0.6877889851974887 0.03061138257342364 0.034614831893687636
2 0.48123868321205665 0.6631394386212613 0.02760478174358667 0.03597707279438911
2 0.4756748448297742 0.6415147624953846 0.03072978174358667 0.03617733189368764
2 0.46548455126333305 0.7245973727667026 0.028078378424238614 0.04222707279438911
2 0.1638413861211304 0.8671794031469175 0.0303512734452168 0.05170220234403829
2 0.16740409400458167 0.8520352644979695 0.03323947510489074 0.048777461443336986
2 0.1720906713892019 0.7999220519748983 0.033713071785542816 0.05502746144333699
2 0.17888327781811625 0.6927208212532296 0.029285680913749522 0.03763970234403846
2 0.15426178611648603 0.6785977644979695 0.028433575934727708 0.04691457279438911
2 0.1737571473192852 0.6561522655777037 0.025923882573423464 0.034314443244739756
2 0.19257800229830704 0.6455256462070871 0.031795374275053724 0.050239831893687636
2 0.16877272677849783 0.6007335803525283 0.02772318091374957 0.03753957279438911
2 0.19611647677849783 0.5989813132336652 0.04031826929603186 0.0601154796419344
2 0.19832924959901468 0.5556621098098926 0.026279080083912554 0.039001943244739934
2 0.2013941273985534 0.5028677768364705 0.024716580083912552 0.03890181369509058
2 0.16662896370624328 0.5310020712532296 0.025071777594401646 0.04358931369509058
2 0.1793298732493685 0.5121321553063858 0.036009277594401645 0.04429022054263569
2 0.1546519498087961 0.6526663201734955 0.029877676764564674 0.04545220234403846
1 0.2904952840418936 0.6737927436784785 0.041265462657336015 0.0726154796419344
1 0.3121334857015675 0.6692659299833881 0.04474566016782511 0.0775032387412331
1 0.33359408860599693 0.6623953662882975 0.04990675684847723 0.08405362739018099
1 0.34862709275518183 0.6535815707918043 0.042946361827499134 0.07427810919158376
1 0.43069607678314215 0.7731442967331109 0.04138386182749905 0.0741779796419344
1 0.46255065064327744 0.820560714839423 0.04533765601864026 0.0853157387412331
1 0.44349207470854973 0.7762495103359164 0.029877676764564674 0.04545220234403846
4 0.6228486106013211 0.7914473064507184 0.052653248550107536 0.09977875693983033
1 0.5484700369416786 0.462570137264672 0.03371307178554286 0.055027461443337165
1 0.255863865375206 0.900534518816906 0.043538357678314196 0.08209060919158376
1 0.27191491786471694 0.8947956585455883 0.04427206348717307 0.0712532387412331
1 0.27348353756637855 0.5736122709763745 0.026752676764564675 0.04525194324473976
1 0.306781289640971 0.5675532356589141 0.03238737012586892 0.058052331893687636
1 0.3682739740792055 0.49845397979881784 0.02926237012586892 0.05785207279438929
1 0.3756720769836349 0.4924845820505713 0.03394987012586892 0.05815246144333699
1 0.28342630001393315 0.5494237993540045 0.028670374275053766 0.05003957279438929
1 0.2833428670255912 0.5172423550295305 0.028196777594401645 0.04378957279438911
1 0.2732108504288516 0.5492933914267251 0.02938076929603186 0.05941457279438911
1 0.2649965313426012 0.5859317982742704 0.03394987012586892 0.05815246144333699
2 0.9077438288577347 0.7386484693152433 0.03335787427505395 0.05033996144333699
2 0.8691064587318656 0.6846013194075283 0.031440176764564856 0.04555233189368764
2 0.8405195174451542 0.6699473365263915 0.03828217261538001 0.053765350092285044
2 0.8927826023029514 0.7898500239110351 0.02748638257342364 0.03441457279438929
2 0.9131543018880329 0.789329589765594 0.028551975104890916 0.048477072794389106
3 0.8667995201444464 0.7577582171557748 0.03264747925407576 0.040964961443336986
2 0.7839250527132255 0.6068453616648191 0.026397479254075585 0.040564443244739935
1 0.47448196558034306 0.7915345488925792 0.04533765601864026 0.0853157387412331
1 0.2975838883962155 0.57049776295681 0.026989475104890737 0.048376943244739935