4 0.10539145148811375 0.710151848711376 0.07439370636839734 0.12991987336031982
4 0.17216384755500905 0.5401801854369646 0.059852974246244806 0.10426477611928178
4 0.14038794694618587 0.6149688234966054 0.06741038273097573 0.10154921189493056
4 0.07254687164177429 0.6550858904344901 0.07723166394474272 0.1456267605154496
4 0.09212591906639875 0.643946994572933 0.08112193849054994 0.1551655348257089
2 0.028094274002176324 0.7516609972864666 0.05618854800435265 0.1354262449116174
2 0.34379934468007106 0.42927922772590543 0.02531873545613248 0.04333392017181659
2 0.3556934378623301 0.41698726763999716 0.02324605242559432 0.03700203301668683
1 0.22742569027822607 0.6446353120766447 0.05841802000387934 0.10574538896415202
1 0.4542422502898641 0.3246968690649067 0.021428460910325242 0.033795145861557074
1 0.42597385801599064 0.35651675712454756 0.02311850666795969 0.03543953301668683
1 0.4255592698347015 0.3425361442796773 0.021683552425594322 0.03692014586155708
1 0.6889855883019754 0.7939194233396353 0.04582242515463033 0.0848596788782439
1 0.13267155754725035 0.7476175491863459 0.06269093182259015 0.11997166327441153
2 0.3938629886209345 0.38776011307201286 0.021556006667959694 0.035357645861557076
2 0.37844528271157907 0.3955692910457455 0.02324605242559432 0.03700203301668683
4 0.7082774643649913 0.7291199389434675 0.039604376063016034 0.06586401741285446