4 0.3475593163869581 0.13746780598260055 0.08146533278320493 0.12907243030721935
4 0.26954994771098173 0.28827384863353916 0.047397063487173076 0.07022321996293313
4 0.30698001534733965 0.22848218638248716 0.0716400468904336 0.10223711179556512
4 0.2816616292494312 0.15944944418703547 0.08409342531467212 0.14318949400955025
4 0.2895566396223934 0.1793080764010206 0.0894913203356503 0.15272818511654282
2 0.2998214786293757 0.06451889010335146 0.09410704274124866 0.11081350362819706
2 0.3377993497809298 0.4833532248570746 0.026634277594401644 0.043005955534962934
2 0.33811865849421807 0.49981403855940537 0.024598180913749525 0.03670139183263199
1 0.3758787676224248 0.5183656311176768 0.03719326929603195 0.058958337748947896
1 0.6957526371235937 0.5663517856489986 0.033121075934727705 0.046349210344286365
4 0.3283320292447868 0.34985867857793884 0.07317923610255281 0.12254961179556503
2 0.34814393131473487 0.5432465800292177 0.022917281743586492 0.035084328130301046
2 0.3413970238462021 0.5289112615175634 0.026160680913749523 0.036755955534962935
1 0.6931953995711483 0.5897620037978332 0.0419991684661948 0.060684528855940556
0 0.4439033653519841 0.04448418701545934 0.07781826929603178 0.060376994009550225
1 0.3627042613986474 0.5061558077966991 0.03743006763635792 0.0620833377489479
0 0.5108476087039995 0.41184779100647617 0.050403664317009954 0.0687698473675948
1 0.475957003524485 0.11766871587139989 0.08411673610255281 0.12293155771188106
4 0.46178222405598357 0.4391171299365504 0.05326855518880329 0.0860119110699257
0 0.5081532742704093 0.15795889917384415 0.07727474025173783 0.11490080290255769