4 0.2360341151693081 0.83424854754508 0.04655259618646843 0.1264732199629332
4 0.2135837402117171 0.6707664009031247 0.02890873920022683 0.06811508293962447
4 0.2308505965649866 0.7362921971822604 0.04707838584218216 0.09684028366526398
4 0.18195673957874497 0.7924677861123347 0.045535733209776996 0.14204365626060228
4 0.19659215845321892 0.7765526094333124 0.045917679126093035 0.1529811562606021
2 0.16105890782024673 0.8981175853866953 0.062232159888799335 0.1285813569862416
2 0.11845969085253853 0.9726314573490613 0.041135920688572504 0.054737085301877285
2 0.35301580636111873 0.508244097452413 0.015535719962933126 0.04267857332097762
2 0.35900291153326186 0.49359132041057074 0.015262901451278843 0.03486607332097762
1 0.3621700623515685 0.5820908252198943 0.02767362141421188 0.0774355192372937
2 0.13904500936419278 0.9652009032653772 0.038556557711881115 0.06959819346924548
2 0.09288677197806454 0.9886830432839109 0.03061508293962456 0.022633913432178333
1 0.7571998201561169 0.6263914737607662 0.02394842068857237 0.06013889183263199
1 0.28097957133724316 0.689546171954517 0.03586806733052796 0.0886458377489479
2 0.38455847224036777 0.45615580779669906 0.013645837748947986 0.03324900961864685
2 0.3724304944728864 0.46746533002921764 0.01531746515360961 0.03642857332097762
1 0.7472171849469068 0.5986657778444503 0.02562004809323426 0.06331845553496293
0 0.4016640935697618 0.7054936088851582 0.0337053666048885 0.07140377404661713
1 0.3443377216073956 0.5775570926430894 0.02718254809323426 0.0633730192372937
4 0.35933772823081755 0.5288021341129017 0.0228224303072194 0.07258432813030105
0 0.6252181554579941 0.7547570320208015 0.03365080290255769 0.06984127404661714