4 0.2375 0.803125 0.03125 0.12265625
4 0.22734375 0.63671875 0.02109375 0.065625
4 0.2375 0.70546875 0.03515625 0.09296875
4 0.1859375 0.75859375 0.028125 0.1390625
4 0.20078125 0.74375 0.028125 0.15
2 0.159375 0.86328125 0.046875 0.1234375
2 0.1109375 0.9546875 0.03125 0.0875
2 0.37109375 0.484375 0.01015625 0.04140625
2 0.378125 0.46953125 0.01171875 0.03359375
1 0.4015625 0.5265625 0.01875 0.07578125
2 0.13359375 0.93359375 0.0296875 0.07421875
2 0.08515625 0.9703125 0.02421875 0.05859375
1 0.77265625 0.5984375 0.0171875 0.05859375
1 0.30234375 0.6296875 0.025 0.1296875
2 0.40546875 0.43359375 0.01015625 0.0328125
2 0.39296875 0.44453125 0.01171875 0.034375
1 0.75625 0.565625 0.01875 0.06171875
0 0.371875 0.7859375 0.03359375 0.084375
1 0.38359375 0.52265625 0.01953125 0.0609375
4 0.3765625 0.5046875 0.01484375 0.07109375
0 0.64375 0.8375 0.02578125 0.06640625
0 0.521875 0.51953125 0.0203125 0.04921875