4 0.20681620666717193 0.7852671756136724 0.04603972872636941 0.12869882697140156
4 0.22620149004105095 0.6275502704629213 0.030078385440423537 0.06961086939505616
4 0.2179713544042356 0.6893487687959313 0.04743860226293632 0.10070137272903601
4 0.16121281517662417 0.7315683486422708 0.04613972267624522 0.14588632697140155
4 0.1775417971244474 0.7196263290974334 0.04775676483072293 0.155388872729036
2 0.12273209815771971 0.8283797047014074 0.061682909444528644 0.13309928454774678
2 0.06385252272755886 0.9086892159112949 0.04271474082661783 0.09406873545613266
2 0.37694585772388534 0.4992972089534712 0.015870439695149674 0.0434629575763454
2 0.38545779449216877 0.4859362106204612 0.01582498789975162 0.03565045757634522
1 0.3595043485505031 0.5884554327406741 0.028579517953980903 0.08042082363742153
2 0.08874798359814326 0.8927611980334476 0.03950792759490127 0.07975114394086305
2 0.03658149560019579 0.9189571651526908 0.03160452400410509 0.06348841515269044
1 0.7766014658405541 0.7411963771502778 0.023792024004105093 0.062850686364518
1 0.26008613153159865 0.6802925042520638 0.04291472872636941 0.12844373545613247
2 0.4165214421310366 0.45645587577315183 0.01426248789975162 0.03552291181871077
2 0.4032947342855143 0.4647467368332583 0.015834078258831187 0.03721295757634522
1 0.7638469357863248 0.6964260110892014 0.026935204722264315 0.06623077787978708
0 0.4091594357863248 0.6674731241061619 0.03323065651766246 0.07455346091032525
1 0.34153559855050314 0.5869886565278769 0.026926114363184706 0.06466827787978709
4 0.38021175828961934 0.5237710504687403 0.02385565651766246 0.073788186364518