4 0.1662457218303488 0.3128407742704094 0.08676616061076281 0.13080155933798815
4 0.253856776381975 0.47127931368766574 0.07066292848861026 0.10473596680652086
4 0.2118608528943346 0.3997837446014153 0.07691292848861027 0.10520956348717307
4 0.1415325063780957 0.3760278585035068 0.09103907242947366 0.1451008576783142
4 0.16170148516626837 0.382360368876469 0.0964918469752809 0.1548310551888033
2 0.06889248970819625 0.2950631236503538 0.09977634364130097 0.13799875269929238
2 0.4336077913848845 0.53548075579957 0.02844373545613248 0.04408188672260849
2 0.4470006116883263 0.5454710624382658 0.026371052425594323 0.037713487552445454
1 0.3121956927426137 0.38667824812590024 0.05312474212409226 0.08011447510489074
2 0.02998961531217025 0.24219915539394035 0.026817333639361295 0.08122668921211931
1 0.5613817182065048 0.6177702696970172 0.02455346091032524 0.034470088382282424
1 0.5351860089631696 0.595386706834544 0.026243506667959694 0.03615098755244546
1 0.5322363521454285 0.6074014547599516 0.02480855242559432 0.03759508838228243
1 0.7345816494008751 0.12985218213992747 0.04429187606301603 0.06702247925407559
1 0.1922182904668006 0.3132309379627195 0.0798784318225902 0.12251546265733601
2 0.48791252517402695 0.5651673331841902 0.024681006667959693 0.036032588382282425
2 0.47184111502230613 0.5608825748858205 0.026371052425594323 0.037713487552445454
1 0.7529808340984033 0.1433935412681342 0.04585437606301603 0.06714087842423862
1 0.33703619607659363 0.40208976057345486 0.04052914727484325 0.05897318091374952
1 0.2289528869830395 0.33953240621913294 0.06846269970043758 0.09680506763635792