4 0.3719719336130419 0.1271089633064713 0.0829094336130419 0.12542724687674203
4 0.32893509648015945 0.2908487555591449 0.06707094606059653 0.10190793364502548
4 0.34512693631233426 0.21597602058625953 0.07320254689043351 0.10038179508134393
4 0.31028907241024273 0.1478345537637468 0.08721842531467221 0.1410704275949013
4 0.32030361245219907 0.1666345507386847 0.0910538203356503 0.15046360831306052
2 0.31039397095570587 0.056469210379605075 0.0926629419114117 0.10986587939029938
1 0.4131459983496148 0.381923728333586 0.05315015601864026 0.08308521077238851
2 0.41383400519809205 0.4631419120768073 0.028196777594401645 0.04233294574527395
2 0.41176294233561894 0.48733793617910826 0.026160680913749523 0.03607385538619425
1 0.9261554838274677 0.4122400257526209 0.06131785352912935 0.08781816256778666
1 0.44306660622842176 0.1790623487468949 0.08878092531467208 0.1410795179539809
1 0.42443500539858475 0.18051576443793946 0.07102474025173766 0.1128636143631847
1 0.41237271328203595 0.16560838192438215 0.060489059337988184 0.07688066256778665
1 0.43321373507686756 0.595227704231285 0.02279888257342346 0.03293067466803503
1 0.4408244029183626 0.5616930415653025 0.024479781743586494 0.03450226502711473
1 0.4270462454498298 0.5756691831540461 0.023035680913749523 0.03605567466803503
1 0.9830045219953242 0.3486229533475222 0.03399095600935169 0.09876475292686618
1 0.4162887734452168 0.052399854797019085 0.08257754689043355 0.10043633723582165
2 0.4283001695151021 0.530383954231285 0.024479781743586494 0.03450226502711473
2 0.4193628773985534 0.5154947524358869 0.026160680913749523 0.03607385538619425
1 0.4518002209557059 0.05729188787631049 0.08485044191141178 0.10982042759490127
0 0.4824106809137495 0.03872824023744264 0.08044636182749905 0.07231133723582164