4 0.2274232989348671 0.23710452896968767 0.03988485376405233 0.09771145459715277
4 0.2518224155505007 0.3953352562682641 0.036887187756441085 0.10076371941479172
4 0.23620273273697548 0.31848181553881966 0.04607118676785795 0.09629442496187508
4 0.17950972235685217 0.26799019984750017 0.04323002965749527 0.14149782218833334
4 0.19567589182450448 0.2816351257593057 0.045238198630855965 0.15247168977951392
2 0.1380305350947027 0.16946112765916677 0.05391286167271767 0.13550239532659725
2 0.0834610988211364 0.07531043094579867 0.041129018783080326 0.08993532218833336
1 0.36223067494204086 0.4423940538553127 0.02837435079830275 0.08339438145888885
2 0.3944476087441492 0.524316854292153 0.014219008897248564 0.04247844072944442
2 0.4024338636870651 0.5479180084524655 0.015463173916276673 0.03470230832062491
1 0.8338961334215476 0.25668390434774374 0.034751684790691684 0.08666485182361114
1 0.301913962965312 0.22635017334635438 0.04680069863085592 0.15250805737069445
1 0.2868619659310615 0.24004899743454883 0.03997769566510643 0.13830008700597227
1 0.2596972880604522 0.18634211597565992 0.03886618182494202 0.07271145459715278
2 0.1076944362735663 0.09538719481350703 0.03749468281352519 0.07736258700597225
2 0.055576179353484065 0.06139274810013893 0.03054434585538688 0.06002961664125004
1 0.46146796547395097 0.6367090579393754 0.013837006920082117 0.03310344072944442
1 0.4593497085538688 0.603878374143785 0.015399506920082118 0.03313980832062491
1 0.4506750455120071 0.6208476685967017 0.013900673916276673 0.03466594072944442
1 0.8772376151327588 0.17105618208316048 0.03988485376405251 0.09771145459715277
1 0.22559951927737193 0.09657044794763907 0.04852502471457942 0.1182057925530556
2 0.4333947036109529 0.5798589926848962 0.013837006920082296 0.03310344072944442
2 0.4197951186299809 0.5717373681598614 0.015463173916276673 0.03470230832062491
1 0.25522335228117754 0.09569893218006965 0.04897069368794007 0.1291432925530556
0 0.29140093281352514 0.08327232057281274 0.051395356729801736 0.11202852773541669