4 0.19220346733882096 0.741429629088224 0.06204066191590938 0.149017293337025
4 0.24136707838416518 0.5480813448504978 0.04670516693047429 0.10436612739018099
4 0.21958065808847865 0.6332271028700622 0.05598923871722887 0.10184190468807693
4 0.15906670691397967 0.6785884700812105 0.060387233702663946 0.14579216378737564
4 0.17671720816762093 0.6664994802602433 0.0638304824490227 0.15692992288667434
2 0.10876048152458592 0.7788678747692873 0.07895537727617326 0.14074371838316732
2 0.059539383015654 0.862640899907715 0.07000627461060623 0.10118057063492074
1 0.33863453496894047 0.6091609423218892 0.04675063103709691 0.10592862739018098
1 0.2595129877927921 0.7144177436784785 0.06346676959604132 0.14442992288667417
2 0.38707673198680437 0.44481903763381225 0.019977530878812377 0.04338905459579188
2 0.4006163947606435 0.42594912168696836 0.0197956744523216 0.03713905459579188
1 0.44596834718878375 0.37060148519748876 0.01648881802583091 0.03068879549649317
1 0.8675313909332129 0.8977428670634898 0.05750627461060631 0.10037953423772628
1 0.4364713267348126 0.3939085772702093 0.016397889812585477 0.02756379549649317
1 0.4566330625490476 0.3605255783499435 0.013136497492717503 0.022676036397194555