4 0.3399612708194909 0.1532975768875074 0.07217299352159508 0.12991987336031982
4 0.30712539173126696 0.32131723654387434 0.05807092072720588 0.10426477611928178
4 0.3194566085732749 0.24643674525030163 0.06568316162790726 0.10154921189493056
4 0.28009491748800336 0.17896928425988218 0.07473678901808825 0.1456267605154496
4 0.2914527220837952 0.19825155076822557 0.07846256631598418 0.1551655348257091
2 0.2765613024363235 0.0752268085701417 0.08749760487264702 0.12605124491161734
2 0.40261477174234156 0.49917664292088093 0.02457849784053163 0.04333392017181659
2 0.40595981723883484 0.5149244736535756 0.0226154796419344 0.037002033016686656
1 0.9012141556109274 0.44277275045022596 0.04729410703211556 0.08189845318850324
1 0.41458863587117084 0.26076591813565164 0.056608550276855144 0.10574538896415202
2 0.26710715684754527 0.024899259949622693 0.049839313695090495 0.024413501809022308
1 0.44540065391288464 0.6322281603337355 0.020852720542635695 0.033795145861557074
1 0.4377791185954242 0.5983478052907814 0.022515350092285048 0.035439533016686654
1 0.4292051549926187 0.6103564823600027 0.0210529796419344 0.03692014586155708
1 0.9322848804725 0.3930117678630805 0.050719495681063265 0.08674972749876275
1 0.3835715684754525 0.1291098043862702 0.060634716223699134 0.11997166327441158
2 0.42506956507936644 0.557971788782438 0.020952850092285046 0.035357645861557076
2 0.41557464913252257 0.5434589094292244 0.0226154796419344 0.03700203301668683