4 0.35495749757095857 0.866755902547587 0.07718188311602718 0.12761905771188112
4 0.28571439407966637 0.7184845828548065 0.04495003571381497 0.07027778366526398
4 0.31982061283007834 0.7774131495523623 0.06893300649282175 0.10234623920022692
4 0.29050921388573847 0.8463640461943177 0.08055234496658023 0.14179068511654264
4 0.2994302463531426 0.827313945831498 0.08543075973923261 0.1528918762235353
2 0.30296257508766844 0.9380604728733399 0.09083528003177213 0.10467263103285873
2 0.3656860864484589 0.5204984614405946 0.025736385551659247 0.043060519237293704
2 0.36675370860743745 0.5040649295894293 0.02406479139585782 0.036755955534962935
1 0.4016878161559195 0.4708332781381504 0.03535684740221221 0.057450401451278665
1 0.723463404629678 0.4205579373091594 0.03204093262955983 0.04640377404661713
4 0.34772919886820486 0.6546378484639032 0.07085006249917622 0.12271330290255769
2 0.37922248092857186 0.46068695182194774 0.02247501785690744 0.03513889183263199
2 0.37116451907801873 0.47502227033360195 0.02406479139585782 0.036755955534962935
1 0.7215014841749827 0.39876478286265576 0.04009889448011279 0.060739092558271326
1 0.3903821233800898 0.4923089740544663 0.03543866801906326 0.06213790145127866
0 0.5413661505724882 0.6096179812260425 0.05769549756436802 0.08477679328391083
1 0.470015481742646 0.8057415022774347 0.07720915665497756 0.1291815577118811
4 0.4960360596630977 0.5674776104448027 0.04988299756436802 0.08450397477225664
0 0.5265188518730296 0.878722645291193 0.07860801542127546 0.11986112141421187