4 0.7504870470141224 0.2634049443940921 0.040854228964778014 0.07093979139585782
2 0.8666144275880547 0.19112261565956626 0.03787134059717552 0.05060001785690749
2 0.9066984782084735 0.16600956736384959 0.03787134059717552 0.050600017856907445
2 0.7627031877275134 0.33479870332254585 0.03329310124083733 0.052080697240056394
2 0.7398119909458221 0.32657710023829073 0.022825494804219915 0.036292056006354476
2 0.7054862674289257 0.35883049268980877 0.02773151609154336 0.039498876623205434
2 0.6921503871070949 0.3593799176087309 0.029949579953513706 0.048901150162155814
2 0.7277219003486467 0.37642709577406386 0.027622255447881727 0.03793637662320544
2 0.5831803066493779 0.5530287317327602 0.027512994804219915 0.03637387662320535
2 0.5768810301662743 0.5200662272685334 0.02773151609154336 0.03949887662320535
2 0.6101141472465536 0.5034378348170152 0.030965776735204998 0.0411159237011061
2 0.6194016659359869 0.48248045251176686 0.02729447351689629 0.033248876623205345
4 0.656617442671192 0.4424554703686744 0.04586951089576328 0.07570911201270877
4 0.6403204533148538 0.44060659820969583 0.035183383171822416 0.05679547077900686
2 0.5637636711317671 0.5174906521874554 0.0274037341605581 0.034811376623205346
2 0.5161238466261349 0.5276099460189452 0.022606973516896466 0.0331670560063543
2 0.5342564875916274 0.5255798417168741 0.024497255447881727 0.037881829545304765
4 0.5063175218684011 0.6119167621715693 0.03718292574646931 0.06307274431795715
2 0.49075822384587264 0.6554485738599667 0.023841691585911207 0.028506829545304768
2 0.4801867106043208 0.638837772317839 0.03107503737886681 0.042678423701106284
2 0.46321237805291704 0.6690474236978108 0.024060212873234833 0.03163182954530477
2 0.4392067955015131 0.6991343441525061 0.023950952229573018 0.03006932954530477
4 0.3834759655479993 0.7466581805976696 0.02805929802252862 0.04418637662320535
4 0.4175228196388282 0.6400905807598255 0.02616901609154354 0.039471603084255055
2 0.4414616082782027 0.23063376014297443 0.03652736188449914 0.05369774431795715
2 0.42795648315215207 0.267161595370322 0.027622255447881727 0.03793637662320544
2 0.42241132349722593 0.29053091152294624 0.030528734160558103 0.034865923701106104
2 0.4144677835204691 0.31464056736714485 0.028966234160558102 0.034838650162155815
2 0.4074693845092048 0.33642010998081867 0.032200494804219916 0.036455697240056484
2 0.10307073365635508 0.11443642126547413 0.031621340597175515 0.05049092370110612
2 0.10588437721973772 0.13012960511285 0.03463707995351378 0.04898297077900682
2 0.10931002597890047 0.1818148360381265 0.03496486188449901 0.053670470779006774
2 0.11359905220990249 0.28826938758025406 0.030637994804219915 0.036428423701106105
2 0.08834232609511601 0.3026903977265238 0.029731058666190302 0.04577615016215582
2 0.10712517708385172 0.32491995373287824 0.025841234160558148 0.03478410308425506
2 0.12516498290005043 0.3354034862002823 0.033074579953513795 0.0489556972400564
2 0.10012142423386013 0.38033415665497755 0.029075494804219913 0.03640115016215582
2 0.12741054391202927 0.38159269358660847 0.041542643815484226 0.05846706493480811
2 0.1282574958895007 0.4254108774339843 0.02605975544788164 0.03790910308425506
2 0.13006601432683257 0.47785008482031055 0.02605975544788164 0.03790910308425506
2 0.09604057559091292 0.44987904342445273 0.026387537378866833 0.04259660308425506
2 0.10801069786697211 0.4688608685055306 0.035762537378866824 0.04276024431795715
2 0.08732077547469738 0.328485284495999 0.03118429802252858 0.044240923701106105
4 0.07258056830144585 0.24844322848964456 0.03885468639013112 0.06466251785690744
1 0.2273773289451076 0.24958080884572822 0.03707366510280767 0.06151024431795715
1 0.2518692305542619 0.24609729869945846 0.041979686390131124 0.0647170649348082
1 0.2712530150831372 0.2597331047058129 0.04096348960843983 0.07250229139585782
1 0.28918356025567415 0.27177913717321694 0.04408848960843983 0.07255683847375849
1 0.3975473533345242 0.12035873335761323 0.042525989608439826 0.07252956493480815
1 0.42928902623100207 0.11387295413662005 0.04630655347041035 0.08195911201270886
1 0.4159913507366341 0.10268999228606697 0.044525532183086726 0.0788068384737585
4 0.4394960086268494 0.5943241132272294 0.023153276735204998 0.0409795560063543
4 0.5588565579098856 0.18496847848634926 0.05510239926336578 0.09615797970746054
1 0.49040258078669297 0.49274402231783904 0.03485560124083733 0.05210797077900686
4 0.6035417191542956 0.4743815803527884 0.03685514381548423 0.05838524431795715
1 0.2011583084140888 0.0316705600635442 0.04455838317182244 0.05695911201270885
1 0.2168925690577505 0.030380795453047595 0.041214861884498966 0.053779564934808156
1 0.20215381779724276 0.3977592102257 0.0280592980225286 0.04418637662320553
1 0.24723137101555145 0.39072400608578467 0.033620883171822415 0.0567681972400564
1 0.2876817723726043 0.4610461887153445 0.02460651609154336 0.03944432954530477
1 0.29783802237260426 0.4612234667185217 0.025841234160558103 0.03478410308425506
1 0.21328805975147108 0.41750864853730263 0.029949579953513793 0.048901150162155814
1 0.19537394007330194 0.41641375283937376 0.026496798022528578 0.04415910308425506
1 0.2146427461416022 0.35339160145940196 0.03518338317182244 0.05679547077900686
2 0.8424613795655261 0.23450442288373666 0.03463707995351371 0.048982970779006776
2 0.8019185070373656 0.2885509947184037 0.032746798022528625 0.044268197240056394
2 0.7727555309225791 0.3029038210172975 0.03954310124083733 0.05218979139585782
2 0.8288248504845328 0.1834231639552829 0.02885697351689629 0.03327615016215577
2 0.8491373504845328 0.18377771996163733 0.02984031930985225 0.04733865016215581
3 0.8015303769676361 0.21579928733207748 0.03398151609154345 0.03960797077900684
2 0.7142603338887861 0.3675878839235108 0.02773151609154336 0.039498876623205434
1 0.4304473346450908 0.1420525012145207 0.033730143815484226 0.05833069724005648
1 0.23789457584301443 0.3788279780826075 0.02827781930985207 0.047311376623205434
1 0.4489841671964946 0.11187012337349929 0.04819683540139543 0.08667388555165917
4 0.37843781234936114 0.43838203043551394 0.03205838317182241 0.0567409237011061
1 0.22147190034864658 0.3675904691541537 0.030058840597175517 0.050463650162155815