4 0.1931870379264332 0.2609311536384912 0.05910715988879933 0.12910961124870501
4 0.22084579037350394 0.42757499813797323 0.03521330290255768 0.070278266749223
4 0.2152927056197808 0.3578981989237614 0.05500001324684389 0.1008390620344933
4 0.15288198565684774 0.312872489246633 0.0596527969121079 0.14473461124870504
4 0.17125996342432917 0.32542814722835034 0.06159724282842385 0.1557448858558109
2 0.10337800426116925 0.21306938833701022 0.07484128729346104 0.13296235731976358
2 0.03572422359113018 0.12958049214211714 0.05009425843752049 0.09437073821317572
2 0.3954142591553107 0.5573824303125117 0.018660719962933038 0.0429880206781645
2 0.405253050625123 0.5711003279551468 0.018442465153609745 0.03673802067816432
1 0.4357937224948218 0.5522433200972638 0.0317063569862416 0.059195217535011224
2 0.06285964246560416 0.14722391046291672 0.04647818511654279 0.08016268899896399
2 0.014248527674814184 0.11766053494618807 0.022495048093234233 0.06344606989237614
1 0.7481250529873756 0.427954065339753 0.02501984736759475 0.04640411910658795
1 0.30665680480147417 0.45029121422524243 0.05269346878180681 0.12413101282028158
2 0.43991079282057466 0.6031337320079228 0.016825401451278844 0.035102746071058635
2 0.425548192457755 0.59388501054397 0.020004965153609788 0.036810795285270356
1 0.7375694989036916 0.438382143090012 0.027073420688572547 0.06053939371369381
0 0.27340776206571754 0.1905694578151016 0.05154763103285873 0.09131851282028158
1 0.4157713991738442 0.5372711375084407 0.02562004809323426 0.06359161910658777
0 0.5748288744094369 0.06655203080784967 0.05590774881887377 0.08216183664159915
0 0.5148413270339928 0.4482878742738744 0.03321429328391083 0.057705492142117086
1 0.3857912332945951 0.48283619458053534 0.038993067330527965 0.08917381596343468
1 0.23356152286549073 0.12163536724456103 0.06012402286549072 0.11355738585581085
4 0.43706106741534595 0.43218553122213443 0.046170650270152436 0.11602741439185812