4 0.1408553208993359 0.25090024425055585 0.07578623986054138 0.15105394354388874
4 0.19029867398175856 0.4321509527801856 0.05553944183801276 0.1058002321395369
4 0.16712860777399968 0.35264867196023186 0.06469592055068932 0.10349543836009242
4 0.10652424354371218 0.3199038139489817 0.07244271857321789 0.14765554147037027
4 0.12372816903808004 0.3292692520262503 0.07622328243518829 0.15730394354388882
2 0.054431501841585406 0.23206135282745385 0.09075567599857096 0.1430459539114813
2 0.021121247150008408 0.1579690334118519 0.042242494300016815 0.10281193317629622
1 0.2891457194063971 0.3621617900562506 0.055648702481674486 0.10736273213953691
1 0.19917056545145428 0.28306890381694483 0.07545845792955616 0.1463664435438888
2 0.3374143385803632 0.5046917511777785 0.02326253737886681 0.043964613477870354
2 0.3517828411782532 0.5212934908101859 0.022825494804219915 0.03771461347787035
1 0.3975598809029085 0.5662061581522695 0.01926345222957302 0.031191211404351903
1 0.8120576035866257 0.0055317897734266765 0.06650979282674854 0.011063579546853353
1 0.38737077991417285 0.5453564159279638 0.017482430942249483 0.027929510367592593
1 0.407896447362769 0.5738430008949547 0.015592149011264312 0.02310530933083328
1 0.1511586723922747 0.12576354321379662 0.0749121547112475 0.13855394354388878