4 0.7658597555463291 0.7669660992410658 0.029505829734219446 0.0713311719391104
2 0.867230093300113 0.8576136624732079 0.029666516039128864 0.04951983893530496
2 0.9020952490679243 0.8883079055531258 0.02966651603912922 0.04951983893530461
2 0.792854249686233 0.6992865093171781 0.023516645588778216 0.05082767095052709
2 0.7680545087855316 0.7034301812562884 0.0163654796419344 0.03651050296574958
2 0.7406013348191232 0.6661676031953986 0.021153109191583752 0.038264003954332715
2 0.7271198257198247 0.6635837726630509 0.021854016039128864 0.04920150395433272
2 0.7656316131967533 0.6533983477581911 0.022715609191583754 0.038327670950527096
2 0.6574024012919909 0.4557195345260491 0.0210529796419344 0.03670150395433254
2 0.6452924275101527 0.48676128749179853 0.021253238741233103 0.039826503954332716
2 0.6749193707548924 0.5090527815602994 0.024378238741233106 0.03995383794672147
2 0.6794461844499831 0.5308004475679107 0.02231509099298634 0.03207767095052709
4 0.7090125709394626 0.5765931086326062 0.0313687183831675 0.07608233893530461
4 0.6925061913898134 0.5756991120926471 0.025379534237726275 0.05557883794672147
2 0.6312799922849773 0.488115540457548 0.022415220542635693 0.03364017095052709
2 0.5862283081395361 0.469585716350991 0.016165220542635694 0.03338550296574958
2 0.6037662615633088 0.4743541293928527 0.017927979641934398 0.03657416996194396
4 0.5933713772332976 0.3854826303814359 0.024417811535622037 0.0648901709505271
2 0.5857801202934672 0.3403611313700191 0.018889702344038462 0.027262836958138338
2 0.572618786240311 0.35499663433576856 0.024478368290882457 0.04151633794672147
2 0.5619223156976754 0.32253430281483775 0.01752746144333699 0.03032416996194396
2 0.5440944656053903 0.2887959727767816 0.019089961443336988 0.030387836958138337
4 0.49825223704319005 0.23348373167403022 0.019991127390180986 0.04445033695813834
4 0.5093980929955713 0.334073980685447 0.02401729333702498 0.05864017095052709
2 0.45365084977851805 0.7475727479856527 0.028404404688076923 0.054143671939110224
2 0.44729142581210973 0.7094506654761386 0.021153109191583752 0.038264003954332715
2 0.4465707325673698 0.6859813319780413 0.02544009099298634 0.03220500494291585
2 0.4434061597729807 0.6610449989742357 0.023977720542635694 0.03370383794672147
2 0.4411730313030656 0.6384205824723329 0.027102720542635694 0.03383117193911041
2 0.09619809761904971 0.80443549060846 0.021954145588778284 0.05076400395433263
2 0.10154693167220581 0.7901183226236823 0.026441386489479645 0.04783000494291585
2 0.11553028608342752 0.739417985665544 0.025279404688076924 0.05401633794672147
2 0.14022180058139702 0.6358008957416562 0.025640350092285047 0.03533000494291585
2 0.11792649598560515 0.6179104001902804 0.021553627390180984 0.04451400395433254
2 0.14099375616463797 0.5989548117492673 0.02085272054263574 0.03357650395433272
2 0.16168698796604067 0.5918453073006431 0.024979016039128953 0.04932883794672147
2 0.1453017219269117 0.5439489767682953 0.022515350092285048 0.03520267095052709
2 0.172895795801035 0.5467410543348935 0.03172966378737554 0.05739600593149916
2 0.182742362735328 0.5048254683653385 0.0210529796419344 0.03670150395433254
2 0.19433190237172507 0.4534393819014917 0.0194904796419344 0.03663783695813834
2 0.15500858651716626 0.47540722380254585 0.018328497840531678 0.04282416996194396
2 0.17041354102067302 0.45911372034250475 0.030628238741233015 0.04020850593149916
2 0.12252435841639135 0.5918744822055029 0.024678627390180986 0.04464133794672147
1 0.2456195018457013 0.6792869574909235 0.027342552436323508 0.06189250494291585
1 0.2767693722960519 0.6764511175670357 0.030667811535622213 0.06514483893530461
1 0.29566956662052596 0.678030863612703 0.02814358883351815 0.07439250494291585
1 0.317544566620526 0.6771395256659816 0.0311684592838688 0.07295733893530461
1 0.3829063556386142 0.8170350138029834 0.029605959283868798 0.07289367193911041
1 0.41361493753230194 0.8439821743733871 0.03186936613141409 0.08389483893530461
1 0.39275172500923067 0.8362160953239142 0.030106607032115384 0.08070617193911041
4 0.5611815499630881 0.8121207262368226 0.03745803207825791 0.09814833992388765
1 0.5537057048080486 0.49989264026726765 0.02664164558877822 0.05095500494291585
4 0.6625590730989309 0.536188284526049 0.027142293337024982 0.05876750494291585
1 0.17720587059800896 0.8951294747911291 0.03166910703211538 0.08076983893530461
1 0.19214975014765828 0.8960871383272824 0.02930557063492083 0.06820617193911005
1 0.25968439697305423 0.556520619544202 0.019991127390180986 0.04445033695813834
1 0.2921965083241063 0.5504961126241198 0.023917163787375628 0.05707767095052709
1 0.3519231593115554 0.49244884927824695 0.018729016039128955 0.049074169961943956
1 0.3627605297619061 0.4904406803048862 0.02195414558877822 0.05076400395433271
1 0.2625195003045418 0.5274233685556189 0.020291516039128953 0.04913783695813834
1 0.2665864366094513 0.5053255340689384 0.02175388648947969 0.047639003954332536
1 0.24669424120524316 0.5249350385175628 0.018428627390180984 0.04438666996194378
1 0.24738465607235288 0.5601549555137572 0.023917163787375538 0.05707767095052709
2 0.8517262068106334 0.8112479984427632 0.026541516039129222 0.049392504942915846
2 0.82282115437431 0.7513291703818734 0.02614099784053181 0.04314250494291585
2 0.7965194702288688 0.7320353423209837 0.031329145588778216 0.05114600593149898
2 0.828167593300113 0.8592053373780679 0.023877590992986343 0.03214133794672165
2 0.8486803523994115 0.8615026664275408 0.021653756939830515 0.046076503954332534
3 0.8077957341085293 0.8224375078343034 0.0273029796419344 0.03695617193911005
2 0.751138316620526 0.6594719342220379 0.021253238741233103 0.039826503954332716
1 0.418032327260984 0.8273530898867069 0.028844495681063266 0.08533000494291584
1 0.2800970265227035 0.5572554485936749 0.02019138648947969 0.047575336958138335
1 0.4299513363602827 0.830000587415249 0.03206962523071262 0.08701983893530488
4 0.43290185147656113 0.5337967494685273 0.02089229333702498 0.05851283695813834