4 0.1299104533324317 0.6660045375392426 0.06419095941492108 0.10015048620519007
4 0.20917303368851536 0.5153295081406004 0.06424550649282175 0.10327548620519007
4 0.16641674351047353 0.590503248529662 0.07205800649282175 0.10368492198083885
4 0.09718945657884258 0.6142439637039528 0.08523984496658026 0.1434025192218769
4 0.11685707427359429 0.6074550531430748 0.08852848620028228 0.15294129353213642
2 0.03674642897940718 0.6943984531885032 0.07349285795881436 0.14192190637700647
1 0.29193494075053 0.5673667209400421 0.06427278003177203 0.10483798620519007
1 0.21038493182207624 0.580296088873295 0.07720915665497756 0.13049308344622812
2 0.3742855649381035 0.46377140942922435 0.027298885551659248 0.04357958163720586
2 0.3925270503276069 0.4490881117132165 0.025627291395857822 0.0372476944820761
1 0.7256051883181933 0.9685474406368888 0.07049550649282174 0.0629051187262224
1 0.1477098336090851 0.7662468769783644 0.07879893019392785 0.1321374706013579
1 0.1332888234628154 0.7412501990046317 0.05944891233702041 0.0967798247398008
1 0.08791209375535483 0.7873539150834338 0.06567163879807006 0.09554487336031983
2 0.002429930197223165 0.7465441293532136 0.00485986039444633 0.08058825870642713