4 0.705520771443313 0.8142060049699698 0.02113066000954511 0.07043067466803513
2 0.7934122174569943 0.9154917698988886 0.023982940006363408 0.047011355386194255
2 0.8235087974617669 0.9508207367214012 0.025545440006363405 0.047020445745273774
2 0.73836908676795 0.7503389476901814 0.017769302673454133 0.05009999394987581
2 0.7133963587682681 0.7525372519449076 0.012918170671545326 0.03601022287263689
2 0.6902673940960865 0.7117804417382532 0.01606135200509069 0.03759090359079629
2 0.6777219407622229 0.7078014688656162 0.01618862133990877 0.04852840359079611
2 0.7167117154280411 0.7017787278426066 0.017605670671545327 0.03603749394987581
2 0.6338339387332697 0.49427932435000627 0.017587489337999786 0.03447499394987581
2 0.6169827934038604 0.5230855804001305 0.017623852005090514 0.03759999394987581
2 0.6438452854073603 0.5490213665044841 0.01918635200509051 0.037609084308955334
2 0.6456623240769964 0.5709054568635636 0.019095445337363515 0.02979658430895533
4 0.6696634454169053 0.6194793122497579 0.02274770401018138 0.07512726502711473
4 0.6540020827498143 0.6162634086589618 0.019386346674090404 0.05479658430895533
2 0.6036924527370877 0.5222270623479538 0.017551126670908877 0.03134999394987581
2 0.5612413234006788 0.4993253726528041 0.012881808004454242 0.032885222872636885
2 0.5777293894016331 0.5064520714231401 0.014480670671545326 0.03601931323171659
4 0.5774652127227702 0.4166128666026799 0.017914753341817757 0.06259999394987581
2 0.5761567040499522 0.3712958214231401 0.015915901336727066 0.02509090359079611
2 0.5614674953850886 0.3844907130118837 0.019204533338636053 0.03917158430895542
2 0.5548265967138615 0.3508606015755652 0.014407945337363514 0.02976931323171659
2 0.5403550167090889 0.3156225383438487 0.015952264003817974 0.028215903590796197
4 0.5021550353675893 0.25524811972593786 0.014571577339272501 0.04383181323171659
4 0.4994123907144978 0.3552253938282388 0.019404528007635945 0.05635908430895542
1 0.4184089334022696 0.5102123547970191 0.01942270934118149 0.05792158430895533
2 0.39552760610276805 0.7592811138722053 0.022474984006999675 0.05168976502711473
2 0.3935196634309046 0.7209907735131258 0.017605670671545236 0.03603749394987581
2 0.3955906934277229 0.6975669090517451 0.022220445337363427 0.02981476502711473
2 0.3960810420909958 0.6725714542312851 0.01911362667090888 0.03135908430895533
2 0.3965895720878142 0.6491384994108248 0.022238626670908878 0.03137726502711473
2 0.36155204809831365 0.7262731711519936 0.01764203333863614 0.03916249394987581
2 0.03321851010499517 0.773578400565734 0.016188621339908792 0.048528403590796285
2 0.040876468769858884 0.7603426023611322 0.02083975867281791 0.045430674668035034
2 0.0598440974299501 0.7120187318496274 0.019349984006999676 0.05167158430895533
2 0.09774299208304163 0.6122459908266178 0.020694308004454355 0.03293067466803503
2 0.07797538474695084 0.5918198613381226 0.016134077339272457 0.04384090359079611
2 0.10278448074472368 0.5755590570833965 0.017551126670908877 0.03134999394987581
2 0.12382368674408735 0.5709942769309713 0.01929544000636336 0.04698408430895533
2 0.11387597473740585 0.5217209847764936 0.019131808004454333 0.03292158430895533
2 0.14051120007158763 0.5281255208808471 0.025636346674090583 0.054832945745273774
2 0.15565439473263334 0.4868101744716434 0.01604317067154524 0.03602840359079629
2 0.17305043272595183 0.43769596360105895 0.01604317067154524 0.03602840359079629
2 0.13184417739495172 0.45464256908544903 0.012990896005727004 0.042260222872636886
2 0.14886804539304271 0.4406800630353248 0.02543635200509069 0.03764544574527395
2 0.08549698341022374 0.5668653131335206 0.019240896005727003 0.04229658430895533
1 0.2089441214194506 0.6355476563212706 0.02269316000954502 0.07043976502711473
1 0.2308463934197688 0.6380186713483853 0.02431020401018138 0.07513635538619426
1 0.2549469647517234 0.6280033219141193 0.02748974801081765 0.07984203610435366
1 0.2713077614178597 0.6241925206844554 0.022711341343090476 0.07200226502711474
1 0.31364180677113157 0.7713038700205255 0.021148841343090474 0.07199317466803486
1 0.3330190627784494 0.8253192043294808 0.022838610677908554 0.08293976502711473
1 0.3223264634388588 0.7791663669954634 0.01767839600572705 0.04228749394987581
4 0.4948378101129494 0.8348538064942213 0.02612724267981754 0.09702044574527377
1 0.5175095047342242 0.5006333425985747 0.019349984006999676 0.05167158430895533
1 0.10824632944776746 0.8435414426220159 0.021239748010817693 0.0798056746680352
1 0.12461621678067658 0.8405118913923519 0.021094297342454115 0.0673056746680352
1 0.22338733473899666 0.5340760599120669 0.014571577339272501 0.04383181323171641
1 0.2569447220719058 0.5311465026322786 0.016279528007635945 0.056340903590796285
1 0.3344970100652243 0.4823822705862595 0.013154528007635946 0.056322722872636885
1 0.3430453067313607 0.4785260175611974 0.017842028007636034 0.05634999394987581
1 0.2386850707351787 0.506041963502863 0.01462612133990877 0.048519313231716585
1 0.24695155673136066 0.4779669604778009 0.016097714672181594 0.040715903590796285
1 0.22458620806808777 0.5028351502711464 0.013009077339272502 0.04382272287263689
1 0.21096915073995115 0.54103458703943 0.017842028007635947 0.05634999394987581
2 0.782710527450631 0.868557682564871 0.020857940006363408 0.04699317466803521
2 0.7616616834420404 0.8051582578968359 0.020785214672181595 0.04074317466803521
2 0.7379696447724042 0.7831469025106417 0.02556362133990895 0.048582945745273776
2 0.7535411954566762 0.9129162157423583 0.020657945337363516 0.029805674668035208
2 0.7739082394573125 0.9177218904103931 0.016152258672817867 0.045403403590795935
3 0.7382520027848127 0.874548607331102 0.023837489337999784 0.03451135538619425
2 0.7019225094286774 0.7063798694313503 0.01762385200509069 0.03759999394987581
1 0.35294066410722236 0.7918436289975159 0.021294292011454097 0.08449317466803503
1 0.24685210673931485 0.5365561652982611 0.014607940006363318 0.04695681323171659
4 0.6100066347469509 0.5949151286047325 0.016334072008272214 0.06102840359079629