4 0.12933004016841057 0.7184500791972092 0.06674642619541978 0.13071440445914603
4 0.1826579794474228 0.5108671721401732 0.04479583148532651 0.10116901609154336
4 0.15827335849955743 0.6222799195422832 0.06198333148532651 0.10237088317182241
4 0.0934982269577612 0.6657128452887525 0.06921897881213827 0.14644866510280768
4 0.11210401378946415 0.6535188478866425 0.07298101564384121 0.15760468639013112
2 0.03885331349299804 0.7646309465295897 0.07770662698599608 0.13649451089576328
2 0.3524692214843278 0.42741054391202926 0.022769642065139983 0.0436078883676025
2 0.3633990162085386 0.413419099728228 0.020843121018452492 0.03724862772394073
1 0.29781327161138477 0.5642821132218814 0.040487763083592476 0.08063799480421992
2 0.008570791166186262 0.8292451035866257 0.017141582332372524 0.08296531930985225
1 0.7166102322900203 0.6945009468585659 0.040578768345264395 0.08220049480421991
1 0.17907941118686307 0.6791801295655262 0.06134629465362353 0.09143338317182241
2 0.40019336091863184 0.3828357352458389 0.019189615756780753 0.03557686708027905
2 0.3848945846102726 0.3916862113606254 0.022405621018452494 0.037357888367602496
1 0.7321211112009806 0.6552909813874412 0.036543715728545936 0.06635697351689647