4 0.23236755573932416 0.7453375937487643 0.06510011213660052 0.1275443474022122
4 0.24505930783301108 0.5809165836024945 0.03918246832111638 0.06935001785690745
4 0.24596052615412742 0.6495983997551187 0.06000842055068931 0.09936480032431164
4 0.1871371832111634 0.6899273449665803 0.06619271857321785 0.1431693474022122
4 0.20434110870553127 0.6793034906645092 0.07008254307885001 0.1541613944801128
2 0.146255093118191 0.7859705020285949 0.08105289406758573 0.1325045827917158
2 0.08542113594493947 0.8644988766232053 0.05488387797604237 0.09303297970746058
2 0.40935711859288837 0.4643990596565072 0.02170003737886681 0.042514782467404186
2 0.4185846531217636 0.4512950876596843 0.021262994804219913 0.036264782467404014
1 0.44402704953513783 0.4915343039744643 0.033730143815484226 0.05833069724005639
2 0.11083639918649127 0.8485562767853612 0.04921303218308674 0.07888865909060953
2 0.06810794980690989 0.8735602309252766 0.018432925746469396 0.06274546185055314
1 0.7939227787520174 0.6412162986961631 0.028168558666190436 0.04574887662320552
1 0.3242551349365333 0.5752762840889618 0.0608496547112475 0.13371252678536116
2 0.45015708121402154 0.42297521874711663 0.0195912341605581 0.034675008928453724
2 0.4366408844323302 0.43054225689656356 0.021262994804219913 0.036264782467404014
1 0.7680651190970915 0.6173560588424329 0.030714404459146038 0.05983865016215582
0 0.3471073989343897 0.7793325385531887 0.05622785668871888 0.08993525324641087
1 0.42644071178795395 0.49668940827653535 0.029370425746469486 0.06293637662320535
4 0.4116133872823218 0.48550644642598223 0.034713489608439826 0.0723931972400564
0 0.6306133036456372 0.9169315446389735 0.05757183540139543 0.08683752678536152
0 0.5473430736724529 0.5518599236978108 0.033402361884498966 0.053643197240056395