4 0.2081018628300783 0.7968105457309814 0.039654609577076824 0.12474702885594055
4 0.2094576314977647 0.6295684820286507 0.026172762174864594 0.0680605192372937
4 0.21527520901447456 0.6993452686891395 0.04228868587597072 0.0967311562606021
4 0.15970131899858853 0.7482167891075596 0.03839211850553061 0.1418799651536098
4 0.17557178084914157 0.7346999261308682 0.038583033278183 0.15281746515360978
2 0.12587001542786608 0.8502232332097769 0.055306883116027196 0.12685516587924903
2 0.07120406047717187 0.9366493173305279 0.03749209172016936 0.09031746515360979
2 0.36354293385067116 0.49032991115474367 0.013236385551659157 0.04262400961864685
2 0.37160089570122423 0.47654022966639803 0.014662517856907442 0.03486607332097762
1 0.4226957913991531 0.46034479999215083 0.017978432629559827 0.04591270072563951
2 0.09576372971405112 0.9179638047166563 0.03412162986961631 0.07614583774894826
2 0.0443960986266188 0.9497842343909035 0.027598894480112914 0.06030258293962447
1 0.7224446010589555 0.574781844542006 0.019513659090609536 0.04440476442797028
4 0.29122582873782116 0.6027182945498553 0.03335006249917623 0.12140377404661713
2 0.40188841355813165 0.44320194001068425 0.013072744317957153 0.03324900961864685
2 0.38842988555495445 0.452894398540872 0.014662517856907442 0.03486607332097762
1 0.7306252938347851 0.5539609130536602 0.022884120941162676 0.05857639183263199
1 0.3989719192401745 0.475932594457188 0.016688668019063258 0.061483137023308564
0 0.48181387256931096 0.656277348085385 0.03573867694751698 0.07932540145127884
1 0.33629504667745413 0.7973785193221117 0.03968188311602727 0.12630952885594054
4 0.4601940170494239 0.5961111744015876 0.024882997564368025 0.08363095553496294
0 0.35420352110990894 0.8910293156012473 0.04571369480442442 0.11402778366526398