4 0.5989974840738101 0.1403138442679045 0.03534523677523325 0.07049430718159236
2 0.6419900789250776 0.021619428184076455 0.03398015785015538 0.04323885636815291
2 0.6535176550781452 0.19079511241827712 0.028003173635170953 0.05170794574527386
2 0.6296629261248325 0.1971860129840112 0.019280621018452494 0.03603749394987581
2 0.6229270787133162 0.2425530551384889 0.02415013154179633 0.039189765027114645
2 0.6132258550216754 0.2504246424725064 0.026349668373499214 0.05013635538619425
2 0.6519243339749881 0.24394738349551598 0.02562162628012441 0.037636355386194253
2 0.6515658311323906 0.4658996515476927 0.02396812101845249 0.03606476502711473
2 0.6252462548381489 0.4433888472929667 0.02415013154179633 0.03918976502711473
2 0.64130389434304 0.410471808163551 0.027275131541796328 0.039207945745273955
4 0.6385436444136271 0.3362439678044714 0.03874325256024882 0.07519998789975162
4 0.6249361707219865 0.344138281036188 0.03140118942018653 0.056413626463433175
2 0.6130192706231644 0.44814907016560357 0.023786110495108835 0.03293976502711473
2 0.582254389010781 0.4834962177062755 0.019098610495108838 0.03291249394987581
2 0.5956343495482421 0.47169565447455886 0.020934126280124234 0.037609084308955334
4 0.6286736336785219 0.5559070280111259 0.030293715728545757 0.06421703610435366
2 0.6445030310053337 0.5995797599589491 0.020297089448421346 0.02667158430895533
2 0.6253435073278104 0.5926575942679045 0.027366136803468066 0.040770445745273776
2 0.6319421178229192 0.6254428231906657 0.02057010523343692 0.03135908430895533
2 0.6318279967338796 0.6637377087292851 0.02047909997176518 0.02979658430895533
4 0.618644728247441 0.732587702679161 0.022860647326811902 0.04386817466803485
4 0.57880941254713 0.6390376905789125 0.031492194681858265 0.05797612646343318
1 0.4451029995058898 0.5171177596643615 0.03158319994353036 0.05953862646343318
2 0.32942697867096393 0.2888069281840765 0.03278167889684287 0.0532977168225127
2 0.3425031023202524 0.3254620456705191 0.02405912628012441 0.037627265027114734
2 0.3531521759836583 0.34728250351604145 0.028473610495108836 0.032967036104353475
2 0.363111004908736 0.37067000654110355 0.025439615756780665 0.03451135538619425
2 0.3721975785721419 0.39249955474570547 0.028564615756780754 0.03452953610435348
2 0.3115261181052679 0.3303313528521115 0.025803636803468068 0.040761355386194256
2 0.03641897326811774 0.43743636748644266 0.02496917889684287 0.053252265027114734
2 0.10608600213672574 0.5198716175846385 0.028655621018452537 0.03609203610435348
2 0.09586883895431124 0.5457210452777357 0.02607665258848364 0.045448855386194253
2 0.12518461263183456 0.5525841236347627 0.023786110495108835 0.03293976502711473
2 0.1461418547393268 0.5501176537871879 0.027821163111827297 0.048582945745273776
2 0.15530402311282598 0.6000812923508694 0.025439615756780665 0.03451135538619425
2 0.17796797838861528 0.5866636869646752 0.03617969468185844 0.05800339754067192
2 0.20726834151456003 0.6200983556807819 0.02405912628012439 0.037627265027114734
2 0.24249248094886405 0.6613137081401099 0.02249662628012441 0.037618174668035034
2 0.1969979704255203 0.6584523285534188 0.022769642065139938 0.04230567466803503
2 0.21932799673387954 0.6661375635263042 0.03361613680346807 0.04080680718159222
2 0.11194115998688121 0.5667284368664793 0.027548147326811767 0.04389544574527378
1 0.20565409165573434 0.47161994906492366 0.03690773677523325 0.0705033975406721
1 0.22546606271653918 0.4629080243968886 0.04039675782192056 0.07677157825883114
1 0.2469770416698518 0.4565307593697739 0.043794773606936135 0.08147725897699054
1 0.26407353640817993 0.45486826541989805 0.03856124203690507 0.07207498789975161
1 0.2541385523343698 0.3111273557789777 0.03699874203690508 0.07206589754067201
1 0.24925436028334733 0.2541051961380574 0.03919827886860805 0.08301248789975162
1 0.26218627076433876 0.30170235880403984 0.027548147326811722 0.04389544574527386
4 0.39377863403145785 0.18605411202549366 0.04626732622365459 0.09711134933607006
1 0.5407494284733199 0.4954604074014252 0.02965667889684287 0.05327953610435365
1 0.03667803654935427 0.3077034156910446 0.0390162683452643 0.07988748789975161
1 0.05281127076433871 0.3029204669207086 0.03994173151356137 0.06895907825883114
1 0.2547278994635375 0.5627716690106943 0.02286064732681172 0.04386817466803503
1 0.28511334947765493 0.5477461118291019 0.028276189420186525 0.056395445745273776
1 0.3762311731410608 0.569098416182024 0.025151189420186525 0.05637726502711473
1 0.38643292577189675 0.5698205788480064 0.029929694681858444 0.05796703610435348
1 0.2782031968185842 0.5767023588040399 0.024696163111827298 0.04856476502711473
1 0.29767353363616966 0.6023790696746243 0.024332142065139985 0.04231476502711473
1 0.26997346786527154 0.5830023557789777 0.025242194681858444 0.05793976502711473
1 0.24039238367852195 0.5581659822424109 0.029929694681858444 0.05796703610435348
2 0.6509247341443973 0.06576784134103826 0.030946163111827296 0.04860112646343313
2 0.6547924577654509 0.13217409134103825 0.0291106473268119 0.04390453610435348
2 0.6408055524755442 0.16038999493183442 0.03581567363517095 0.051753397540671965
2 0.6068261236492885 0.03320078103618794 0.026911110495108838 0.03295794574527389
2 0.6241578368175855 0.022832209799934736 0.02616765785015538 0.04566441959986947
3 0.6068485104527566 0.07383941657480737 0.03030912628012441 0.03766362646343313
2 0.6355180839749881 0.24404283226585197 0.02415013154179633 0.039189765027114645
1 0.2775991681617377 0.27113361485416404 0.03928928413027988 0.08457498789975162
1 0.2759203600009986 0.5509256539835796 0.02460515785015547 0.04700226502711473