4 0.3825342928755996 0.12540579460235896 0.08769786397194572 0.12731866943775674
4 0.29134118908268664 0.2659876790046682 0.051280700184570094 0.07011392319868044
4 0.33620190854558824 0.2132862278301692 0.07818316162790725 0.10052884890464335
4 0.3164889882798077 0.14226903417751768 0.09318640036914028 0.13995506175762476
4 0.3222686189091912 0.16200487265731972 0.09857480721668548 0.1510289540774928
2 0.34157742828534504 0.056118585510301175 0.10122014342930993 0.09496081050398356
2 0.34712441240309955 0.47033184969606623 0.029265997840531632 0.04296038981258547
2 0.34607305213178174 0.48673809969606613 0.0273029796419344 0.036664925705962935
1 0.3883292057401245 0.41361048825501046 0.05334384793281668 0.07797188730530316
1 0.7576520997877433 0.5253258558977654 0.044530052436323506 0.06211956677218975
1 0.35288995836101816 0.28264999326957546 0.06508238433001132 0.09079013605166182
2 0.35259435996677607 0.5315421343358022 0.025640350092285047 0.03505696159934022
2 0.3473456554632693 0.5157352779093115 0.0273029796419344 0.03666492570596276
1 0.7421877860926528 0.5467916789381612 0.04785531153562221 0.065335494985435
0 0.4769387276393496 0.3011308717993899 0.05626858883351815 0.0749378155185485
1 0.37086110348837104 0.40527515102884965 0.04785531153562221 0.065335494985435
4 0.36140695789959276 0.455093294602359 0.04825582973421945 0.07158549498543501
0 0.7114045627722398 0.3431749339527261 0.05450582973421945 0.07176735141192578