4 0.2844241272761733 0.14409830713877125 0.06129651583511757 0.1750742078384165
4 0.2762719611371218 0.3468141301791671 0.04045516693047428 0.10265363855894431
4 0.27581130839241247 0.2773283442857898 0.05125627461060622 0.09828438730530316
4 0.23081940564770323 0.20654683135366608 0.051012233702664035 0.14355142319868044
4 0.24381951082055267 0.22409804420664753 0.0528929824490227 0.15453438730530306
2 0.21047215023742685 0.0974529761808166 0.07109741316955054 0.13632995658477529
2 0.1873779795460289 0.02808921074141039 0.062255959092057764 0.04708560015828457
1 0.37328570196592176 0.2739198509497074 0.03948370031656907 0.12292067445232169
1 0.36763979255729484 0.10670961889639605 0.0540463054894186 0.14051735141192584
2 0.3827984089464085 0.49354202916295276 0.016852530878812465 0.04264214106622681
2 0.3921195846523714 0.5187920817493775 0.01662521034569897 0.03482964106622681