4 0.14614681818108013 0.31179879626712176 0.09026423111680741 0.14363299756436804
4 0.2436813167107421 0.48682034131642754 0.06617827792830404 0.10106366801906326
4 0.19978415253181936 0.41017206655966126 0.07399077792830414 0.10120003571381493
4 0.13030049016191897 0.38245221550400105 0.0869754568065479 0.14045345048646735
4 0.15024117593756772 0.38992379626712176 0.09215427973732644 0.1499102711033183
2 0.058691083784912355 0.29924997767886563 0.09314356965141816 0.1390000446422687
1 0.32539830619529253 0.419708933443634 0.0662601650834338 0.10262616801906325
1 0.22972395804974335 0.38462659578065445 0.08047979534115868 0.13565685633066601
2 0.41031994007106193 0.548032756496117 0.02721095318850324 0.042623876623205346
2 0.4291075616223594 0.5633441107981881 0.025320904567984213 0.03634660308425506
1 0.48863636985381687 0.6100048766265007 0.02186835594746519 0.030042056006354477
1 0.7463360894391219 0.013353793427747996 0.07704717887824372 0.026707586855495992
1 0.4652055139063515 0.5806992061718055 0.020142081637205676 0.026889782467404012
1 0.5091535877416412 0.6135565706201463 0.016853307326946166 0.023710235389503433
1 0.1513522173219975 0.20223288149446939 0.08171474672063965 0.1294341298696163
1 0.14188868611433303 0.23054879626712177 0.06272572930778511 0.0947591209411626
1 0.09691702283992147 0.17816018181878096 0.07695200361804462 0.09812958279171564
2 0.022889702622676415 0.24279147199682277 0.024488744911617344 0.08004205600635447