4 0.32993154996308816 0.8553880991013127 0.05332286397194572 0.12869882697140156
4 0.30091827112403274 0.6937013000096983 0.03399307063492083 0.06961086939505616
4 0.3120047678848302 0.7575565059190538 0.05308303207825791 0.10070137272903601
4 0.27049719077150447 0.8132326789476523 0.05442428901808825 0.14588632697140155
4 0.2826770157253619 0.7971293178875458 0.05658756631598418 0.155388872729036
2 0.2640748149224829 0.9191797900077587 0.06914812307124425 0.13309928454774678
2 0.2321122185308257 0.9826209234876405 0.0451913864894796 0.034758153024719005
2 0.4023539558877828 0.530228344559385 0.018328497840531633 0.04346295757634522
2 0.40604016039128954 0.5149859818322884 0.017827850092285047 0.03565045757634522
1 0.4129490993170927 0.6227984818322885 0.03313147748246603 0.08042082363742153
2 0.2503115060077544 0.974856220912265 0.043167811535622214 0.05028755817547008
2 0.20894482880214355 0.9982618989418333 0.032151165946843904 0.003476202116333482
1 0.8413744879660406 0.6624335194241512 0.02734255243632333 0.06285068636451818
1 0.3564463803156165 0.7355378557692726 0.047072863971945725 0.1281886439408634
2 0.4269744216500565 0.47783666819680654 0.016265350092285046 0.03552291181871077
2 0.4160567080472511 0.4893800750145475 0.017927979641934398 0.03721295757634522
1 0.8119478038205994 0.6398251957867295 0.030667811535622126 0.06623077787978708
0 0.48247915175341627 0.689092903652939 0.0374184592838688 0.07455346091032525
1 0.39606198796604064 0.6260829784983086 0.03056768198597286 0.06466827787978709
4 0.41239958435769786 0.5535860962263748 0.0280434592838688 0.073788186364518
4 0.33701525986526576 0.7355060337988408 0.04697273442229637 0.1266261439408634