4 0.13929588628578854 0.7681947558724949 0.05468608294074051 0.126272994985435
4 0.15684284566389003 0.6032600776592494 0.034003144580648036 0.06800585391920819
4 0.15799595108324205 0.6702429891794474 0.05378796427907391 0.09819345909205772
4 0.09757656946208473 0.7195359470178639 0.05449059330833306 0.14185253087881228
4 0.11436352827453841 0.7058000559516371 0.05701000056564788 0.152835494985435
2 0.05119100207273306 0.8221895855768082 0.070584485014259 0.1298526360516618
2 0.005068387558496202 0.9098092575218473 0.010136775116992404 0.09180706677218993
2 0.3322221374170843 0.4602278285171792 0.017753427992499838 0.0425966769596041
2 0.34204619674791753 0.4459152759307544 0.01863242280870363 0.03482964106622681
1 0.32848269128129737 0.5296908823572452 0.033260850801203556 0.07733538981258548
2 0.01729976644634341 0.8903318318158846 0.03459953289268682 0.0776536385589445
1 0.6926245207816679 0.6250749608744244 0.02863213939685174 0.06005696159934022
1 0.21613993322277897 0.6202369775009648 0.04203025805851832 0.08850021034569906
2 0.37616691851986195 0.41219349379830084 0.01706992280870363 0.03478417695960414
2 0.3612842122993064 0.421977670757905 0.01876912384546294 0.03639214106622681
1 0.6948800878881956 0.5992937108744244 0.030604742507129502 0.06478992570596294
0 0.3264041984913439 0.6692391156641978 0.03896404665416657 0.07126724623907635
1 0.30922484335481587 0.5271341836900287 0.03203054147037019 0.06327288981258547
4 0.3335700239392139 0.48044940030393385 0.028163247690925798 0.0725114974927175
0 0.5395009378409273 0.7542121945770883 0.03726484561740726 0.06965928213245362