4 0.23203125 0.815625 0.02890625 0.14296875
4 0.24375 0.61875 0.02421875 0.0984375
4 0.2375 0.70546875 0.03515625 0.09296875
4 0.1859375 0.75859375 0.028125 0.1390625
4 0.20078125 0.74375 0.028125 0.15
2 0.15390625 0.8640625 0.05 0.128125
2 0.1109375 0.9546875 0.03046875 0.0875
1 0.346875 0.64609375 0.0234375 0.10078125
1 0.27109375 0.70546875 0.02109375 0.13671875
2 0.36953125 0.49609375 0.01015625 0.04140625
2 0.3796875 0.475 0.01171875 0.03359375
1 0.915625 0.83359375 0.03203125 0.11484375
1 0.28984375 0.8859375 0.0265625 0.128125
1 0.26484375 0.8734375 0.02265625 0.09296875
1 0.25 0.95625 0.03125 0.0875
2 0.13359375 0.93359375 0.0296875 0.07421875