4 0.153080011572534 0.7534173074638885 0.05332286397194572 0.12843357593472754
4 0.1739000586101867 0.5862414628578287 0.03399307063492083 0.0694370842330974
4 0.1710067936507919 0.6556543136876657 0.05308303207825791 0.10042697510489074
4 0.11097165716131227 0.706850883398616 0.05442428901808823 0.1456210759347277
4 0.1282290083333315 0.6923264421119043 0.05658756631598414 0.15511447510489074
2 0.06550086598375573 0.8098108626526918 0.06914812307124434 0.13274256763635783
2 0.01233315623384902 0.8994662811188867 0.02466631246769804 0.09382177759440183
2 0.34417988510520364 0.4403933987459558 0.018328497840531633 0.04337149170163031
2 0.3536748010520475 0.4256797033100591 0.017827850092285047 0.03555899170163031
1 0.38322259870800907 0.4498742199067987 0.028704793337024893 0.05970688672260849
2 0.02682029534883492 0.8796031443962782 0.04396884793281673 0.07952247925407577
1 0.7058009006829072 0.5358294950024005 0.024678627390180986 0.04540758838228243
1 0.2590458166297512 0.5556883572541069 0.048334975322997666 0.12339087842423861
2 0.3869774568198586 0.39128046990679866 0.016265350092285046 0.03544059253146718
2 0.37309542952196273 0.4016618628531843 0.017927979641934398 0.03712149170163026
1 0.6925394370801019 0.5243950875338678 0.02557979333702498 0.059470088382282425
0 0.24335575571243787 0.8126604076690255 0.04935725478036197 0.09081517676456449
1 0.36558451573458717 0.4582078607785919 0.02431768198597286 0.0640391892121194
0 0.5441394008397908 0.9111515715618281 0.05384449568106327 0.08804537427505395
0 0.46937204735141974 0.5249791184522618 0.03162953423772628 0.05681868506293455
1 0.33687972239756225 0.5179147475012004 0.03529475478036197 0.08974958423309758
1 0.19263626003137452 0.9004689836037532 0.055446568475452464 0.11304537427505394
4 0.38705090068290726 0.5599829257156574 0.03543445712440043 0.11619368506293437
0 0.33746430598929306 0.7029050541398961 0.04885660703211538 0.08300267676456467