4 0.2792297750168814 0.8094183155591367 0.0325642510334573 0.09695059471009335
4 0.2751308182352371 0.6377708287133161 0.03114730024766903 0.09998458944842134
4 0.2744823089296122 0.7242165629283007 0.04186647642635144 0.0959341262801244
4 0.2262117828747643 0.7751651419239656 0.037726940032421295 0.1408826052334371
4 0.24036417410725858 0.7611859419098481 0.03823636228216234 0.15182010523343692
2 0.20069170615796256 0.8796405393213644 0.05760279238978614 0.13269067363517095
2 0.1626159714594435 0.9615514210043351 0.03666955417661044 0.07689715799132983
1 0.3722605293601076 0.6488819049369708 0.029730349461880756 0.10301858418674961
1 0.30747459139460087 0.6965311786850814 0.032530017782680255 0.12967208944842135
2 0.3927463496667685 0.5199602443853923 0.01290241439185813 0.042824536831702883
2 0.40113889247083945 0.49941252595542335 0.014101041356328814 0.0351030420933748
1 0.9260320004097755 0.8455319938912822 0.03049232878371626 0.0859220894484217
1 0.353870210086904 0.8729795575960416 0.03979886228216234 0.15191111049510903
1 0.3315221751407159 0.8615492339326358 0.03289389081820957 0.13748458944842162
1 0.31108555065744453 0.9078859076383938 0.03688787799792799 0.08941111049510866
2 0.18518017617417323 0.9480797261813023 0.03474318114108117 0.07682010523343692
2 0.13908858022694917 0.975803636803468 0.02747433664159917 0.04839272639306387
1 0.43247447559778196 0.4194288943430401 0.01246576674922295 0.03344953683170289
1 0.43861746773989907 0.4509519101280556 0.01402826674922295 0.0335405420933748
1 0.4434312462759463 0.4372079285439071 0.012538541356328991 0.035012036831702883
1 0.991152789596746 0.9664778350786445 0.01769442080650805 0.06704432984271094
1 0.2788231683162904 0.9773731130553575 0.038630160462916764 0.045253773889285046