4 0.252053295437645 0.1721404583006349 0.04415585969555132 0.12613660266556703
4 0.21965067783342826 0.33539061605990916 0.027737680836358792 0.06791492570596294
4 0.2410746916735927 0.269220046780437 0.04607118676785795 0.09654003087881238
4 0.1957104535365908 0.2143567020324288 0.04323002965749523 0.14171613855894433
4 0.20913628357464686 0.2295725250728246 0.045238198630855944 0.15269910266556702
2 0.18050855927780943 0.10867500336521227 0.05984452669174569 0.12815374373179383
2 0.142444826578015 0.030212685735092754 0.04011034684397004 0.06042537147018551
2 0.34968439323301714 0.49547500673042466 0.014219008897248564 0.04255121285298138
2 0.3552977232710733 0.5109181503039338 0.015463173916276673 0.0347841769596041
1 0.36929123908840406 0.4355999015575751 0.02655718281352524 0.07724446159934022
2 0.16312474110275144 0.038086195962078316 0.03749468281352515 0.07617239192415663
2 0.11811333003805609 0.014101952428140182 0.02939833992388783 0.028203904856280364
1 0.7555125819780414 0.3791032313283956 0.024294345855386902 0.0600114974927175
1 0.2868063443353311 0.3342169094751339 0.034815351786885884 0.08840928213245362
2 0.3779884653624078 0.5477134566512823 0.013837006920082207 0.03317621285298138
2 0.36674721783386577 0.5363356874509524 0.015463173916276673 0.0347841769596041
1 0.7542710755522507 0.40957198132839556 0.02598417984777566 0.06318196159934023
0 0.40700343920213483 0.27609686942512146 0.03255251482874759 0.07117631802583091
1 0.3514498230807928 0.43299773878373593 0.02598417984777566 0.06318196159934023
4 0.357511480685447 0.4757391682506225 0.023241181824942014 0.07246603338609478
0 0.6429701141069946 0.2302147534317193 0.03248884783255317 0.06961381802583091
0 0.5064609752482395 0.49715586401484513 0.025474843878220455 0.05068196159934022