4 0.7241486734939967 0.18756326623864497 0.027532736775233248 0.07072160308425515
2 0.810003602532014 0.09065526421005007 0.027821163111827384 0.048873876623205435
2 0.8392969894060691 0.056516043431043286 0.029383663111827475 0.04890115016215577
2 0.7577038971150503 0.2534513189985885 0.023224668373499215 0.05035455600635448
2 0.7325218865917066 0.250762695621794 0.01615562101845249 0.03618296185055305
2 0.7105327655026669 0.28946668547552423 0.019371626280124232 0.03780000892845372
2 0.6974790286568465 0.2936047605566021 0.021571163111827475 0.0487647824674041
2 0.7369965549652058 0.3007354220828436 0.020843121018452492 0.036264782467404014
2 0.6574209889825461 0.5054559241114385 0.020752115756780754 0.034702282467404186
2 0.6400213863799451 0.4752599095009419 0.02093412628012441 0.03782728246740401
2 0.6667358048240313 0.4505502357998358 0.022587631541796327 0.0394170560063543
2 0.6686322337914614 0.42940193872193505 0.02213260523343692 0.0316045560063543
4 0.69085657331047 0.38130931209872965 0.03093075256024882 0.07546365016215573
4 0.6753680812029778 0.383925797488233 0.025060184158514787 0.05506932954530477
2 0.6267401363799451 0.4754917345820198 0.020661110495108836 0.03313978246740419
2 0.584218707412515 0.49734914367262933 0.015973610495108835 0.03305796185055314
2 0.6018234363658277 0.4907854979747004 0.017718121018452493 0.03621023538950343
4 0.6031499889119589 0.5806974318220762 0.024043715728545932 0.0644170560063543
2 0.6018373888696067 0.6252968656694521 0.018643584186749607 0.025300008928453722
2 0.586220094145396 0.6122747142894804 0.022678636803468065 0.0409795560063543
2 0.5803187046405048 0.645223581984232 0.01735409997176518 0.02996023538950343
2 0.5674770703972853 0.6798576806042602 0.01882559471009344 0.028425008928453722
4 0.5294380150791438 0.7383929293864442 0.0181731473268119 0.044022735389503256
4 0.5251761783321455 0.6383656558474939 0.025151189420186525 0.05663182954530477
1 0.44099235217907806 0.4685673989476351 0.021116136803468067 0.04095228246740419
2 0.4138327997741211 0.23051797402871294 0.02653167889684287 0.05353410308425506
2 0.4129374286850814 0.2688537711066136 0.020843121018452492 0.0362647824674041
2 0.41508375761015903 0.29227763433713844 0.025257605233436918 0.031659103084255055
2 0.41575859179690866 0.3172912711066137 0.022223610495108837 0.03316705600635448
2 0.4170781680911505 0.3399475211066137 0.025348610495108836 0.03322160308425506
2 0.050802178755668524 0.2008806615262415 0.021662168373499168 0.0503272824674041
2 0.05865247611071517 0.21482043060096498 0.02460515785015547 0.04725682954530477
2 0.07875214448421433 0.2645204216725112 0.02331567363517102 0.051917056006354476
2 0.11826123649288452 0.3654965405850789 0.023877115756780663 0.03475682954530477
2 0.09908630226378265 0.38538234659143333 0.02129814732681177 0.0440772824674041
2 0.12430611014217299 0.40214710673770304 0.020661110495108836 0.03313978246740414
2 0.14571837855802444 0.4072476639618735 0.023042657850155468 0.04722955600635448
2 0.1360850443006877 0.4566846022734762 0.022314615756780665 0.0347295560063543
2 0.16315577851567215 0.45151981534184527 0.03140118942018657 0.0567409237011061
2 0.17806741794997616 0.49270787703024255 0.019280621018452536 0.03623750892845372
2 0.19738583632347534 0.542421504871264 0.019280621018452494 0.03623750892845372
2 0.15488752318341312 0.5243942536534479 0.018082142065139896 0.04246023538950343
2 0.1729395731692957 0.5389379947249943 0.02883763154179624 0.03952615016215581
2 0.10679238645053224 0.41027325243563195 0.022860647326811766 0.044104556006354476
1 0.2204005891660728 0.31991921347540614 0.029095236775233246 0.07074887662320543
1 0.25040660758192423 0.3248697662353497 0.028367194681858443 0.05824887662320544
1 0.27011986810526795 0.3276538469984704 0.027805752560248732 0.07540910308425505
1 0.2873528707361038 0.3281350880700167 0.029186242036905074 0.07231137662320544
1 0.33247711298477045 0.17641290097622997 0.027623742036905076 0.0722841030842551
1 0.3554294945971538 0.14082027435302452 0.02982327886860805 0.08324887662320543
1 0.34173101564384123 0.14731573620357757 0.029641268345264305 0.08012387662320544
4 0.5120813129988878 0.1584190572274657 0.03532982622365459 0.09739319724005649
1 0.5478793890107809 0.47765029829901196 0.024787168373499213 0.05038182954530477
4 0.6503904680064458 0.425028084419864 0.025151189420186525 0.05663182954530477
1 0.11951511042452165 0.10505391842610035 0.029641268345264305 0.08012387662320544
1 0.13316038147120907 0.11107209334502247 0.028913226251889503 0.06762387662320543
1 0.24822872852978958 0.4351760206995765 0.01817314732681181 0.044022735389503256
1 0.2812687416839692 0.43850952638161933 0.022026189420186526 0.05657728246740419
1 0.3541216837349917 0.49432710389832923 0.018446163111827295 0.048710235389503254
1 0.36588593636582767 0.4949038023562018 0.021662168373499213 0.050327282467404186
1 0.257588317978211 0.4616021530048249 0.020008663111827297 0.04873750892845372
1 0.26920065216496064 0.48642487500164766 0.021480157850155557 0.04720228246740401
1 0.2417280995482421 0.4712635251638034 0.018173147326811724 0.044022735389503256
1 0.23476546800644593 0.4322828457806544 0.023588689420186527 0.0566045560063543
2 0.8001882577513335 0.1369672025216528 0.026258663111827386 0.048846603084255105
2 0.7795642155873714 0.19910869237538306 0.025894642065139983 0.0425966030842551
2 0.7565285339891055 0.21984393222911333 0.031037168373499215 0.050490923701106104
2 0.7701598525320138 0.09135073945328376 0.02369510523343692 0.03163182954530477
2 0.7902903420086702 0.08787118344692933 0.02138915258848364 0.04563978246740408
3 0.7551564788121382 0.12915074838173748 0.027093121018452494 0.03637387662320544
2 0.7218342865493542 0.2955257707028719 0.02093412628012441 0.03782728246740401
1 0.36653359456891893 0.17034413311932245 0.026789284130279877 0.08475682954530477
1 0.2676689732681178 0.43327260146269725 0.019917657850155555 0.04717500892845372
1 0.3786317761671849 0.1497998080382446 0.030005289391951705 0.08637387662320543