4 0.1620935678368506 0.2312510792623566 0.07564230788809567 0.17671298620519008
4 0.19633482281122808 0.4314867746489438 0.04832094606059658 0.10369156603337348
4 0.1818947371282381 0.3632756852098219 0.05745914772027048 0.10105788896415202
4 0.1233611093286994 0.30765644900463174 0.0623368244848352 0.14488977611928178
4 0.13966061555247672 0.3202759577110591 0.06472811867597636 0.15590916327441154
2 0.08082025704896992 0.20659856004047975 0.08205732863402004 0.1381418091359686
2 0.03787666306761018 0.12120661465389256 0.07140324855010748 0.10023237336031983
1 0.27524291804198764 0.3320876402073475 0.04986013527271584 0.12400406603337348
1 0.23491668381353453 0.1707506705105008 0.06534342531467222 0.14349105042954133
2 0.33058957841030545 0.5436260057657512 0.020384277594401645 0.04308825870642714
2 0.3446161896131047 0.5655386273170487 0.019792281743586493 0.03527575870642732