1 0.7678420472914189 0.5358893328942577 0.10050059793005203 0.19970605702175917
4 0.8449667740466948 0.877655750801989 0.04761055103961844 0.09574172695574071
4 0.8459498562051998 0.8439252997652297 0.044508861827499045 0.07529252591898157
4 0.8745717636737325 0.8605851194636557 0.04690015601864026 0.08636672695574035
4 0.8803374342145199 0.8052530705004148 0.04654495850815117 0.0816792269557407
4 0.9067815350443569 0.8091394881253222 0.0404366684661948 0.06251912384546295
4 0.909800713883514 0.7692957381253221 0.04498245850815117 0.0815425259189814
4 0.9303159686573987 0.6853697974561556 0.05672544191141178 0.1136127321395369
4 0.9307769873287308 0.720799449529674 0.050120244400922685 0.10837842799249983
4 0.8413592898182417 0.7176949904343964 0.05613344606059663 0.1058002321395369
2 0.06738530309098892 0.8646762376061572 0.07978443361304191 0.1311515466541664
2 0.2374591595199033 0.9716097427899534 0.06709425684847722 0.0567805144200932
4 0.9253315481166116 0.7407701969377759 0.05793274440092233 0.10906193317629623