4 0.6392435786504158 0.9730439886008335 0.05003767401194459 0.05391202279833287
4 0.6579572110592353 0.9748065103523267 0.05308993882958326 0.050386979295346634
4 0.6768526814239575 0.9719178996950003 0.049964938829583264 0.05616420060999942
4 0.7066317536122909 0.9403847974901396 0.05686955547083343 0.09502286569131968
4 0.7226022457285062 0.9259047234019452 0.062066201747361306 0.11700696846486096
4 0.7209663573357631 0.9615168216649135 0.04556837955902786 0.07696635667017304
4 0.7869011350711798 0.917239544640348 0.06337412860909737 0.10610583605604162
2 0.011968097455208116 0.5785432272985764 0.023936194910416233 0.12583645459715279
2 0.057670189592082685 0.779888828172257 0.06450021751493062 0.08739220364722229
4 0.7632999809108674 0.9237252807726396 0.053635452697291794 0.09026263050895836
4 0.7344658128828464 0.9535394141313895 0.04393314437666671 0.07598192496187509
4 0.9650742604492357 0.3148081417143064 0.06134146276527801 0.22005923328250007