1 0.7535597745932803 0.3237298113850048 0.06374537919390769 0.2144261143631847
4 0.8136048567609364 0.8796116518422803 0.01927724082661797 0.09073408430895533
4 0.8222940555312725 0.8631554048673424 0.02236587939029917 0.08450226502711473
4 0.8354934922995557 0.8771406368151655 0.022338608313060605 0.07981476502711474
4 0.8576821096878027 0.823107121788051 0.022311337235821682 0.07512726502711473
4 0.8826321127128647 0.8315554260427771 0.02220225292686635 0.05637726502711473
4 0.8930110765103153 0.7932150887087597 0.019186337235821683 0.07510908430895533
4 0.9325280944642962 0.7148628297317692 0.0287431444174139 0.10641362646343318
4 0.929194016205465 0.7508185104499283 0.028706782981095812 0.10016362646343317
4 0.8379059408735001 0.731037796456086 0.024010192622015935 0.09857385538619426
4 0.8157809559988106 0.7741338114832007 0.022311337235821682 0.07512726502711456
2 0.04878435353948254 0.7457846777912931 0.04131586729005095 0.11898634933607007
2 0.19163440799060039 0.8996358647559681 0.04113406010845862 0.08773634933607007
4 0.9150315222555893 0.768087823681645 0.025590873340175336 0.10170794574527395