4 0.8945220866764112 0.18965557304589242 0.03974431043863902 0.09278751785690753
4 0.9093581314006218 0.20318228489644546 0.04655575256024882 0.07573638555165915
4 0.919916199802356 0.22365842613014753 0.04582771046687384 0.06323638555165915
4 0.9288963576525113 0.2706425202859489 0.046085315700310756 0.09445911201270878
4 0.9355481760542455 0.29105047767227504 0.050575394625388626 0.11795115909060953
4 0.9516968208208084 0.260114123370204 0.038925263083592655 0.07872501785690744
4 0.9811501959266892 0.3341107309186859 0.037699608146621696 0.10547843262955983
2 0.11869533404557524 0.17533301095704865 0.07134292093374794 0.12611821509696391
2 0.28140889469597585 0.047837076702635685 0.05794827886860805 0.08373980032431157
4 0.9705525076101591 0.3158556087597074 0.04424979991529554 0.08974433847375848
4 0.958811370806691 0.27506696752600535 0.03561825256024882 0.07554547077900678
4 0.9018120859705394 0.9234019127407622 0.10348756299888784 0.15319617451847556