1 0.830433199808796 0.6911766645990985 0.10975719875988892 0.19450868676785796
4 0.7502776388204228 0.9758382357027251 0.050995660167825106 0.04832352859454971
4 0.771572298363548 0.9668770711779885 0.05580155933798814 0.06624585764402298
4 0.7847710379905858 0.9781010726608633 0.050758861827499224 0.04379785467827339
4 0.8137831091514286 0.9545242401885303 0.04966995850815117 0.07990767589344294
4 0.8360608508530589 0.970278620341411 0.0419991684661948 0.059442759317177976
4 0.8546682182796355 0.9390557490857787 0.048107458508151166 0.07984400889724838
4 0.9108697514731144 0.8790387619373601 0.06766294191141178 0.11179434585538672
4 0.8992936340465381 0.9112782589716106 0.06574524440092233 0.10704317885919253
4 0.8136512093565657 0.8602794916714049 0.060820946060596626 0.10372717787060921
2 0.06386008383211213 0.5960765039543328 0.04697193361304191 0.12652800790866542
2 0.14717318176216407 0.7910653517868859 0.07284734937994446 0.09798651384016459
4 0.8822720774078421 0.9230460885153751 0.06418274440092268 0.10697951186299832