4 0.7331203181042708 0.083829738211364 0.03652068787965277 0.0935881739162766
4 0.7509254139439583 0.0915931586675995 0.04393314437666671 0.07671900889724856
4 0.766986171827743 0.10710541212764062 0.04364220364722229 0.06421900889724856
4 0.7894417468658679 0.15024791707055649 0.04280705547083343 0.09540534190105418
4 0.8015598871584722 0.16716350304011163 0.046477569338541615 0.11897017589344298
4 0.807083841755625 0.13141700402869477 0.03619337955902786 0.0795256739162766
4 0.862805858473125 0.1899908493897901 0.04774912860909737 0.10653384288963737
2 0.019383166793749882 0.3446731714448187 0.038766333587499764 0.1268463428896373
2 0.12050925569958322 0.16443652619745414 0.055052482332569506 0.0849771778706093
4 0.8411854316113889 0.1781620114430686 0.04113545269729144 0.0906541749048598
4 0.818548018617361 0.14283200650015274 0.03299564437666689 0.07627333992388782