1 0.8639078607992182 0.5213548567790858 0.08687655917039336 0.19304202267663584
4 0.9421192501752269 0.8360718847867217 0.04082137797604233 0.09258748933799979
4 0.9452388963364996 0.8025417694541307 0.04743201089576345 0.07549089600572705
4 0.9698236330949477 0.8192207394573124 0.041728314114072164 0.08323067067154533
4 0.9714136302449564 0.7638156241247215 0.04129127153942491 0.07698067067154532
4 0.9894655996513535 0.7672406161282213 0.021068800697293 0.059756808004454244
4 0.9889439346745965 0.7282144787953123 0.02211213065080706 0.07852498933799978
4 0.993650719077421 0.6441121987984939 0.012698561845158097 0.10993862133990877
4 0.9973329119622771 0.6800860614655848 0.0053341760754456406 0.10521475867281786
4 0.9262871645217299 0.6766423407860854 0.049289441838012496 0.10205339600572697
2 0.16639263049705783 0.8278261026814084 0.07280335149293879 0.1257454346753633
2 0.34544598198999665 0.954193427017022 0.06269637797604233 0.09161314596595602
4 0.9929376659851631 0.6994991327975394 0.014124668029673871 0.10521475867281786