4 0.9121556081166687 0.209375 0.04272383118569749 0.0921875
4 0.9154760508368807 0.24296875 0.047311337235821684 0.075
4 0.9403896924256241 0.228125 0.04266928903121965 0.0828125
4 0.9407169453524904 0.284375 0.04264201795398108 0.078125
4 0.967270354993411 0.2828125 0.0362829336450254 0.059375
4 0.9667209091499412 0.32265625 0.03951701795398108 0.078125
4 0.9768084605759968 0.4078125 0.04638307884800632 0.109375
4 0.9806192618056608 0.37265625 0.03876147638867842 0.1046875
4 0.89432373438371 0.3671875 0.050590873340175334 0.1015625
2 0.13909938231716562 0.140625 0.07260222872636941 0.125
2 0.3189772589769905 0.0390625 0.06295451795398091 0.078125
4 0.9766539244716433 0.35234375 0.046692151056713274 0.1046875
1 0.2728789637974506 0.03828125 0.0551329275949012 0.0765625
4 0.7771474082661782 0.90625 0.11984084308955403 0.1875
1 0.2260948673882468 0.05390625 0.0584397347764936 0.1078125