1 0.8627860178848303 0.7027033279865277 0.15302008019564467 0.24779019566510635
4 0.6544464705426357 0.0201109342592189 0.06201794108527139 0.0402218685184378
4 0.6760408682908824 0.02741409828966377 0.05520673658176474 0.05482819657932754
4 0.6824212762181617 0.017098680799177788 0.052342552436323506 0.034197361598355576
4 0.7251990615356222 0.036958218099602105 0.05178134793281686 0.07391643619920421
4 0.7392720535160577 0.02016996612243575 0.044429922886674154 0.0403399322448715
4 0.7566493206349209 0.03825875638860959 0.05031897748246603 0.07651751277721917
4 0.8166146059523811 0.067769912473208 0.051480959283868796 0.07378500988583174
4 0.798576004780362 0.05518899943134632 0.046292811535622036 0.06578150889724857
4 0.7845728639719457 0.09335750289138743 0.06362001387966068 0.0929806788591925
4 0.7419941401901073 0.1256407622829276 0.06422079117755644 0.10235567885919253
4 0.7041541787467704 0.09741760319539858 0.05188147748246621 0.08003500988583175
2 0.04472312615356331 0.4289871630418617 0.0423853639719457 0.12640067391627668
2 0.08845693244739816 0.2313826511788636 0.0748579025286086 0.0981138478325532