1 0.8340066614019512 0.5343875122353536 0.0850488040260898 0.1950793762235353
4 0.9030448260264079 0.22598722439373836 0.04013519867918127 0.09355159255827142
4 0.9073510653644077 0.2604986336495655 0.04618520401018138 0.07658234736759484
4 0.9313880020289531 0.2457193710356938 0.04002611067790838 0.08417659255827141
4 0.9343862800365892 0.3020512165891901 0.03995338534372692 0.07792659255827142
4 0.960921508036271 0.3006350495288146 0.03506589067472703 0.06057540145127884
4 0.9613760413749073 0.3396975495288146 0.038409066677272105 0.07943452885594056
4 0.9769635840229081 0.426235250254454 0.04607283195418397 0.1111210384745874
4 0.9798885893539081 0.38962562765911574 0.040222821292183755 0.10621528366526398
4 0.8916089813812705 0.38411718292392616 0.04805678668045381 0.1031994110699257
2 0.12756302068745357 0.15751737803763388 0.07020450668363559 0.12740080290255765
2 0.302834646005727 0.0527455764010206 0.061919292011454005 0.08650298439090338
4 0.9758687060192491 0.36993068655212313 0.04826258796150178 0.1064335384745874