1 0.8273346050546524 0.4508012873316313 0.10421864057694456 0.18357752583555556
4 0.9168276372553812 0.732158430474027 0.05210932028847211 0.09178876291777786
4 0.9184089742613535 0.6977652466784366 0.053344511967847195 0.07776263050895835
4 0.9438992835319091 0.7096651814239575 0.05032861474138883 0.08237739532659738
4 0.9405028330188188 0.6543055341974993 0.04865701196784755 0.07765352773541671
4 0.9655392006099994 0.6521611527386103 0.03888196846486132 0.060247822188333446
4 0.9625421403895134 0.6131895717165616 0.04713087955902786 0.07917966014423623
4 0.9645787254956245 0.5256895717165617 0.047858231382639005 0.11042966014423623
4 0.9692473884896522 0.5599372851474297 0.036775261017916706 0.10392508700597229
4 0.8884149625778466 0.5774352160932285 0.060140025835555375 0.10134560087368065
2 0.15038240682267284 0.8858614987657291 0.08415940729444457 0.12689111474138884
2 0.3384259610592353 0.9587865864372913 0.07027743882958344 0.06722517401194458
4 0.9656314260087147 0.5811037703297908 0.04306162860909737 0.10563305737069442