4 0.8277708751693421 0.16036876763939262 0.025061954997525504 0.09180806840173403
4 0.8439281416776856 0.1714350702561111 0.033372421980838854 0.07204159997176514
4 0.8581920375392424 0.19095861498032182 0.0358423247398008 0.05972361049510884
4 0.8746292650380052 0.23709016233536845 0.03139384215265508 0.09373458944842143
4 0.8849869108995623 0.2563861939053996 0.029497149479601602 0.1169900789250777
4 0.8949450870642727 0.22347498336793842 0.024324970601357875 0.07774556840173404
4 0.9429974847348521 0.2932561333255861 0.03501016508343398 0.10329159997176518
2 0.07070972693293592 0.24946094468185845 0.04997342378986114 0.12129814732681174
2 0.20775162426483096 0.10011193401734038 0.04463747060135785 0.07892863680346807
4 0.9226473631835546 0.276493567554688 0.028023180687266346 0.0888650789250777
4 0.9050161278828757 0.23730226493796952 0.022598696291098362 0.0745295631400622
4 0.9548599926483098 0.9081574653756099 0.08884557326946271 0.18368506924878006