1 0.80546875 0.3077152277809611 0.0640625 0.197041865976684
4 0.75703125 0.028520822086281806 0.0296875 0.05704164417256361
4 0.77421875 0.03820821118422162 0.0390625 0.0763974792540756
4 0.790625 0.02766825579957006 0.03125 0.05533651159914012
4 0.81328125 0.06337323193014603 0.03125 0.07893048340326048
4 0.83671875 0.04909724437770066 0.0296875 0.06006208423309746
4 0.85234375 0.08463200267607043 0.0296875 0.08037458423309744
4 0.9015625 0.15277742881593515 0.04375 0.11112767676456467
4 0.89375 0.1182131746667503 0.040625 0.10620337842423862
4 0.8046875 0.15777442736604266 0.0375 0.1028415800839126
2 0.02578125 0.3160151636923101 0.0515625 0.12734467261537982
2 0.14375 0.1344197763450018 0.0515625 0.09609467261537978
4 0.87734375 0.10461261595346202 0.0390625 0.10764747925407558