4 0.9263095353100731 0.29790839681617076 0.050019365259120006 0.09372901603912895
4 0.9377555499205699 0.31428436843854063 0.052898903408566865 0.07986677513842758
4 0.9436373571447401 0.3357786366371379 0.0495829886359143 0.06872901603912895
4 0.9412430142067549 0.3833347570874886 0.056323912337020235 0.09725453423772627
4 0.9432185714309252 0.4045787014119626 0.06139324188232535 0.11942992288667416
4 0.9663793819015065 0.3771243298818777 0.04511367694751698 0.08092862739018099
4 0.9736094549539895 0.45580004240494904 0.04088982710967244 0.10719073874123311
2 0.16204425811767487 0.12613860271317873 0.08186938311602718 0.13010660703211538
2 0.3526340762988939 0.050754278220746574 0.06348184740221222 0.060255181985972836
4 0.9700577609603439 0.43523721853082564 0.04842959172016918 0.09206638648947955
4 0.9707805097425279 0.3938309685308257 0.0434966298696164 0.07770349784053172
4 0.7687784898603208 0.9617616293927658 0.10684210957707699 0.07647674121446854