4 0.7850035077172283 0.8712769144503743 0.023456865259119653 0.09151633794672165
4 0.7996251152657103 0.8386726614846248 0.03250458279171564 0.07314833992388792
4 0.8179932857204054 0.8597836575302921 0.02482845048646709 0.08064250494291585
4 0.8361080860447171 0.8059583205721538 0.0263091298696164 0.07601867193911013
4 0.860944444811015 0.8143146486330435 0.024419347402212566 0.057205004942915846
4 0.8725365097458233 0.7763689796596828 0.023211403408566866 0.07745383794672148
4 0.9160740499238649 0.6973062207624343 0.03466710064862326 0.10758700692008212
4 0.9107592585280073 0.7334347217510174 0.03302278003177221 0.10283583992388792
4 0.8189808616122622 0.7137535745264865 0.02828073295387128 0.09951983893530461
2 0.03178087054071606 0.7286542406084598 0.04741256249917617 0.12215884288963733
2 0.16728021956778139 0.8823947114452562 0.04527731818121903 0.08928267589344294
4 0.8956154995995534 0.7512270582148641 0.031487553570722325 0.10433467292769336
1 0.11143932265203649 0.8612492233082543 0.03743754464226869 0.08740184091247087
4 0.8702095397743002 0.19406581562923794 0.07407624837514674 0.21849001482874764
1 0.07540241112579497 0.8236828977188224 0.034721647726523794 0.11071200692008212