4 0.81484375 0.10703125 0.01796875 0.090625
4 0.828125 0.1296875 0.02890625 0.0703125
4 0.86015625 0.1328125 0.03125 0.0578125
4 0.85546875 0.18125 0.021875 0.07421875
4 0.87109375 0.16953125 0.021875 0.05546875
4 0.88828125 0.1671875 0.01953125 0.07578125
4 0.9390625 0.2765625 0.02890625 0.10546875
4 0.92578125 0.23125 0.02734375 0.10078125
4 0.834375 0.2734375 0.0234375 0.0984375
2 0.053125 0.25390625 0.04140625 0.11875
2 0.19609375 0.09375 0.0390625 0.0765625
4 0.90625 0.21640625 0.02265625 0.08671875