4 0.633381647397399 0.0251504099046837 0.0551117052052021 0.0503008198093674
4 0.6550291342432193 0.028879381901506497 0.05869173151356133 0.057758763803012994
4 0.6867341605515785 0.020780509742527924 0.05465667889684287 0.04156101948505585
4 0.6983850211172745 0.05570929424182218 0.05289675782192056 0.07740797970746054
4 0.7095423289956649 0.03834451623864497 0.04564569994353036 0.06011138555165918
4 0.7248866079348601 0.03448163535143592 0.05142526308359248 0.06896327070287184
4 0.8100435869587599 0.1083921891289722 0.07346686305535774 0.10898526217486464
4 0.7817134606080482 0.07220527313850382 0.0700688472703419 0.10424321509696392
4 0.7196692159403073 0.14587064407966638 0.06519933674699843 0.10103639448011292
2 0.00594835018352664 0.44813749107154627 0.01189670036705328 0.12560001785690744
2 0.04747642654835562 0.24345394521146155 0.0706302893919517 0.08708298863591431
4 0.7585944790238998 0.06714562622275891 0.05987479991529554 0.0900170738632619