4 0.6995975856081419 0.09124552900411903 0.04455482878371626 0.08721577673520511
4 0.719019673697483 0.09495503704989071 0.05036818114108108 0.07827781930985205
4 0.7355522022335304 0.1102194041301698 0.04829625889134022 0.06723105866619034
4 0.7594776997523309 0.15186595475058842 0.051314251033457305 0.09859031930985207
4 0.7728124536812724 0.16847430054354404 0.05702059553293939 0.12079310124083728
4 0.7768300196447072 0.13270069150903666 0.04270123035529281 0.08085651609154336
4 0.835329570306661 0.1893056066118443 0.0580008986760923 0.10840236188449896
2 0.012181014682308403 0.3794907580457717 0.024362029364616806 0.12773151609154337
2 0.09290232175440297 0.19303944183801275 0.061742328783716306 0.08841764381548423
4 0.813109967949296 0.17834632727874916 0.04789815260503403 0.09212179802252862
4 0.7888569846985191 0.14373102665833054 0.03943068114108126 0.07751299480421991
4 0.9418318957851175 0.7971395219667535 0.058989818030349285 0.2299495799535137