1 0.7580255859591325 0.6415723513133679 0.08477896276527801 0.2229262449116174
4 0.8541452521842015 0.0999436940318501 0.02870818787965277 0.09357958163720577
4 0.8615765456871877 0.11676270183376622 0.03008884992375016 0.08584896879233553
4 0.8761293549577431 0.10348477386003359 0.030016114741388832 0.08272396879233553
4 0.8946079044446529 0.1580527651536063 0.029907011967847195 0.07803646879233553
4 0.9202436840799308 0.1504516270939654 0.027908100873680296 0.059204581637205766
4 0.9274028738594445 0.1891865784734464 0.02834451196784755 0.07795458163720581
4 0.9613252386008335 0.2687578917932865 0.04000936379145834 0.10977779172311397
4 0.9604887840036808 0.23282039179328645 0.03833776101791671 0.1050084045679843
4 0.8685740409375349 0.24937048394594186 0.03357752583555538 0.10163774310259503
4 0.8495688145888891 0.20578093622993401 0.029907011967847553 0.07803646879233553
2 0.08158122758291685 0.21161252939864217 0.05439917211208345 0.12457727611928178
2 0.23453996058107646 0.06201756388566697 0.05054682028847228 0.0931635018090223
4 0.9475523729095141 0.2147254890343245 0.036775261017916706 0.10492651741285455