4 0.7773233664556206 0.1266616255742527 0.029244882290738163 0.09373458944842143
4 0.7915533510162145 0.14861992556013526 0.03646634890464338 0.07387711575678066
4 0.823561868962903 0.15126678342440816 0.037710600158284535 0.06303062101845254
4 0.8221524816576 0.19970428342440816 0.030352741224511703 0.0782005947100933
4 0.8366014265638928 0.1872420807794548 0.0282446719450391 0.059359589448421436
4 0.8539025868304494 0.18433688865784514 0.028790241224511348 0.07810958944842143
4 0.9110127416867299 0.2925280912322113 0.04063702335696497 0.10999662628012441
4 0.8950982366721648 0.247777033353821 0.038938131037096826 0.10521812101845249
4 0.8162769032069278 0.29405352290106446 0.034159702823851654 0.10182010523343692
2 0.026300424056610254 0.29570661312594476 0.05260084811322051 0.12487817363517104
2 0.1595759253102515 0.13685379984470822 0.05107441818411549 0.09344616311182734
4 0.8743909315784577 0.233267212321251 0.032278954077492726 0.09079159997176516
1 0.18628082930860204 0.0797161340314578 0.04317098997087014 0.08986613680346807
1 0.1501471010162144 0.1112622656438412 0.04068248746358769 0.11155912628012436