1 0.6380117591180557 0.1636316214194506 0.16432229882131963 0.2815238146880899
4 0.9442371493137507 0.7701565307924488 0.04902068787965277 0.09273294000636341
4 0.9469439220151742 0.7522241434595397 0.048875217514930826 0.0864829400063634
4 0.9635501937666673 0.7610087974617669 0.0472399823325695 0.08333975867281787
4 0.9653295928929868 0.7032326601288578 0.04709451196784755 0.07708975867281787
4 0.9867070983082294 0.7113724241326758 0.02658580338354106 0.059829533338636054
4 0.9823371615206774 0.6808400394652667 0.03532567695864515 0.0786340773392725
4 0.9825086011580211 0.576988333465903 0.034982797683957755 0.1099204400063634
4 0.9884137622521877 0.6122082181333119 0.023172475495624668 0.10510567067154533
4 0.9665271105604173 0.6204565227959487 0.05835932028847211 0.09127952800763595
4 0.9135293971295491 0.6253071074554034 0.05701502583555573 0.10063634667409041
4 0.9059903072737854 0.6705196101209034 0.04713087955902786 0.07865225867281786
2 0.17825108624347294 0.8799613146880899 0.08103440729444453 0.1259090666772721
2 0.3654257375539939 0.966643702020999 0.06882404160312508 0.06671259595800194
4 0.9847439015948612 0.6324752647994485 0.030512196810277458 0.10519657733927232