1 0.7395443827509298 0.6654579390648958 0.13540676881613756 0.2321783514929388
4 0.9327184164587727 0.16834872023957634 0.049606201819245396 0.0953560586661903
4 0.9367167117440431 0.18688019895225289 0.04931510339082194 0.08910605866619034
4 0.9534675641014079 0.17630333187197378 0.04916955417661058 0.08598105866619035
4 0.9600664745643247 0.23384268026281943 0.047388730355292806 0.0811842980225286
4 0.9832299348628801 0.23120399932056995 0.03354013027423974 0.061997255447881636
4 0.9815957372821623 0.2712116402860626 0.036808525435675324 0.08107503737886682
4 0.985186290942044 0.3567120977114156 0.02962741811591201 0.11265281930985208
4 0.9891096575674325 0.3212280657804304 0.02178068486513496 0.10730975544788164
4 0.9161945041338292 0.3184251298945024 0.057855349461880576 0.10527736188449896
4 0.9085425159206535 0.27193254214731843 0.047388730355292806 0.08118429802252854
2 0.1567487677826803 0.11758134788664258 0.08238446856846862 0.130353771539425
2 0.33761131596343474 0.0253392175648117 0.06897263192686945 0.0506784351296234
4 0.9847303726212445 0.30118871738958475 0.030539254757511004 0.10785605866619026