1 0.786172824649887 0.27359737740918727 0.09132712903138547 0.18522209765100206
4 0.6995975856081419 0.03227632475625551 0.04455482878371626 0.06455264951251102
4 0.719563329198001 0.045379100687009975 0.05036818114108108 0.07636392319868043
4 0.7340089729116948 0.030994969583406022 0.04448205417661057 0.061989939166812044
4 0.7606955973949662 0.06680781980819758 0.04426373035529281 0.07930706677218971
4 0.7840432061624718 0.051304840262168715 0.03870293507002245 0.06042067445232167
4 0.8019734148061429 0.0851115389293852 0.04270123035529281 0.07926160266556703
4 0.8567293813076968 0.149054366984346 0.059781722497410074 0.11096624373179384
4 0.8457940353604728 0.11582432983732745 0.0580008986760923 0.10623327962517118
4 0.7594177336650618 0.1612481415949522 0.05316784946188076 0.10297188730530316
2 0.012181014682308403 0.3775566986672165 0.024362029364616806 0.12613660266556703
2 0.09421011062953247 0.18840561896290303 0.06530397642635144 0.09552310015828454
4 0.8284438695208728 0.10306591706348829 0.05643839867609231 0.10618781551854846
1 0.019304309967578693 0.3836248422407258 0.038608619935157386 0.21400031551854842