4 0.8632109768361269 0.9305726435982496 0.024533427212139712 0.09168953301668666
4 0.873437847390457 0.8991555472617225 0.03296235731976367 0.07186835594746555
4 0.893915167282833 0.9204916367008446 0.025586504962398848 0.08083392017181659
4 0.9062481933376809 0.8673633146745772 0.026930681141081436 0.07622830732694616
4 0.9316120663732104 0.8764860091566533 0.026057385855811077 0.05747830732694652
4 0.9399853384991168 0.8387370256649966 0.023878455748187123 0.07762703301668665
4 0.973810220840271 0.7617960673881106 0.03619867328319835 0.10788774310259512
4 0.9731402868037058 0.797610736655416 0.03441784946188094 0.10311835594746518
4 0.8785169915184354 0.7739475073476308 0.029584800247668852 0.0997476944820761
2 0.0929262479285762 0.7569360747398008 0.04928087014004516 0.12104284034363318
2 0.2461155221213973 0.9169362737444325 0.046262877997927984 0.08971095318850324
4 0.959914694785423 0.8148425022592483 0.032855349461880935 0.1030364687923356
1 0.23467075392443223 0.9389374265033947 0.03830482878371626 0.08617651741285429
4 0.9235895113725394 0.1520558972162941 0.08780402274507892 0.2119068577564876
1 0.20447167762191532 0.8929322077110591 0.03627144789030419 0.10945024310259513