4 0.6371087762181618 0.0378594620862233 0.05546755243632351 0.061537484006999675
4 0.6627095535160576 0.047525363422950426 0.059593847932816676 0.07719884667409058
4 0.6720147023440385 0.03436229209099581 0.053404404688076924 0.053706802673454235
4 0.7090734137873757 0.06445887209576832 0.05334384793281686 0.07712612133990877
4 0.7274531739664084 0.04671738876508638 0.045992422886674336 0.05986589600572702
4 0.7536745149593947 0.07824919943504077 0.051881477482466035 0.07867044000636333
4 0.823735493521595 0.1360531561107222 0.0740964389258032 0.10859429734245411
4 0.8052765877537839 0.10383100210849501 0.07067105027685514 0.10387043467536325
4 0.7307061867663348 0.15839068543122276 0.06578329117755662 0.10069089067472689
2 0.045924680749355164 0.4486374946689999 0.0423853639719457 0.12539998933799978
2 0.08003316316906672 0.24996418467536322 0.0779829025286086 0.09614884134309047
4 0.7850944956810635 0.09344748543917694 0.07067105027685514 0.10387043467536324
1 0.04238177128091626 0.30807612933640893 0.05112001387966063 0.09115225867281787
4 0.9497146074935408 0.6241445967934032 0.10057078501291841 0.22185791335136287
1 0.03955596236618775 0.37361931333545445 0.03946062307124434 0.12848862667090888