1 0.7130935541935198 0.6898405900431952 0.13669608350638834 0.27918096656499997
4 0.7410652059377316 0.08378995858430618 0.04087786116879606 0.09295121941479172
4 0.7515536466068984 0.09812521551816036 0.04345605702175916 0.08677395459715283
4 0.7630769069744908 0.08273660486083398 0.04162015494824054 0.08361258700597225
4 0.7900208243165743 0.1326827066844451 0.04107335080120365 0.07736258700597225
4 0.814620283129028 0.11994697055215346 0.036307938360092606 0.05853985182361114
4 0.827882409283565 0.15626633025954934 0.03964755183796278 0.07888871941479172
4 0.8740746126293985 0.22779714456409797 0.056444072573147964 0.11046602773541672
4 0.8677070354381022 0.19320393901701466 0.0529089694628702 0.10570579255305557
4 0.7749242131477783 0.2247065525241326 0.04951056738935158 0.1025080573706945
4 0.749162086993241 0.1880962520872923 0.04121005183796278 0.07892508700597226
2 0.011476159283565077 0.33570176386770834 0.022952318567130155 0.12452852773541671
2 0.11822444528731513 0.16088556145475702 0.06275286116879614 0.0934603656913195
4 0.8518181952873152 0.1779601455140285 0.0529089694628702 0.10570579255305557