1 0.8987526800307883 0.4778880635420494 0.09012607201231546 0.18488545269729176
4 0.916884014732527 0.2377176584318063 0.04428633118569749 0.09320579255305557
4 0.9202090026322786 0.2721653936141674 0.048873837235821685 0.07612739532659721
4 0.9451226442210222 0.25790352507305636 0.044231789031219645 0.08383079255305556
4 0.9446686471478885 0.314135341277466 0.04264201795398108 0.07910692496187507
4 0.9704453519683487 0.31395415653194525 0.03784543364502539 0.060247822188333355
4 0.9691146561248789 0.35376153894076473 0.041079517953981085 0.07907055737069442
4 0.9776169816532356 0.4399172444878481 0.044766036693528834 0.11046602773541672
4 0.9814277828828997 0.40485191346579946 0.03714443423420057 0.10559668977951393
4 0.8967083909995683 0.39503919595086884 0.052153373340175335 0.10276263050895836
2 0.14531302088084713 0.1377390021842015 0.07572722872636942 0.12674564437666672
2 0.32756191861791084 0.04511901035232667 0.06449883723582168 0.07649107123840283
4 0.9774579003693423 0.3828859944878481 0.04508419926131531 0.10577852773541671
1 0.220644298106406 0.06215908035645852 0.056777240826617816 0.09193423328250003
4 0.7696889113894363 0.8506144358828827 0.11846924063022612 0.22304006933854187
1 0.16380394564707804 0.09364416327836819 0.06950449980360825 0.1312876740119445