4 0.81484375 0.10703125 0.01796875 0.090625
4 0.83125 0.1171875 0.02890625 0.0703125
4 0.84453125 0.13515625 0.03125 0.0578125
4 0.859375 0.18046875 0.02421875 0.09140625
4 0.86875 0.19921875 0.021875 0.11484375
4 0.88046875 0.16484375 0.01953125 0.07578125
4 0.92578125 0.23125 0.02734375 0.10078125
2 0.053125 0.25390625 0.04140625 0.11875
2 0.19609375 0.09375 0.0390625 0.0765625
4 0.90625 0.21640625 0.02265625 0.08671875
4 0.88984375 0.178125 0.01796875 0.07265625
4 0.91171875 0.85 0.06484375 0.18203125