4 0.6502542782280557 0.00533559161138949 0.05574144354388864 0.01067118322277898
4 0.6683597292648148 0.003021235909213582 0.057030541470370365 0.006042471818427164
4 0.687480876154537 0.005257679170278418 0.05574144354388864 0.010515358340556835
4 0.7147371517906945 0.02941799483944511 0.06288956220555537 0.05883598967889022
4 0.7291318424598613 0.041371190692408084 0.07105337672018486 0.08274238138481617
4 0.7307134663053242 0.013754038618889575 0.05214755183796278 0.02750807723777915
4 0.7930870357209261 0.040487769179653514 0.06995976842611089 0.08097553835930703
2 0.0011251281807873894 0.4281837885956482 0.0022502563615747788 0.12800742280870364
2 0.05021744759638933 0.22353595334583348 0.0715810570217591 0.0915422425071295
4 0.7694834403863428 0.03431090065939887 0.05935445909527761 0.06862180131879773
4 0.7431745100847686 0.017010958694283106 0.04874914976444415 0.03402191738856621