4 0.8126917054503136 0.05022203649424939 0.027710153942803118 0.0921641892121193
4 0.8233422919646127 0.0719310931329452 0.03542705909355419 0.07256208423309747
4 0.8550546775705264 0.07341016014460322 0.03753169303247787 0.06029888257342351
4 0.8456320090838556 0.12226205724017378 0.0295596963664579 0.07677598755244537
4 0.8622136022661149 0.10935931553854354 0.02802914727484307 0.05802598755244537
4 0.8795286480237493 0.1064944246667503 0.02656224212409235 0.07810168921211931
4 0.9197554221105146 0.21292110080661503 0.03992311151914833 0.10861798340326045
4 0.9109542490819162 0.16855579416791922 0.03797797424624463 0.10381208423309748
4 0.8254792636257836 0.216959250601478 0.033035382730975726 0.10033188672260833
2 0.03772404317256069 0.2417129807039681 0.0534434775802247 0.12206517676456467
2 0.1962535045419279 0.07829890829372536 0.04933006242753395 0.09069677759440165
4 0.8926984566582614 0.154410783794957 0.03058006242753386 0.08927598755244537
1 0.24206008318031938 0.031200610578099253 0.04087983363936125 0.062401221156198505
1 0.21297848999806032 0.04392575352448495 0.039668020003879347 0.0878515070489699