4 0.7980073145156926 0.03912060766670325 0.027731201819245578 0.0782412153334065
4 0.8138699090151746 0.052009679440635094 0.03616013192686936 0.0743613825734235
4 0.8459739336222805 0.05114499645229311 0.037140435070022446 0.06197978174358654
4 0.8458861964425621 0.09976009520753763 0.02849318114108108 0.0768943867226084
4 0.8601477495857154 0.08613530309098891 0.02761988585581108 0.058144386722608396
4 0.8771897003715037 0.08170791221919564 0.027003455748187122 0.07833848755244537
4 0.9383883736547018 0.18369554209332678 0.03932367328319834 0.1088547817435865
4 0.920689297352185 0.14034828379495703 0.03754284946188093 0.10404888257342351
4 0.8338100355653607 0.19397203649424938 0.03278257485477489 0.10213118506293446
2 0.05354249276128968 0.27426537157576136 0.052478644747151026 0.12386447510489074
2 0.18013060980096293 0.09689554294174132 0.047388730355292855 0.08144017676456468
4 0.8997218258882322 0.12782497300707635 0.030637877997927988 0.08951278589277138