4 0.7284362922723593 0.9769706431112908 0.055604742507129504 0.046058713777418346
4 0.7499695396804611 0.9733599098043383 0.05941324769092589 0.05328018039132339
4 0.7802721943458778 0.9808458008705652 0.05505793836009261 0.03830839825886976
4 0.7914250163533778 0.9495696864600086 0.055135850801203645 0.07797188730530316
4 0.8030166272393501 0.9662714531530561 0.04581963939685174 0.06055706677218993
4 0.8186122329415261 0.9677763252833156 0.05371005183796278 0.06444734943336883
4 0.899716678511665 0.8958345841901529 0.07519407257314796 0.11128449247815268
4 0.8732416528755074 0.931689516164322 0.07152226842611072 0.10494356426490725
4 0.8084280057029612 0.8588908621659715 0.06812386635259245 0.10172763605166182
2 0.06626317219657299 0.5614376051728496 0.04531108294074051 0.12600021034569905
2 0.13505000282823929 0.7598129206913979 0.07865126324231464 0.09735838479802084
4 0.8503509570225447 0.9372575545649818 0.06091695909527743 0.0906082796251713
1 0.1574027479272669 0.8282590438109361 0.07042866013203683 0.09244356426490725
1 0.12637763185749845 0.8031992078384164 0.07689327360990719 0.11289245658477531