1 0.8493873080839961 0.5696981639588733 0.03957267202418073 0.18030912628012424
4 0.8252343821212218 0.8455095060381307 0.01980451734563573 0.0917170631400623
4 0.8373616647835401 0.8127502139447559 0.028943160009544756 0.07195059471009344
4 0.8571383627864035 0.8327063981738579 0.02280224801081765 0.08096157366340587
4 0.8721361067790857 0.7778900955571394 0.02274770401018138 0.07627407366340595
4 0.8972361041135857 0.7850277613703898 0.022529528007635947 0.05752407366340595
4 0.9069469114417222 0.7461549771695226 0.01962270401018138 0.0760920631400623
4 0.9451003447644499 0.6657548456277265 0.029361330681090436 0.10788809471009327
4 0.9423935154359953 0.7018743561510702 0.02928860534690827 0.10163809471009326
4 0.8491884080999045 0.6869766692205452 0.024582924013363084 0.09980257892507786
2 0.06180658676794988 0.7429995711031572 0.0420067813494538 0.12111613680346807
2 0.20735653878894894 0.889314587029347 0.041643154678544916 0.08986613680346807
4 0.9285310101049952 0.7198809035061168 0.02618178668045381 0.10301858418674961
1 0.06486795210054083 0.7373488105798135 0.04306129869508961 0.21174113680346807
1 0.022262281428995598 0.7038684526449533 0.03057948002863505 0.21257559471009327