4 0.8408264869348623 0.9166782816037282 0.021386918184115443 0.09117056927947224
4 0.8534485073888334 0.8944084765100211 0.030170884798020835 0.07113085391920819
4 0.8853888291755879 0.8922154906957859 0.0329321719450391 0.058721782132453625
4 0.8792919418702849 0.8436415983759179 0.02405727711788863 0.07563649749271768
4 0.8952579226699552 0.8558149894421447 0.023511707838416385 0.05688649749271768
4 0.912513618829889 0.8586588446149943 0.020932277117888632 0.07554556927947224
4 0.9601123813663014 0.7507614280802313 0.03121655925034226 0.10706835391920819
4 0.9481495904583592 0.7956874831739386 0.031034702823851745 0.1008183539192082
4 0.8656265954729239 0.7495733496295591 0.026301738717229028 0.09911946159934022
2 0.07483411091233023 0.7476395296251712 0.04408027210332377 0.11993206677218975
2 0.22246293184115506 0.9119557453811463 0.041290241224511345 0.0776991026655672
4 0.9290502494712747 0.8099629318411552 0.02442098997087001 0.08813649749271742