4 0.7825248125212045 0.10393658920471789 0.029781758437520622 0.09296038981258556
4 0.7984325547166562 0.13483724821763335 0.0368849303072194 0.07287521034569898
4 0.8156101310328587 0.11270383544379418 0.030962312521204537 0.08206835391920823
4 0.8377505150609424 0.16563861882988903 0.03079862141421188 0.07738085391920824
4 0.8615873191446266 0.1554058124825406 0.02858135698624196 0.05858538981258556
4 0.8761780980005671 0.19329225738883338 0.02923612141421188 0.07733538981258556
4 0.9240823738612827 0.2688294664808911 0.04126489546082901 0.10890363855894432
4 0.9166046905588384 0.2334913600544004 0.03953870435383635 0.10417067445232168
4 0.8269618372007939 0.25897944187028493 0.03474207694917482 0.10090928213245362
2 0.043851726038200894 0.2947274782923876 0.055818468781806754 0.12337531551854841
2 0.16772819173996475 0.13209474914207017 0.05160219473518968 0.09203438730530311
4 0.9004340535355297 0.2174117189881736 0.03797620435383635 0.10412521034569897
1 0.103521848000567 0.17081025666391755 0.04368056733052792 0.0886820667721897
4 0.9080035723094874 0.7694144881885034 0.08883435462398878 0.21955163354437932
1 0.06324407758214697 0.22427022578510517 0.04822422359113018 0.12939799498543508