1 0.614948707765451 0.16421043486062561 0.18614741553090183 0.27980743217453846
4 0.9758766799299121 0.7930290634777262 0.04824664014017586 0.09964043507002263
4 0.9774923878365375 0.7625967007812792 0.045015224326925105 0.08833906203449331
4 0.986772529936971 0.7712097214594436 0.02645494012605809 0.08357878742738745
4 0.9859384365422954 0.7134336087629964 0.0281231269154091 0.07881851282028159
4 0.9957345181335029 0.6893069040482668 0.008530963732994223 0.08016268899896399
4 0.9914950681899726 0.5861455167447138 0.017009863620054945 0.11148546360606985
4 0.9980558813300349 0.6207752278695843 0.003888237339930356 0.10472604135632899
4 0.9798064102692299 0.6305483341558906 0.040387179461540156 0.09339043507002245
4 0.9392694994353026 0.6358864975142915 0.06519933674699843 0.10276543507002263
4 0.9357041546546221 0.681689149085868 0.052987763083592654 0.08038101282028158
2 0.2302710149379695 0.9036088052100677 0.09009292093374795 0.12885705417661059
2 0.42439201223654643 0.9765004956567738 0.07395271046687388 0.04699900868645237
4 0.9955224155309018 0.6409421786553726 0.008955168938196322 0.10501713978475227