4 0.8928247505287255 0.7249178339054978 0.046432382290738164 0.09499112739018098
4 0.8998249082879998 0.6987360657069006 0.05061977711788899 0.07810401603912887
4 0.9298533890876698 0.6851148542635634 0.04873902837152997 0.06706638648947968
4 0.9124218481797275 0.6410039088593553 0.04446070533113407 0.08082849784053181
4 0.9309672596999254 0.6468336042635634 0.03922763605166182 0.061778109191583754
4 0.9482456879131709 0.6426071792174209 0.042898205331134066 0.08072836829088245
4 0.9611214241231172 0.521693901919525 0.04693248746358769 0.11217862739018099
4 0.9605160188711256 0.5693000871447003 0.0452335951437199 0.10739099784053163
4 0.881973481724107 0.561856629401991 0.05451766693047446 0.10486677513842757
2 0.11934413493103464 0.8563630166574377 0.0786371285298145 0.1298062183831675
2 0.2993605923737398 0.9407416093484674 0.06629024122451135 0.08066781153562204
4 0.9521124854850307 0.5901132348929469 0.04946645407749273 0.09206638648947951
1 0.30593720130751295 0.9559160263750452 0.057568459092057725 0.04891716378737563
1 0.2705225385336738 0.9402502560169796 0.06173913354437941 0.08505492288667398