4 0.860347219649913 0.8515139343484375 0.03705738229073816 0.09318771034569906
4 0.8667934479423007 0.8180793087216169 0.04436977711788863 0.07622753087881255
4 0.8897535748227625 0.835167520320957 0.038347097651002214 0.08385817445232169
4 0.8968363006078677 0.7798578946941366 0.03816524122451135 0.07760817445232178
4 0.9225266223946222 0.7837330524534106 0.03454013605166182 0.060329746239076346
4 0.9267882250601893 0.744761480666656 0.03664820533113407 0.07912521034569905
4 0.9526807868178141 0.6610684422659963 0.05161998746358769 0.11078438730530316
4 0.9547601123654925 0.6970968704792417 0.04835859514371954 0.10600595909205772
4 0.8602970585254266 0.6920025420285695 0.04514266693047446 0.10279003087881229
2 0.08454323759660168 0.8297222554102763 0.06769962852981448 0.12686402837152996
2 0.2512186090667872 0.9563828695564702 0.05893238229073816 0.08723426088705963
4 0.9440355610327089 0.7163326037861942 0.048358595143719894 0.10600595909205772
1 0.16977839245288204 0.9369784774344578 0.05102895407749282 0.09047188730530316
4 0.7935955726446844 0.18963840848419006 0.10801840314042081 0.22483016693047428
1 0.11452860279858104 0.9009667695960413 0.06002352084968252 0.1313242078384164