4 0.894217111730906 0.26136496912458873 0.03803633118569749 0.09524859818322887
4 0.8987091690106943 0.29534135639749237 0.04418633723582168 0.07857128121376702
4 0.9230233677810304 0.2809120656408276 0.03954428903121965 0.0860011439408634
4 0.9258211148541641 0.3374171571560967 0.0379454275949012 0.07962359818322877
4 0.9516160003927834 0.33717791215706655 0.034720433645025396 0.06218100666795978
4 0.9529512414157931 0.3763679579147011 0.03639201795398108 0.08105855242559432
4 0.9719916120254937 0.4623372798851328 0.0521988251355733 0.11358401000193971
4 0.975321145104785 0.4274361214004019 0.04592155405833438 0.10838632697140156
4 0.8831381902843247 0.4191296716999643 0.04590337334017534 0.10526132697140152
2 0.11938528337387899 0.16919602333785924 0.06791472872636942 0.13048446757828502
2 0.2934954699457707 0.06772860243529263 0.05988406010845857 0.09234673879011232
4 0.9684035245932803 0.4073309154910464 0.04904655405833438 0.10864141848667064
1 0.29905512353656694 0.052550012587013514 0.05188975292686617 0.06045901000193967
1 0.26534319886853186 0.070120278797871 0.05368860226293624 0.10121155575957419