4 0.9361080332988653 0.27576317229951464 0.05105451734563573 0.09178876291777786
4 0.9397142912953654 0.30163534127746605 0.05401588534372692 0.07779899810013893
4 0.9676665686266837 0.3171337079187161 0.05076361600890848 0.06678876291777787
4 0.945291581954184 0.35959331164218833 0.049328385343726924 0.0776898953265972
4 0.9640961259548202 0.35534222273635496 0.04131589067472703 0.060320557370694416
4 0.9765597632877295 0.3587581634657994 0.039971566677272106 0.07903418977951393
4 0.97359730060473 0.4790342958746189 0.043460193348181166 0.11035692496187507
4 0.9772677406110934 0.43223203105698005 0.03713746801399935 0.10396145459715282
4 0.8897041059436844 0.4356641959508688 0.06053860534690827 0.10138196846486114
2 0.1769068506524552 0.10883340539458349 0.0842670066836356 0.1269274823325695
2 0.37001250799650015 0.03440036910979198 0.06622498400699968 0.053089938829583384
4 0.9736069386139569 0.4110473620790286 0.04478633601209055 0.0900807925530557