4 0.8565701485519144 0.8301893226520365 0.030760198679181273 0.0927056972400564
4 0.8715593492202778 0.8174302240320083 0.03991702267663584 0.07411933847375848
4 0.8827241158895959 0.797708059259356 0.039771572008272214 0.061619338473758486
4 0.8910820558959592 0.7506966915646041 0.03702838001272681 0.0943772913958579
4 0.8983405725652773 0.7310427106393276 0.03886360001590816 0.1178420649348082
4 0.9143741052275957 0.762787588480349 0.03059656667727211 0.07864319724005639
4 0.9511479465706862 0.6902852970844913 0.041824968013999354 0.10383411201270895
2 0.08202468189055048 0.8046544979714051 0.05924882535009013 0.12444662094116268
2 0.2444781338717786 0.9400720263816194 0.05094542934436319 0.08212275324641069
4 0.9329792019016864 0.7077864427824202 0.035411336012090545 0.08966251785690744
4 0.9215689872295048 0.7486023575550725 0.02899770401018138 0.0754909237011061
4 0.8504716199872732 0.08671342695081229 0.09280676002545363 0.17342685390162457