4 0.9265481293715965 0.7335719231159109 0.0536718202884721 0.09092498184962743
4 0.930291378421666 0.7069912423977517 0.05646951196784755 0.07688066256778665
4 0.9579988043334715 0.6912071611138584 0.05308993882958361 0.06592498184962743
4 0.9363244792953467 0.6491514713205128 0.0502195119678472 0.07684430113146803
4 0.955746626521805 0.6537253418320177 0.043569468464861316 0.05962043969514959
4 0.9667932292953466 0.6489742093184603 0.03775587955902786 0.07833407825883114
4 0.9664867176118399 0.5278986400366195 0.044696863791458694 0.10805793969514958
4 0.9685025060808329 0.5755367093184602 0.03833776101791671 0.10333407825883115
4 0.8913587778323258 0.5673929320929013 0.061702525835555376 0.10034543364502539
2 0.16419033368440897 0.8997040424490652 0.08728440729444457 0.12549087939029918
2 0.3554316231033325 0.9728001331027325 0.06678876291777787 0.05038179508134384
4 0.9641052935998953 0.5966531852161593 0.045822952697291794 0.08931703005422946