4 0.9832402378929052 0.7500440254614487 0.03351952421418965 0.09122498400699967
4 0.9807217072608652 0.7156508441279031 0.03855658547826977 0.07719884667409041
4 0.9955026141918502 0.7276786767981758 0.008994771616299602 0.08183180267345432
4 0.9904928680886853 0.6713468607972213 0.019014263822629475 0.07712612133990877
4 0.9999553493992519 0.6301496961329939 0.00008930120149628352 0.0785977146721816
4 0.9940606284802455 0.5434036741326758 0.011878743039509133 0.10833975867281787
4 0.946332230729489 0.5949110827895853 0.06636768119435103 0.10069089067472685
2 0.24814501107099024 0.9029357380251352 0.0931158514929388 0.12598179201145426
2 0.44435872939210663 0.9715130153564534 0.07613616510280767 0.05697396928709324
4 0.9992069503879876 0.5989087867997667 0.0015860992240249062 0.10357953333863605
1 0.4374203145414005 0.983994834022908 0.06501299480421992 0.03201033195418397
4 0.7473009709190064 0.05943556476763172 0.14772694183801285 0.10319882001909005
1 0.39252307778295226 0.9673158640197265 0.07355746832111638 0.06536827196054702