4 0.6286295604705814 0.032560574350006324 0.054134120941162676 0.058121572208707006
4 0.6497914943179571 0.03658954419758116 0.05583298863591431 0.06594316256778662
4 0.6793426266232054 0.0289497610200939 0.05243525324641087 0.05029998184962738
4 0.696430715096964 0.06810770979042988 0.05133640340856669 0.07685339149054778
4 0.7055057061685102 0.050974751944907595 0.04322389448011297 0.05962043969514967
4 0.7201994517042833 0.042467360356163955 0.04977390340856669 0.07684430113146815
4 0.8122017654212754 0.1219008511827818 0.07063187418757337 0.10821247579950315
4 0.7811057240254178 0.08578608918072925 0.06742505357072233 0.10350679508134394
4 0.7261375803560837 0.15889633625386299 0.06268300649282174 0.10035452400410509
2 0.025151373373499274 0.4563499939498758 0.03655688311602721 0.12519998789975162
2 0.06464274715733091 0.25738122882456527 0.07353868587597075 0.09573065651766247
4 0.7567915166390915 0.08017643861499517 0.057804591720169364 0.08938975292686621
1 0.06822566882984216 0.19412724990180413 0.06564436525911974 0.09099770472226432
1 0.04631944115097651 0.23696418969514968 0.07224892126547414 0.11134656615858285