4 0.9189073944195002 0.823018486579765 0.03354805103961844 0.0932698389353046
4 0.9257960118460767 0.7898239846025987 0.04150226099766208 0.07490184091247087
4 0.9490918018880329 0.8076826466558773 0.03584425684847723 0.08245967292769336
4 0.9542636313472457 0.7518318946787108 0.035489059337988495 0.07777217292769337
4 0.9805184780278978 0.7570313892415035 0.032505769296032126 0.058958505931499164
4 0.9833930097598731 0.7177142212567258 0.03321398048025372 0.07927100593149916
4 0.9922226354848196 0.6344414648309352 0.015554729030360903 0.1094041749048598
4 0.9944542753193165 0.6703471313328381 0.011091449361367012 0.10465300790866543
4 0.9162648786479533 0.6640427346025988 0.04195254689043324 0.10140067391627668
2 0.14121917968757164 0.7880955661978917 0.06236013527271585 0.12403967787060921
2 0.3111317058320808 0.9206640325860637 0.056867151869455415 0.09266234387822081
4 0.9896959203402946 0.689574633804296 0.020608159319410645 0.10458934091247088
1 0.2200088757481682 0.886761217871047 0.04881785352912935 0.08921900889724839
4 0.8388177367272528 0.17976057650365287 0.0962633838228232 0.221997016805914
1 0.16638604566425563 0.8513303952473645 0.056583731953367966 0.1300350098858317