1 0.8156105483933764 0.43203125 0.1552960888732951 0.2203125
4 0.6850631490253164 0.9671875 0.056564260515449584 0.065625
4 0.698920931137492 0.96328125 0.056973696291098365 0.0734375
4 0.7064844476458354 0.9734375 0.05434666327441171 0.053125
4 0.7472798660086296 0.946875 0.05401247060135787 0.0765625
4 0.7677528182926218 0.96484375 0.04529921189493056 0.059375
4 0.7911560187675916 0.934375 0.05244997060135788 0.0765625
4 0.8554365247604853 0.87890625 0.074400213703953 0.1078125
4 0.8398867678630804 0.91015625 0.07102955223856355 0.103125
4 0.7581554110111041 0.85625 0.06617827792830404 0.1
4 0.7228696862258748 0.88359375 0.05409435775648745 0.078125
2 0.0456023428300239 0.5421875 0.04092597241038014 0.125
2 0.099093592264197 0.74296875 0.07687011646291486 0.0953125
4 0.8201065343714239 0.9203125 0.07102955223856355 0.103125