4 0.8204940891273076 0.8615713241167674 0.0324187018192454 0.09251476400381797
4 0.8325595955374485 0.8374798434515857 0.0409204065339754 0.07387385200509086
4 0.8641370812694248 0.8308122201224943 0.04033820967712849 0.061373852005090865
4 0.8553828194826008 0.7838099507876762 0.03481595574818712 0.07692612667090906
4 0.8721336718399655 0.7933849454566761 0.030817660462916764 0.05813976400381797
4 0.8893211718399655 0.793584940125676 0.031763730355292806 0.07845226400381797
4 0.9321701054622459 0.6791775421307668 0.04720894789030439 0.10830339600572714
4 0.9221743672490703 0.7259616354630396 0.04386562406898662 0.10357953333863605
4 0.8378015213018462 0.69136791211804 0.04059507485477489 0.10041817067154532
2 0.04953092576890687 0.7994465640117723 0.06199919396136274 0.12409202800763594
2 0.2041370349506973 0.937256741366953 0.05578342721213971 0.09122498400699967
4 0.9034050965709058 0.7429400501272669 0.036960652605034026 0.08944430800445424
1 0.2384371062908155 0.9710584820178173 0.04502570967712849 0.05788303596436535
1 0.1986126269689799 0.9536346246817267 0.0466267510334573 0.0927307506365466