4 0.7613368206349207 0.12455189794398511 0.03559514342931003 0.09443708423309748
4 0.7804267820782579 0.15554178881577835 0.043768588833518154 0.07639747925407558
4 0.7953310888335181 0.13334748010249015 0.03645673658176456 0.08361798340326047
4 0.8212916139719457 0.18662676806985395 0.03615634793281686 0.07893048340326048
4 0.8439280775747513 0.17590275562229934 0.03339229333702463 0.060062084233097446
4 0.8619061219915103 0.21380549732392956 0.03469397748246621 0.08037458423309748
4 0.9157308312753789 0.28941007118406487 0.0506589389258032 0.11112767676456467
4 0.9056654164082693 0.2536618253332497 0.04723355027685514 0.10620337842423862
4 0.8187056369509051 0.2797255726339573 0.04390829117755653 0.10284158008391256
2 0.04615761335363685 0.3199223363076899 0.05947273442229637 0.12734467261537982
2 0.15306204811738686 0.1562052236549982 0.057470143429309936 0.09609467261537978
4 0.8883079356866007 0.23757488404653798 0.04577117982650449 0.10764747925407558
1 0.12503717766703618 0.15563653859206378 0.04935725478036197 0.09081517676456467
4 0.9657435753368411 0.8551777037574884 0.06851284932631785 0.22729805103961845
1 0.09725213911037328 0.18307445435896633 0.05085919802510179 0.11425267676456467