4 0.9406419982565737 0.2502385908540705 0.05337786116879606 0.09350595909205772
4 0.9452119210652773 0.2846590549606932 0.05669835080120365 0.07801735141192578
4 0.9689816117344441 0.2713239806666561 0.05255765494824054 0.08413095909205773
4 0.9723403490577771 0.3275285165600334 0.05058505183796278 0.0793979949854351
4 0.9887435894204859 0.327520156372619 0.022512821159028105 0.06046613855894432
4 0.9877326745288887 0.367295710212685 0.02453465094222267 0.07935253087881237
4 0.9927615728559719 0.45341506663917575 0.014476854288056274 0.11073892319868044
4 0.9960137119699997 0.4183952089590438 0.007972576060000592 0.10577863855894432
4 0.9302300529692585 0.40734639720141896 0.06201056738935158 0.10310827962517113
2 0.16199073501425904 0.1325122862890887 0.0874985829407405 0.12722774122451136
2 0.3390816238454629 0.04571228292387644 0.0719132476909258 0.07378449247815261
4 0.9912189052310645 0.39796904869248706 0.01756218953787112 0.10600595909205772
1 0.30045862125356476 0.040692162311620754 0.0634172425071295 0.0657446719450392
4 0.8458685085776836 0.9274169239901033 0.13949030989648117 0.1451661520197934
1 0.26085887902925914 0.051228845539431044 0.0685927580585183 0.08927310015828456