4 0.8915319715963763 0.877655750801989 0.04223413879807012 0.09574172695574071
4 0.8990132349890569 0.8524896554674057 0.0481841298696164 0.0791010311027776
4 0.9296728997617093 0.8442178256842112 0.04643071509696384 0.06802683006601846
4 0.9132899691607443 0.7966203642798593 0.04198867694751698 0.0816792269557407
4 0.9311223514659925 0.8060049262025908 0.03697389448011279 0.06251912384546295
4 0.948350761774418 0.8051648876069425 0.040426176947516976 0.08154252591898148
4 0.966843437504119 0.6870689984929148 0.04722164772652384 0.11333933006601846
4 0.9652303445661337 0.7346568979745352 0.048702327109672795 0.1087885311027776
4 0.8702178534945876 0.7091306347322205 0.05021028003177221 0.1058002321395369
2 0.11713989773311437 0.8646762376061572 0.07249438311602718 0.1311515466541664
2 0.29489097646764023 0.9764339438267127 0.059067082791715644 0.04713211234657457
4 0.9539519253292547 0.7532312407172204 0.045304591720169186 0.09289012902925915