1 0.7495385296280302 0.2142321527689044 0.09227286931630943 0.27445565467854494
4 0.7778358900224767 0.9209548674410859 0.03288641233702041 0.09411362667090906
4 0.7923756769541075 0.893774749442995 0.026472771103318492 0.08466590133672725
4 0.8046165783340793 0.9087639501113586 0.026418224025417558 0.08154090133672724
4 0.8297489918889157 0.8567020107813128 0.0263091298696164 0.07529090133672725
4 0.852105232960462 0.8741531401177219 0.02598184740221221 0.05654090133672725
4 0.8588734302005185 0.8445383654519036 0.024773903408566868 0.0768352200031817
4 0.9112501822291132 0.7537230087921307 0.03622960064862326 0.10664998933799978
4 0.9059353908332554 0.7896059647914943 0.03458528003177221 0.10194430800445424
4 0.8654467585280072 0.7813207501193127 0.034339818181219076 0.08788180800445441
4 0.8133757439175107 0.7650866754455403 0.029870506492821747 0.10032726400381797
4 0.7884615186742769 0.8046486147755859 0.02633640340856669 0.07685340133672725
2 0.02801098823546776 0.7231289646721816 0.04897506249917618 0.1208579400063634
2 0.16112567695410757 0.8864294906906351 0.04686709172016936 0.08958975867281786
4 0.8908052686742771 0.8058394921228125 0.033050053570722326 0.10348862667090879