4 0.659515899907715 0.05748272793711745 0.052843200184570095 0.07044147477225653
4 0.6794779464839423 0.06366080606741856 0.05646884793281668 0.07836310217691825
4 0.709666094232189 0.056885016411704833 0.052542811535622035 0.06575397477225653
4 0.7199434577427093 0.10422380788151711 0.05021884793281668 0.07814484736759483
4 0.7319323180140271 0.08819950379783309 0.04286742288667415 0.06073909255827139
4 0.7472767157622737 0.08090535896997622 0.04875647748246621 0.07965278366526396
4 0.8269759053063858 0.16903533074700788 0.06950906847545255 0.11155754809323426
4 0.8013040792727942 0.12977193410505244 0.06764617982650449 0.10681548439090341
4 0.7256544347637501 0.19838303564899853 0.06265829117755643 0.10196429328391084
2 0.00645385179032807 0.4225024825768049 0.01290770358065614 0.12625496515360973
2 0.0615628539497964 0.22452133956304648 0.06800712523071266 0.08812004809323426
4 0.7783171622462162 0.12192222857008961 0.057269884330011324 0.09086310217691826