4 0.8868905426515216 0.7078298852871707 0.05633711733238087 0.09266234387822045
4 0.8892942768120797 0.6734548852871708 0.05847877153942491 0.0787271778706092
4 0.9142014416627859 0.6849043798499632 0.05568155347041 0.08328734387822045
4 0.9126114445127774 0.6296584643366436 0.05379127153942491 0.07853617688202626
4 0.935376955156439 0.6271727928918249 0.040089404459146036 0.060839340912470875
4 0.9342022212479826 0.588269460382311 0.04921303218308672 0.07990767589344294
4 0.9395395672930398 0.5008012938804082 0.0529607450563212 0.11122134288963732
4 0.9426045831324814 0.5349534593937278 0.04158620248167466 0.10452567391627668
4 0.8625510963740333 0.5545748927015446 0.06636768119435103 0.1024193458553869
2 0.11551865118182583 0.8880544624338395 0.09155335149293879 0.12837435079830256
2 0.3002271509297243 0.9537564223962208 0.0746829257464694 0.06536501482874754
4 0.9380591947648789 0.5553932933861165 0.04783620248167466 0.10478034190105419
1 0.25536811899873907 0.960258431787761 0.06621486188449896 0.05567167984777584
4 0.7209902071732515 0.06628559730108059 0.14864458565349709 0.13257119460216119
1 0.20718734511352555 0.9474201921678842 0.07297831411407196 0.08555018083635879