4 0.7708094611203613 0.9622621111766929 0.040231201819245575 0.07547577764661426
4 0.788450725388385 0.9632593156831508 0.04568068114108108 0.07348136863369845
4 0.8041656166208793 0.9502660199252457 0.04509848428423444 0.06372753087881229
4 0.826492226836127 0.9103457135778973 0.04655397642635144 0.09497753087881229
4 0.8390093434615155 0.89432590848419 0.05077059553293921 0.11850595909205772
4 0.8445894094249503 0.9303770687507468 0.038013730355292805 0.07912521034569905
4 0.9005996608726923 0.8766132227490973 0.053313398676092305 0.10609688730530316
2 0.052003687341824964 0.6475114974927175 0.04957196856846859 0.126272994985435
2 0.15683039019452785 0.8378075400500125 0.05854455417661044 0.08440374373179367
4 0.8784164458188805 0.8861102432030684 0.044773152605034026 0.09024456677218992
4 0.8557987371752092 0.9197805495504168 0.03630568114108144 0.07595474623907635
4 0.9769670684446341 0.27207413842593037 0.0460658631107318 0.18592077962517115