4 0.6697956744523217 0.030305514206754796 0.048966348904643374 0.06061102841350959
4 0.688500210345699 0.028593009742527924 0.052000420691397944 0.05718601948505585
4 0.7082815129321237 0.031540731739350715 0.05030152837152997 0.06308146347870143
4 0.7383016335443794 0.06840416315438988 0.05585284639736088 0.09467730032431157
4 0.7535545605039836 0.08220756453436165 0.06117684389007856 0.11663412094116259
4 0.7525088860516619 0.046270064534361645 0.04602320533113406 0.07888865909060952
4 0.8179580413036536 0.09280809943739769 0.06242109514371954 0.10572389448011292
2 0.029971274148387815 0.41218635430207107 0.03957462852981449 0.12562729139585788
2 0.08672006466061866 0.2134391627440575 0.06495506175762475 0.08546594155801354
4 0.7942932207705403 0.0854047025216528 0.052591454077492904 0.08993525324641087
4 0.7660629206913979 0.05541323945328375 0.042807277117888634 0.07570911201270884
4 0.9962291084715549 0.6905756233833852 0.007541783056890239 0.21606137662320535