1 0.8420833234529296 0.6956740008173694 0.07194100405718977 0.18401253571381487
4 0.7586198072175799 0.9284513189985883 0.03442163879807012 0.09276024431795733
4 0.7753027467469986 0.8992450600701346 0.0419341298696164 0.07570911201270861
4 0.7913504866007288 0.9231910746806313 0.035820497564368024 0.08341251785690744
4 0.8154640965848428 0.871973448057426 0.03571140340856651 0.07716251785690745
4 0.8391334216659206 0.8848455949731708 0.03225912094116268 0.05835797077900686
4 0.8549123802700628 0.8486217228141921 0.03417617694751698 0.07869774431795733
4 0.9060288210172975 0.7773955592593559 0.04878414772652384 0.11019320616851011
4 0.8972538388742051 0.8119342004930579 0.04557732710967279 0.10545115909060954
4 0.8083452974783473 0.7775376554437521 0.04239778003177212 0.10227161201270896
2 0.03504239082336966 0.6644346469157449 0.04902960957707686 0.12425570616851012
2 0.14673168749423326 0.8398828859586963 0.05629663879807003 0.09314207386326183
4 0.8803254374942332 0.8270779594215117 0.04557732710967279 0.10545115909060954
1 0.05386630316039006 0.7578846379872912 0.04842959172016938 0.08988070616851011
4 0.8793831314911742 0.32537909172675994 0.0975955689919978 0.2219489123370204
1 0.028556611602376457 0.6958073778410214 0.03507620373287822 0.13026024431795716