4 0.8546844054891067 0.9232860891807292 0.03408769970043757 0.09234203610435329
4 0.8711704038221167 0.9147923331306049 0.04024210485118864 0.07207498789975161
4 0.8846749233669542 0.8984724415418615 0.04091178454774678 0.061146578258831144
4 0.8998536421531872 0.8548315258508168 0.04046524545807202 0.0939408975406721
4 0.90932436594039 0.8369264083643742 0.04068838606495575 0.11580680718159223
4 0.9207878954871671 0.872132655339312 0.03281224212409199 0.07671703610435329
4 0.9664673151817859 0.8099280920093996 0.044355520003879434 0.10333407825883115
2 0.09124443245080997 0.7064454427202118 0.06151106909549373 0.12217498184962743
2 0.23339946579060883 0.8790658521647405 0.05181733363936125 0.07995112041330898
4 0.9464577041216792 0.8230866221618248 0.036957608185168314 0.0892352168225127
4 0.9299237794260907 0.8596917426733295 0.030994650608823095 0.07358294574527377
4 0.9503028244709167 0.18124455580685025 0.09939435105816656 0.22238406010845863