4 0.9527362471086125 0.8033635908540706 0.0490688527754692 0.09350595909205772
4 0.9646314106447658 0.788883553707052 0.05311968281352506 0.07801735141192587
4 0.9708031561961417 0.7679943921868541 0.04948534684397003 0.06542642319868044
4 0.9688613128122127 0.720338142186854 0.0553825197716634 0.09525031551854841
4 0.9703230647521981 0.6993353204000994 0.0593538704956039 0.11726170783841657
4 0.985763028193211 0.729659317892817 0.028473943613578002 0.07935253087881229
4 0.9913385603035737 0.652724744852421 0.017322879392852642 0.10586956677218975
2 0.18630743387647045 0.8762622862890888 0.08165585969555131 0.12722774122451136
2 0.3761922876405227 0.9732054824490227 0.06348417984777566 0.053589035101954605
4 0.9872240632693231 0.6728781204792418 0.025551873461353836 0.09047188730530316
4 0.9886015267103362 0.714170710212685 0.02279694657932758 0.07613660266556703