1 0.7887821838408995 0.5498950899982499 0.09825343460686646 0.1956891847906915
4 0.8925520380952376 0.2384575242946499 0.04653264342931003 0.09384284190105419
4 0.8942554380029526 0.2729916917851359 0.051681218383167506 0.0769100098858317
4 0.919425418724621 0.2591347802261489 0.04593186613141391 0.08446784190105419
4 0.9174333197120703 0.31466719722234326 0.04563147748246621 0.07978034190105418
4 0.9440959492617196 0.314187036157648 0.03974242288667398 0.06083934091247105
4 0.9415426457456618 0.354030786157648 0.04406897748246621 0.07971667490485981
4 0.9501480852897739 0.43976003912339745 0.055446568475452554 0.11134867688202607
4 0.9555260001568835 0.40473112311578624 0.048896179826504495 0.10640650889724856
4 0.8667638888058316 0.396414604332706 0.05494592072720579 0.10353617688202607
2 0.12261907233296383 0.15225486117842607 0.07832286397194571 0.1278650148287476
2 0.30755288170911765 0.05326289874458671 0.06614423658176474 0.08373301285158126
4 0.9529214343023247 0.3842594556253003 0.056708679826504495 0.10672484387822045