4 0.8422995860552573 0.10739348657976504 0.03408769970043757 0.09326983893530469
4 0.848996125144932 0.1398239846025987 0.04193215060882309 0.07490184091247101
4 0.8724016742365464 0.12018264665587722 0.0363198793969957 0.08245967292769343
4 0.8772487998405204 0.17526939467871086 0.035937242124091995 0.07777217292769345
4 0.9035402328710586 0.1679688892415034 0.032844193032477875 0.058958505931499025
4 0.9066015889301952 0.20677672125672583 0.0345022878817268 0.07927100593149908
4 0.930374186654382 0.28756646483093523 0.04786315727678314 0.1094041749048598
4 0.9340889890799765 0.251597131332838 0.045918020003879435 0.10465300790866543
4 0.838728691655352 0.2656052346025987 0.04253792848861053 0.10140067391627668
2 0.06422264135578953 0.20528306619789163 0.06307356909549375 0.1240396778706093
2 0.23494921378526318 0.05972653258606371 0.05739765394280303 0.09266234387822055
4 0.9239007881715908 0.23332463380429597 0.044355520003879434 0.10458934091247103
1 0.16824007484536962 0.07568179642622816 0.049330062427533995 0.08921900889724858
4 0.7626462289088589 0.7779434085188754 0.10223140606883482 0.22218801779449712
1 0.11916497499515084 0.12362188931586551 0.049680748792052 0.11259284190105419