4 0.9329432684449603 0.2406577152703886 0.05052724082661797 0.09091589149054782
4 0.9374807775201465 0.2664116941931497 0.05200792759490156 0.07686248184962743
4 0.9663052142884301 0.2803060225501768 0.050381795081344195 0.06591589149054773
4 0.9441756842342006 0.3241832875772915 0.04732042759490156 0.0768352107723885
4 0.9629575004909793 0.31860545326833606 0.040970433645025395 0.05961134933607006
4 0.9777785245932803 0.3224253448570797 0.041079517953980724 0.07836134933607006
4 0.9762973169441498 0.4427423900366195 0.042823825135572945 0.10962043969514959
4 0.9789137777165383 0.39585375449800003 0.038099963699254856 0.10334316861791085
4 0.8999393500234412 0.4080315676315208 0.058394282981095814 0.10033634328594587
2 0.17045287968488693 0.10916085568078186 0.08197722872636941 0.12547269867214011
2 0.3615596687161067 0.02638471711710033 0.06438066256778666 0.05276943423420066
4 0.975130247564113 0.3747827303956991 0.04583065046753809 0.08932612041330898