1 0.8763947346271008 0.5201638103285878 0.10527383636823089 0.18474207694917483
4 0.9272144032069278 0.2787228439938518 0.05263691818411544 0.09237103847458741
4 0.9269954428612287 0.3131251258450172 0.05379024122451135 0.07836310217691826
4 0.9531404057142101 0.30152542693347634 0.050801633544379145 0.08294147477225655
4 0.9468389299291051 0.35683048582648375 0.049102741224511345 0.0781994110699257
4 0.971838929929105 0.35770350506377746 0.03922763605166182 0.060684528855940556
4 0.9667506131569154 0.39819209580795034 0.047585705331134064 0.07970734736759474
4 0.9642500872926678 0.48412959580795023 0.04849498746358769 0.11095734736759474
4 0.9707190476383669 0.4499455687661083 0.03737563103709718 0.10432540145127885
4 0.890659474597971 0.43307303809606934 0.06072220282385175 0.10201885698624165
2 0.16788853048310098 0.11613097540522872 0.0848871285298145 0.1278373125212045
2 0.360005485814235 0.04463546523842769 0.07061402837152997 0.06646330290255767
4 0.9682078130777729 0.4287426913614466 0.0436710951437199 0.10610615626060227
1 0.1368742112036288 0.13381698320977703 0.12552415188677948 0.23695934137714506
1 0.22901389858807422 0.05804814609380123 0.06357441818411547 0.09275298439090338
4 0.7176967183962718 0.8407342267559912 0.1360979390337981 0.22484128729346092