4 0.8940623905769446 0.11382167259215785 0.03808318787965277 0.09491068091374957
4 0.9024567720358334 0.13822967674134273 0.043933144376666886 0.07819677759440165
4 0.9339249775829168 0.14523669333808226 0.04364220364722229 0.06569677759440165
4 0.9201722553183336 0.19323648545463099 0.0392820119678472 0.07940408008391256
4 0.9379409835668404 0.18328114499775622 0.03419446846486096 0.06186138257342351
4 0.9551648511580211 0.18354125412596295 0.03619337955902786 0.08072978174358658
4 0.9786913105048265 0.29799391781827306 0.04261737899034692 0.1131637734452168
4 0.9774009142282989 0.25207776657351755 0.04519817154340231 0.10835787427505376
4 0.8963366714464932 0.27878382176232086 0.04611389342673604 0.10487767676456468
2 0.11793564846072932 0.15776311057809927 0.06853440729444457 0.12997276514684702
2 0.28779159393982645 0.03632581846155052 0.05995818787965286 0.07265163692310105
4 0.9633962316669795 0.23457095786022936 0.0426979526972918 0.09214087842423861
1 0.30530574905006946 0.015965774270409357 0.05123649810013893 0.03193154854081871
1 0.2651535277354167 0.037817463482528665 0.05218205547083343 0.07563492696505733