1 0.7049707834717591 0.6016796623296907 0.10786826650055428 0.22686813861970415
4 0.8640858790882241 0.10912653954942839 0.037157643429309675 0.0943727128732347
4 0.8692344540420814 0.12587699697478144 0.03988212523071262 0.0883412341605582
4 0.8848291756644514 0.11312027085999496 0.03801923658176456 0.08354447351689642
4 0.894455697102251 0.16922280538887022 0.03771884793281686 0.07885697351689643
4 0.9205373357511991 0.16273250476845158 0.03339229333702498 0.05988845222957293
4 0.9219403470099661 0.20152185315929722 0.03625647748246621 0.08031021287323467
4 0.9431459161037274 0.28325817221704774 0.05232156847545255 0.11254355866619026
4 0.9477926457456618 0.24715678125155516 0.048796050276855144 0.10607503737886681
4 0.8544734423218892 0.2591265395494284 0.04557092072720579 0.10429401609154336
4 0.8448771992617197 0.21468812469872223 0.03781897748246621 0.08041947351689645
2 0.08490951881690612 0.17994459009297242 0.06728523442229636 0.12758940445914596
2 0.2596265214377998 0.04328600624262357 0.05903264342930994 0.08657201248524714
4 0.9381067651162784 0.2283903557571873 0.04733367982650449 0.10752827673520508