4 0.90703125 0.60390625 0.04453125 0.20390625
4 0.98203125 0.65390625 0.034375 0.196875
4 0.94140625 0.6421875 0.05078125 0.1859375
2 0.86640625 0.59453125 0.040625 0.0765625
4 0.81484375 0.28984375 0.0171875 0.06796875
4 0.78359375 0.2515625 0.02421875 0.08046875
4 0.853125 0.403125 0.015625 0.07265625
4 0.86484375 0.3234375 0.01328125 0.07578125
4 0.75859375 0.278125 0.01953125 0.0734375
4 0.890625 0.37890625 0.02109375 0.07578125
1 0.66171875 0.321875 0.02890625 0.08515625
4 0.71640625 0.18515625 0.0234375 0.07109375
4 0.87265625 0.36875 0.0265625 0.09140625
4 0.8203125 0.40078125 0.03984375 0.121875
4 0.83359375 0.3078125 0.015625 0.05546875
1 0.1703125 0.21171875 0.03203125 0.1015625
4 0.89140625 0.45390625 0.01484375 0.0671875
4 0.85078125 0.31328125 0.01796875 0.065625
2 0.83203125 0.55 0.0375 0.0671875
0 0.825 0.6421875 0.05625 0.15234375