4 0.8636918873591963 0.3248554728445947 0.10984416560701078 0.21336382096198275
4 0.9099384566690485 0.2804831175405706 0.09825110174504062 0.2033517841302798
4 0.8818463076577843 0.30081102809214916 0.11031405917039336 0.19782982622365458
4 0.8318248923028749 0.43281989128868104 0.08784919728589458 0.14361276308359247
4 0.8221392638226295 0.6722919149662043 0.04754127153942491 0.07901964206513998
4 0.8078857396853145 0.7302941307653373 0.04965007475773371 0.08692314732681172
4 0.8383976843733187 0.5744004465362356 0.06189870248167466 0.10631018415851479
4 0.8715436841212172 0.6500675754471958 0.04819683540139543 0.0883946420651398
4 0.7672771651796821 0.7389109965927052 0.04285377153942491 0.07874662628012423
4 0.9020395672930397 0.5953646648956172 0.04608803218308673 0.08049113680346806
1 0.6735764416627859 0.7663996887849021 0.05466535668871888 0.09188366311182747
4 0.7421736223529337 0.8174609308218072 0.04586951089576328 0.07736613680346807
4 0.8857207986036062 0.6155938649097347 0.05666489926336595 0.09822466837349922
4 0.803875218902194 0.5857250834102907 0.06331909084927716 0.1266226841585148
1 0.31727789313605415 0.937049033847931 0.05499313861970414 0.09657116311182748
4 0.8678937962578178 0.522777033353821 0.049868596045057244 0.09004814732681173
4 0.8556237531789677 0.6758110280921491 0.0391824683211162 0.07075211575678075
0 0.7852930077936702 0.09986390714428378 0.14191398441265973 0.11563895250377902
4 0.2996151457339442 0.9517619511530675 0.05219592055068931 0.09647609769386492
4 0.813594790305733 0.704740393919517 0.05364915990702777 0.09960515785015538
4 0.8019352965099193 0.44519879394775186 0.07567697921687966 0.14757222099021766
4 0.7606608144430481 0.6428249518684945 0.07211493664223276 0.14114021046687403
4 0.7830542565331624 0.4684164860693615 0.07324039406758569 0.13498121572854577