4 0.9390997948819981 0.6239979247354496 0.12180041023600374 0.1724272717116218
4 0.9518700875826959 0.7231974040572852 0.0962598248346083 0.2003339478903042
2 0.9111698989343896 0.7343018780024372 0.08722648441265975 0.11152400496239867
4 0.9005555549830195 0.4816306422704608 0.07094592055068923 0.10142125889134021
4 0.9307183023851294 0.49825306203900244 0.07472648441265975 0.11094180810555195
4 0.9419950199499411 0.34567171753952053 0.06549359604505725 0.09026543507002263
4 0.9407606658591122 0.23834936911109708 0.06225933540139543 0.08855738585581088
4 0.9752070856534971 0.30727915157608576 0.04958582869300585 0.06773546360606986
4 0.9883681853432875 0.28491184595173324 0.02326362931342487 0.07703768899896399
4 0.9829021122626515 0.3198326555050272 0.03419577547469714 0.07874573821317572
4 0.9747207665957465 0.3820608277547682 0.05055846680850706 0.11235875889134021
4 0.9836969288485626 0.39465071898726256 0.03260614230287473 0.11682793507002262
4 0.9724252011442921 0.44458009843293267 0.05390053218308708 0.08038101282028158
1 0.6973766526175605 0.2661448451231637 0.07396165990702741 0.10000430810555186
4 0.8203595926139879 0.6013674075719418 0.11470662822814397 0.1704281240689866
4 0.8894388304577168 0.15452233271716692 0.05346348960843983 0.07413101282028159
4 0.9487256211907784 0.3970886683253088 0.05379127153942491 0.07881851282028159
1 0.3807636809422495 0.018375356700591046 0.05840236188449897 0.03675071340118209
4 0.8985888633971083 0.4535056422704608 0.06171303218308673 0.08074488585581072
4 0.14770370659217386 0.5206142528954841 0.10569226114786483 0.1528767510334573
4 0.07395485015555647 0.5083732721259064 0.0878163462971587 0.16450345574818712
1 0.3425534867584482 0.00916517659296719 0.06323197351689647 0.01833035318593438
4 0.9610620942034718 0.28208009843293264 0.05066627153942491 0.07867296360606986
4 0.9133672753978228 0.38462720968163766 0.07585194183801285 0.10476458271265772
4 0.9400229745253025 0.28384380562886175 0.05724405347040999 0.08365156203449331
2 0.7412730261541274 0.6136726625343405 0.08377370248167466 0.10669095574818713