2 0.897740655847494 0.48222759173382174 0.08844666558343128 0.14424996974937904
2 0.8992428802799488 0.5751781610156625 0.05942163879807012 0.09252384328594587
2 0.9705781379905865 0.5161753448570796 0.04275233603812652 0.12211134933607007
4 0.9465951672115797 0.547561700243274 0.09088191882984234 0.19425906010845856
4 0.8290377000860207 0.7036985916356258 0.07443871266133195 0.14729315651766228
4 0.7912104176186168 0.7226667602535366 0.059721647726523844 0.10971134328594587
4 0.7312023977331144 0.8487843535394826 0.05311709172016936 0.08936248184962743
4 0.679752946028831 0.88736104020957 0.04993754464226861 0.08621930113146803
4 0.6620102926202645 0.964018988979906 0.037055715096963836 0.06427157825883115
4 0.654484164779243 0.9476581907753042 0.03376707386326192 0.0548783975406721
4 0.6777989338539665 0.95455308538911 0.04988299756436802 0.08309430113146803
4 0.7065103149413987 0.9207957089256767 0.04694891233702041 0.09401362041330899
4 0.732155197246647 0.928458218000863 0.03727390340856669 0.07677157825883114
4 0.7520410032530014 0.9080320885123679 0.04196140340856669 0.07679884933607006
4 0.790550124194164 0.8500014198944571 0.05662392126547413 0.11125566256778648
4 0.8084370535773131 0.8545843807650415 0.05517051542127547 0.11749657220870695
4 0.8189790872625331 0.877176998251484 0.04355117694751698 0.07837043969514994
4 0.7777677061751007 0.9110070975875543 0.04187958279171564 0.07211134933607007
4 0.47563996469651737 0.7213780127876195 0.051554591720169365 0.08935339149054773
4 0.513812120540716 0.7274052989901689 0.049964818181219076 0.08778180113146802
4 0.7940099095009419 0.6070372150739969 0.08871940097293454 0.15987496974937904
1 0.10661504951682794 0.5602602682485684 0.06400004464226869 0.0863011143631848
1 0.06898263596199157 0.6128176416869395 0.0741932508107789 0.13323065651766247
1 0.008340785310073155 0.5296147771273632 0.01668157062014631 0.10639544574527378
4 0.04630136850717824 0.3043875181503726 0.09260273701435648 0.20989315046753818
4 0.4329342674564609 0.7513109524827691 0.04484094155801373 0.06275453005422929
4 0.5783210852339382 0.9699740731906656 0.05092730032431163 0.05341589149054791
1 0.025091908686867715 0.5802960331774873 0.05018381737373543 0.10815793364502539
4 0.7661734614501066 0.7696826608192706 0.059667100648623086 0.10658634328594588
4 0.7616847845025896 0.8478258415374299 0.04355117694751698 0.07837043969514994