4 0.9184501695636538 0.42578125 0.07530402274507893 0.2078125
4 0.9651089997951121 0.396875 0.04212764970954978 0.2
4 0.9442870775453713 0.4078125 0.07919100206691461 0.190625
4 0.8523649431373024 0.51953125 0.06421666542531526 0.1375
4 0.7742805227495883 0.73671875 0.03474318114108108 0.075
4 0.7301088376795656 0.79609375 0.03666955417661057 0.0828125
4 0.819944087265281 0.6453125 0.03732452564056317 0.096875
4 0.8171401108389293 0.7390625 0.03361732878371626 0.084375
4 0.7069988234115421 0.7890625 0.03005568114108108 0.075
4 0.8637090498378935 0.6953125 0.031763730355292806 0.078125
1 0.598405073411542 0.7890625 0.04157537799792799 0.0875
4 0.6427864660917784 0.859375 0.03467040653397539 0.0734375
4 0.8419239410703877 0.71015625 0.04030397642635144 0.09375
4 0.7858409150155399 0.65625 0.058946968568468705 0.125
1 0.18982628598415457 0.8390625 0.038668701819245574 0.0921875
4 0.8557018048002922 0.615625 0.0368151033908223 0.0859375
4 0.7935741782501061 0.75859375 0.02812930810555194 0.0671875
0 0.9332726106295326 0.19140625 0.11937935442427942 0.18125
4 0.17890590260954306 0.85546875 0.03576202564056317 0.096875
4 0.7437004567861536 0.77265625 0.03732452564056317 0.096875
2 0.8202245312266436 0.521875 0.05200776385373871 0.14375
4 0.7268276339982933 0.68203125 0.05008139081820957 0.1359375
2 0.7955327462804556 0.53203125 0.049208095532939214 0.1171875