4 0.9458070607178483 0.4819577521705615 0.08276599163225704 0.21283848960843982
4 0.9962862590451115 0.5155954248149378 0.007427481909777001 0.20229447351689647
4 0.9720675090451115 0.5127653557571874 0.055864981909777 0.19597877153942492
2 0.9042370364075888 0.48172815922759754 0.055820632066746964 0.08485560124083733
4 0.7958325576656305 0.19369791752547078 0.03024742198083885 0.07216993094224948
4 0.7573532338303408 0.1626717926515215 0.040277519221876903 0.08532549480421987
4 0.8545258842144537 0.29623305564097174 0.028848696291098007 0.07518567029858776
4 0.8510899457252714 0.2157096753191409 0.027449970601357877 0.07820140965492603
4 0.7378153397778062 0.19383431134095494 0.033618083446227943 0.07707595222957293
4 0.8873859718445534 0.2649230714804136 0.035344357756487456 0.08031021287323466
1 0.6509195273624773 0.25636679835150467 0.04529256784239592 0.09190327673520518
4 0.678583102668105 0.11093968386911568 0.03666119629109836 0.07573197351689642
4 0.8674452860689044 0.25847632952618527 0.04397572930778537 0.09648151609154336
4 0.8218362149471483 0.30087127915786815 0.06288285956550972 0.13049588317182242
4 0.8177042356393631 0.20706664883603731 0.0264673247398008 0.059451409654926034
1 0.1472279613291037 0.25081446496692167 0.0507989393936934 0.10785605866619027
4 0.9022131117132165 0.33837699697478146 0.027040534825709273 0.07038890965492603
4 0.8350555099496226 0.20898978175575827 0.03008364767057934 0.06904493094224948
2 0.86230516395178 0.4446705556409718 0.05064180913596843 0.07515281930985189
0 0.8726052561044355 0.5364756433881557 0.08491498982323478 0.16472877153942492