2 0.8976042881527423 0.5428070499752561 0.09000916558343128 0.148335680687266
2 0.9090815304421046 0.602055897216294 0.06098413879807012 0.09529921189493056
2 0.9696605202958347 0.5809898026887895 0.04431483603812651 0.12408595318850324
4 0.944896299516828 0.6109705517842784 0.09400691882984233 0.1984994549975255
4 0.8250223559302196 0.758735265149547 0.07600121266133195 0.15072369629109836
4 0.7872087102322904 0.7747387234264329 0.06128414772652384 0.11248671189493056
4 0.7248842138857385 0.8958048179539375 0.05467959172016936 0.09184666327441171
4 0.6734483989509303 0.9306434854122205 0.05150004464226861 0.0885578889641522
4 0.6533892690813141 0.9866047218445534 0.03856366801906326 0.026790556310893266
4 0.6458358677013423 0.9806020443230761 0.03376707386326192 0.038795911353847856
4 0.6707404103150161 0.9775163268875074 0.05139095048646727 0.04496734622498515
4 0.6994108810940229 0.9595442548612401 0.04848413879807012 0.08091149027751995
4 0.724260876629796 0.9685253078349728 0.038836403408566686 0.06294938433005441
4 0.7441466826361504 0.9570256009706242 0.04352390340856651 0.0787734531885036
4 0.7842046668078378 0.9020415298488681 0.05818642126547431 0.11388543758467122
4 0.8013103461909867 0.9076297885552954 0.05673301542127547 0.12005355042954129
4 0.8118387431067318 0.9316404986412035 0.04511367694751698 0.08041784034363317
4 0.7698597487887746 0.9622829890302651 0.04187958279171564 0.07400406603337331
4 0.47087064407966644 0.7542503245126582 0.05311709172016936 0.09176477611928177
4 0.509905870540716 0.757860003390902 0.05152731818121907 0.09012038896415202
4 0.7979025227314668 0.6548766027796467 0.09184440097293471 0.16404256784239593
1 0.019101007306895942 0.5512283073269464 0.038202014613791885 0.10870661465389268
4 0.0495055275994354 0.29974105042954136 0.09584215421934555 0.21420634215265535
4 0.4306859748427872 0.7716934520568495 0.04484094155801373 0.06479284034363317
4 0.5697136984644631 0.9889174943457905 0.05246252678536116 0.022165011308419125
1 0.04030821104306945 0.6026613325417169 0.06268300649282176 0.10319359905006031
4 0.7614041408332556 0.8195222789443569 0.06122960064862326 0.10936171189493038
4 0.7553529638857385 0.8974016174789676 0.04511367694751698 0.08041784034363317
1 0.08581557995563714 0.6386707536180446 0.05470686525911972 0.09340916327441154