4 0.8262458275511296 0.6495696278381752 0.1043043469752809 0.1489738311856975
4 0.8512142634566058 0.7454724802975032 0.1099483112195859 0.198982921544777
2 0.8025536228497223 0.7676201910698918 0.08223815727678305 0.10823974687674216
4 0.8101102577067298 0.5411213235834491 0.07299070303441732 0.10974770472226432
4 0.8031270630072621 0.6075366639425287 0.07936824879205204 0.11134656615858277
4 0.8668060231686813 0.34400997424737906 0.04323955909355419 0.07053066861791084
4 0.8469078534740628 0.281655419992653 0.055324970912264605 0.0846568011314682
4 0.903907410441585 0.339108850809008 0.041166876063016035 0.06427157825883115
4 0.9066976995312597 0.37188953455222934 0.04374974212409235 0.07678066861791084
4 0.9016593842287879 0.35708214598854787 0.04349465060882309 0.07365566861791084
4 0.9077181945302899 0.3976526038340701 0.0470022878817268 0.07836134933607006
4 0.9205690098327619 0.4124145406023536 0.04999974212409199 0.07681703005422928
4 0.8843607007392077 0.48290430260440614 0.0501272878817268 0.07837953005422946
1 0.6651316949893319 0.2795894468254284 0.060522653942803116 0.09093407220870704
4 0.8097742574168658 0.19128949522642205 0.048182150608823096 0.07368293969514968
4 0.8606520048317918 0.43853213388829937 0.06090529121570683 0.095621572208707
1 0.40967801787784747 0.02386825029458759 0.04939396424430509 0.04773650058917518
4 0.8052153346781313 0.49585882055838704 0.07404302000387944 0.10350679508134383
4 0.0478324957479362 0.6057727561483202 0.0956649914958724 0.18814541549465283
1 0.3692443365142992 0.02165176532170224 0.055261326971401556 0.04330353064340448
1 0.436368063635482 0.022219391883331226 0.04288887272903601 0.04443878376666245
4 0.8406264183174926 0.416003148915414 0.06859024545807202 0.0941045240041051
4 0.8773129595331994 0.32052247727244115 0.04221919303247788 0.05803066861791084
4 0.8251603992316973 0.2802201850197676 0.0436221963664579 0.07521816861791084
1 0.24730569257343588 0.060250657008641725 0.06466802000387935 0.10345225292686624
1 0.2159441222699941 0.07136541901069429 0.07117311151914843 0.1066136143631847
1 0.46844711106010645 0.01196314793345543 0.03498077787978708 0.02392629586691086
4 0.6539571419355177 0.9043576426688983 0.12117285364324068 0.1834306444174139
4 0.8922524333204024 0.3383957785021051 0.04636455909355419 0.07054884933607006