4 0.9515591481444778 0.4848730114576306 0.062100026144509005 0.13966248400699968
4 0.9871829978251612 0.40034401746494847 0.025634004349677754 0.19727498933799978
2 0.9679518975197778 0.3921769814608123 0.05120914772027056 0.09894657733927241
4 0.9019278462796667 0.581865642783222 0.04230774440092233 0.10508748933799979
2 0.9050985452400484 0.48979632145126734 0.04642655933798814 0.07703521467218159
4 0.8877030933798817 0.7752792881126311 0.022397063487172984 0.0689499946689999
4 0.8613666589416471 0.8397594114417224 0.031156756848477584 0.08154090133672716
4 0.9216995850815121 0.7912860961170856 0.02192346680652122 0.06269999466899989
4 0.9350750008484144 0.76178040945254 0.02130816016782546 0.07518181333545434
4 0.9258659442097187 0.7741622307844945 0.021071361827499045 0.07205681333545436
4 0.9442365132959691 0.7384701787873581 0.024433160167825107 0.07521817600254543
4 0.961494868274991 0.7293042641231307 0.02743976099766208 0.07369203866963617
4 0.9486620589370028 0.6526599481221762 0.027558160167825106 0.07525453866963616
1 0.6828263392306969 0.7807009427514051 0.03451855518880329 0.08470226400381797
4 0.7957076153752061 0.9209543200986318 0.028883861827499045 0.07214772000318134
4 0.9114230906805894 0.6865713241167674 0.033429651869455415 0.09093408267027243
4 0.8830244809276827 0.6105264447803584 0.0447223493799445 0.0957488520050905
4 0.1284256110023065 0.2629823526814084 0.07287250539858472 0.17881589067472686
1 0.3369371892353413 0.9631732566836355 0.03392655933798814 0.07365348663272897
4 0.8896431790628718 0.7081736041135857 0.04401195435896632 0.08637385200509069
4 0.8924148267831423 0.8065565601129494 0.019887370125869098 0.05643181333545435
4 0.8393140601864026 0.8371611227720861 0.024433160167825464 0.07521817600254543
1 0.21864728529129343 0.8767726800206809 0.034140046890433505 0.10030908267027243
1 0.18798835852672874 0.8327045066836355 0.03894594606059654 0.10192612667090879
4 0.8594728562284217 0.18640769211485836 0.06432629958972598 0.18964430267345422
4 0.9105252867411859 0.7880338267822674 0.026966164317009954 0.06744203866963616