2 0.8122222225084903 0.24160812528753403 0.09755197921687966 0.14578658510611114
4 0.8811911077739996 0.3484198633196868 0.11325338887180578 0.16955139342673622
2 0.9033060444162324 0.2106289225902423 0.07727233020561534 0.1234751740119445
2 0.8723948980028581 0.2511272892314923 0.08097648441265974 0.1095217767854862
4 0.8720678440282448 0.47888861331968674 0.06469592055068922 0.09978310087368066
4 0.84770162855712 0.4927153771873951 0.0670232450563212 0.11075696846486113
4 0.8573829951331959 0.6219664660932285 0.0593528566887187 0.09029899810013901
4 0.8714076542839191 0.7448766360211103 0.05611859604505724 0.0886637629177777
4 0.8800667422832046 0.676816967043159 0.04532320767745475 0.06813305737069442
4 0.9112239071339105 0.6885714314239575 0.04285377153942491 0.07743532218833345
4 0.9083938380761601 0.6621180341974993 0.04754127153942491 0.07754442496187508
4 0.9108575563972764 0.5934225855842701 0.06400750569998337 0.11224673328249998
4 0.9284820989719232 0.5867725420812839 0.06288204827462991 0.1184603656913195
4 0.9416705138226295 0.5989452337606589 0.035150532183086725 0.07881598423243066
4 0.931924173225454 0.6490907041253811 0.04565098960843983 0.07282055737069441
1 0.6038648752029253 0.7004051630909369 0.07439870248167449 0.10468880642076392
4 0.7771702432916106 0.385940006746423 0.08308528763096845 0.11737064437666671
4 0.807039515664215 0.839972236894791 0.05789961733238078 0.09182513050895835
4 0.8840383302824899 0.6088664008387492 0.04921303218308672 0.07914329255305556
1 0.1887433477114156 0.9705800312507984 0.05171531930985203 0.04800239532659738
1 0.17405241702126767 0.9241232585493748 0.05724405347041026 0.08245013050895836
4 0.8249089847416358 0.5509642882815617 0.07174359604505716 0.08902743882958326
4 0.11591067917753868 0.48400871124666656 0.09631726114786483 0.15043771751493046
4 0.0017160472662239427 0.433266441679375 0.0034320945324478854 0.16159211664125
1 0.12779477605577508 0.9275398524892011 0.06647694183801277 0.10294446846486097
1 0.2121808477114156 0.97003451738309 0.04859031930985205 0.04792966014423605