2 0.84106958028249 0.5840796766189955 0.05783391535490949 0.13691350180902226
2 0.8744173118451581 0.5301800706715303 0.04027507475773362 0.08617651741285463
2 0.9345300031789676 0.5721761408887753 0.04246028763096845 0.11742651741285463
4 0.914528859615585 0.557656617483027 0.05358345792955603 0.142917840343633
4 0.8613320758430145 0.32770684588630095 0.03780563861970414 0.09538774310259504
4 0.831081847130338 0.32617864541133107 0.03555472376899793 0.10772396879233552
4 0.8218921534507398 0.19044254127288812 0.03402507475773362 0.08584896879233553
4 0.8022730581619871 0.05914495364278853 0.023338947033792933 0.06660764586155703
4 0.787063321403539 0.07628818803895629 0.022355601240837332 0.05254514586155703
4 0.8137897123690315 0.07255235640175052 0.03090007475773371 0.08568519448207604
4 0.826410044668334 0.11470223485045299 0.025087117332380872 0.09160764586155704
4 0.852972544668334 0.11331015321324722 0.020869510895763454 0.07581887155129752
4 0.863724374369746 0.1376550559722092 0.023994510895763453 0.07598264586155704
4 0.8786120470141224 0.2030377165330873 0.031085745056321556 0.11060330732694626
4 0.8965261666922915 0.20287726424909516 0.02683528763096845 0.11660764586155699
4 0.9150247944162324 0.1832265055426679 0.027119510895763456 0.0761464201718165
4 0.889177842438761 0.14099141791256828 0.026682468321116204 0.06989642017181649
4 0.5433793873591963 0.24395812415328932 0.03246257475773362 0.08576708163720577
4 0.5627249670606086 0.26785264755903765 0.03090007475773362 0.0856851944820761
4 0.8011433388324647 0.4203757027382774 0.04794546312533612 0.10681656603337349
1 0.12225278637046064 0.24423359961588723 0.03315098960843983 0.07334896879233552
4 0.0002820923127101568 0.5053901848711376 0.0005641846254203136 0.11413774310259513
4 0.7315506487591626 0.02871984537624488 0.031118596045057244 0.05743969075248976
1 0.13926532374932749 0.20130911521971945 0.03358803218308672 0.07959896879233552
4 0.8501428395887694 0.19830262890298772 0.027119510895763456 0.0761464201718165
1 0.11672368823171655 0.16746305970179548 0.0356204257464694 0.06413774310259504
1 0.1011044060486298 0.24612032621013888 0.033478771539425 0.07803646879233561
4 0.7885604834042536 0.1439293894184373 0.029588947033792935 0.06693519448207601
4 0.8221656690380801 0.2978456054972393 0.04921303218308672 0.080417840343633