2 0.946044276381975 0.48222759173382174 0.09767170970237729 0.14424996974937904
2 0.9641722651720874 0.541525323681645 0.06533769970043757 0.09252384328594587
2 0.998500499251094 0.5161753448570796 0.0029990014978121594 0.12211134933607007
2 0.9819029306146423 0.5240832936274156 0.03619413877071551 0.14730224687674215
4 0.8934764832094144 0.728744043431024 0.06428538273097573 0.09876475292686618
4 0.863278800178876 0.7226667602535366 0.06674070303441723 0.10971134328594587
4 0.811508490336416 0.8832002601553409 0.0588326081851684 0.08936248184962707
4 0.748769116399432 0.9476581907753042 0.037276601517208796 0.0548783975406721
4 0.7727805723087874 0.95455308538911 0.05519742515463051 0.08309430113146803
4 0.7981633385196449 0.9207957089256767 0.05296524545807202 0.09401362041330899
4 0.8245823173078175 0.928458218000863 0.04218724212409199 0.07677157825883114
4 0.8424554724585687 0.9080320885123679 0.04687474212409235 0.07679884933607006
4 0.8752362794260907 0.8500014198944571 0.06374324879205204 0.11125566256778648
4 0.8935876666989945 0.8545843807650415 0.0626909318225902 0.11749657220870695
4 0.9063745801846952 0.877176998251484 0.0485647878817268 0.07837043969514994
4 0.8684918139738377 0.9110070975875543 0.04649210485118864 0.07211134933607007
1 0.5646498526044705 0.7603586995559029 0.05727010818516849 0.08935339149054791
4 0.5888209341177999 0.7117575730924697 0.05558006242753386 0.08778180113146802
4 0.8601860089631697 0.6273269891762979 0.07793329454968685 0.11289997579950324
4 0.06782406834658772 0.35211649102300957 0.07362843182259016 0.11756020472226432
4 0.6726210756427673 0.9723314587292851 0.052391418486670636 0.04871930113146803
4 0.8461387107896391 0.8478258415374299 0.0485647878817268 0.07837043969514994
1 0.07820229851188625 0.7186363705115048 0.04467451333591956 0.06897725897699054
1 0.11514444699467752 0.6637079759958949 0.056632379396995836 0.08154089149054773
4 0.8465695323010287 0.747775844562492 0.07120506242753422 0.08787270472226431
4 0.24151678879981064 0.31593303044701276 0.09492934697528084 0.14891928903121973
1 0.0911966350261855 0.6958937621002483 0.04142196757828502 0.06739657825883114
1 0.1426813207624837 0.12970061465777233 0.10688721303635713 0.16148292154477706