4 0.9329306484301867 0.6791257438912821 0.09464550050420328 0.15178928413027998
4 0.9736495755140384 0.7644331833114688 0.052700848971923266 0.20473227360693613
2 0.928936553141434 0.8111646991670713 0.07461722376899829 0.11016322625188942
4 0.8895798501555564 0.5598906255036655 0.0654607450563212 0.11274219468185845
4 0.9182347278794973 0.5802332175829229 0.060773245056321555 0.11246917889684287
4 0.8969449638816409 0.37591744390539955 0.03772922896477802 0.07222361049510884
4 0.8729886578133407 0.31149862813450147 0.04808757475773362 0.0868321420651399
4 0.9225623229161484 0.375075280722985 0.042088947033792935 0.06780912628012441
4 0.9459123416055817 0.39744310438639097 0.03816627153942491 0.07847361049510884
4 0.9395695064562879 0.38462458597053945 0.04285377153942491 0.07874662628012441
4 0.9469720970534633 0.43485209912471917 0.04140053218308672 0.08021812101845253
4 0.9676670093062795 0.4415039175264532 0.044416271539424915 0.07883763154179632
4 0.9513807276273958 0.5090253464938831 0.044525532183086726 0.08040013154179633
1 0.6645805781119284 0.3242584204396377 0.05466535668871888 0.0918836631118273
2 0.8155135554872226 0.7135245887425498 0.06727461733238052 0.0941742052052021
4 0.816995747906313 0.2117569623918382 0.042635250252101645 0.07562162628012441
4 0.9161262886393746 0.46106598862961035 0.04452553218308708 0.08040013154179633
1 0.3546000186894334 0.04166093913783789 0.04357503737886681 0.04455363680346808
1 0.33710651609154335 0.0585376259977757 0.04921303218308672 0.08067314732681177
4 0.8730971905006305 0.5355885755177829 0.06803944183801285 0.1051117052052021
4 0.14539244360272358 0.6215858446395062 0.08694226114786482 0.15289675782192055
4 0.07551163233864325 0.5902833657567806 0.0800038462971587 0.16494173151356134
1 0.3073643857697125 0.05602727602601056 0.055353771539425 0.07947466837349917
1 0.3898108990112643 0.04448980752545449 0.04212179802252862 0.046025131541796216
4 0.8845103018809264 0.4428851360270093 0.05746257475773362 0.087378173635171
4 0.9015560542267149 0.352843964952087 0.03841764381548422 0.05981461575678075
4 0.8503324078133406 0.3101790518402596 0.03805701089576345 0.07691111049510883
1 0.17799894988378448 0.13096782089139564 0.059243596045057155 0.09059417889684288
1 0.11361402179152655 0.15600634727034204 0.05197739926336585 0.09795165258848364
1 0.14248206696406354 0.14601669724210717 0.05677415990702759 0.09978716837349917