4 0.8848985701119357 0.5731667904040855 0.08762208963168235 0.21283848960843982
4 0.9450673981212558 0.5357485538977388 0.05421759378086719 0.20273151609154355
4 0.9228964001958483 0.5381251548864745 0.09100719875988901 0.19597877153942492
2 0.8316784817296533 0.5914361891632481 0.05771925684847723 0.08485560124083733
4 0.7326084840047384 0.8727465373019923 0.03189046265733601 0.0721699309422494
4 0.690313317613136 0.9334055318541106 0.04221265601864026 0.08532549480421991
4 0.7540448535059074 0.9111588272787492 0.02348596680652104 0.06381112772394068
4 0.7750444377390048 0.88278245500269 0.02923905933798814 0.07820140965492613
4 0.7672435931329452 0.892447032106212 0.030564760997662078 0.07518567029858758
4 0.8015719715571838 0.8540072449794469 0.02923905933798814 0.07820140965492613
4 0.826856314088651 0.8416382849562037 0.035370660167825106 0.07707595222957302
4 0.8306809763310687 0.770435274312542 0.03716995850815117 0.08031021287323466
1 0.5589467636737325 0.8221188345682162 0.04737375269929238 0.091903276735205
4 0.6066119012215335 0.9766515662953724 0.038377260997662074 0.0466968674092552
4 0.7855810412681341 0.7955556066118443 0.046166450209781475 0.09648151609154336
4 0.7585924887786233 0.7889560453477639 0.06584033278320493 0.13049588317182242
4 0.7325250510163965 0.9049416782674848 0.02781826929603177 0.059451409654926124
4 0.6690895130490326 0.9232821328428464 0.03560745850815117 0.08020095222957266
1 0.08715335143131496 0.8605982824351883 0.04843934523075959 0.10596577673520499
1 0.04476494188818973 0.8395702344126598 0.0532452444009226 0.10785605866619044
4 0.7454986476970487 0.8995657634167789 0.028647063487172986 0.07038890965492613
4 0.7903617844196569 0.8775704311174763 0.03165366431700996 0.06904493094224975
2 0.7889581854639198 0.5955174017843813 0.052321361827499045 0.07515281930985207
2 0.7956360831841902 0.4970252714625504 0.05014355518880329 0.08743429802252863