4 0.8724908906480786 0.64140625 0.07031619046151931 0.20625
4 0.9219930605641661 0.67890625 0.06034919461070416 0.1984375
4 0.8927083022657964 0.66328125 0.07526379958972598 0.1890625
4 0.8340930867086751 0.53984375 0.06174482863401991 0.134375
4 0.8183300672121507 0.31484375 0.03368976099766243 0.0734375
4 0.7933785340186716 0.25234375 0.03428175684847723 0.08125
4 0.8375518186620432 0.41171875 0.03534734937994451 0.0953125
4 0.8558300672121506 0.31484375 0.022989059337988137 0.0765625
4 0.7722255844335901 0.253125 0.029120660167825108 0.075
4 0.8977206466713634 0.3703125 0.030801559337988137 0.0765625
1 0.6616432819440792 0.2484375 0.039324454358966324 0.0859375
4 0.7309153454312523 0.1796875 0.03200886182749905 0.071875
4 0.8730525333939717 0.3453125 0.03823555103961844 0.0921875
4 0.8078643186620432 0.41171875 0.056228534442878786 0.1234375
1 0.26903157468532785 0.140625 0.04531434523075957 0.103125
4 0.8650013898228861 0.4515625 0.03451855518880329 0.084375
4 0.8446324580839439 0.29765625 0.026966164317009954 0.0671875
0 0.8147222443777007 0.83671875 0.11494160622842173 0.1765625
4 0.2810822114079362 0.115625 0.04015324855010753 0.096875
4 0.8030252985408186 0.2796875 0.03534734937994451 0.0953125
2 0.7906507400280232 0.54609375 0.05975535352912935 0.0875
4 0.7648372916923415 0.3609375 0.04611982863402009 0.134375