2 0.8429549514211878 0.3171875 0.07619915946843889 0.140625
2 0.8766197501568834 0.36484375 0.051019884330011325 0.0890625
2 0.9363242196197851 0.3109375 0.05770997532299767 0.1203125
4 0.9179456570044288 0.35390625 0.08272856415651582 0.19375
4 0.862711037172387 0.5453125 0.059412177667036305 0.146875
4 0.8348270666297513 0.578125 0.0490964389258032 0.1078125
4 0.8260156662606108 0.715625 0.04623225478036197 0.0875
4 0.7935047524732355 0.771875 0.042906995681063265 0.084375
4 0.80714814544112 0.8515625 0.030968200184570093 0.06875
4 0.7916430613879639 0.8375 0.028404404688076923 0.053125
4 0.8183056909376132 0.8359375 0.041444625230712615 0.0859375
4 0.8313156331026189 0.79140625 0.03882027297895903 0.09375
4 0.8573472069767423 0.7875 0.02990634793281686 0.0765625
4 0.8684244093207806 0.7609375 0.034593847932816855 0.0765625
4 0.8829863595053506 0.6921875 0.046171698025101904 0.1109375
4 0.9003741186046493 0.6890625 0.04354734577334831 0.11875
4 0.9188540083333315 0.70546875 0.03625647748246621 0.078125
4 0.8939751218438519 0.75234375 0.034193329734219444 0.0703125
4 0.5375341571613123 0.71875 0.04310725478036197 0.0875
4 0.5771671560815781 0.69765625 0.041444625230712615 0.0859375
4 0.7931483112310804 0.47265625 0.07417558451458142 0.1578125
1 0.1234111004060521 0.6953125 0.06259773442229637 0.1234375
1 0.03154497301587111 0.7390625 0.050558809376153833 0.10625
4 0.006514408545588253 0.5125 0.013028817091176505 0.2125
4 0.5106316957179752 0.7484375 0.03984255243632351 0.0609375
4 0.7379685464285691 0.90703125 0.04360790252860856 0.0953125
1 0.08070436382428739 0.7765625 0.06452117982650452 0.1046875
4 0.829128976716499 0.63046875 0.048896179826504495 0.1046875
4 0.8542105174326302 0.70234375 0.03615634793281686 0.0765625
1 0.1384272262550736 0.80234375 0.04633238433001132 0.0890625