4 0.9046875 0.62578125 0.04453125 0.20390625
4 0.98203125 0.65390625 0.034375 0.196875
4 0.94140625 0.6421875 0.05078125 0.1859375
2 0.8703125 0.546875 0.040625 0.0765625
4 0.82734375 0.25546875 0.02421875 0.07265625
4 0.7953125 0.240625 0.02421875 0.08046875
4 0.86328125 0.3921875 0.0234375 0.09453125
4 0.86953125 0.2953125 0.01328125 0.07578125
4 0.77890625 0.23984375 0.01953125 0.0734375
4 0.91875 0.3484375 0.02109375 0.07578125
1 0.67109375 0.25390625 0.02890625 0.08515625
4 0.72734375 0.1671875 0.0234375 0.07109375
4 0.8875 0.31875 0.0265625 0.09140625
4 0.83359375 0.39375 0.03984375 0.121875
4 0.83359375 0.3078125 0.015625 0.05546875
1 0.24765625 0.15390625 0.03203125 0.1015625
4 0.89609375 0.43046875 0.0234375 0.08359375
4 0.85625 0.27890625 0.01796875 0.065625
2 0.80390625 0.6890625 0.04296875 0.1296875
0 0.88046875 0.73984375 0.071875 0.171875
4 0.2703125 0.12734375 0.028125 0.0953125
4 0.80546875 0.30078125 0.03203125 0.0625