2 0.8680180946800711 0.45448206790709866 0.11316916394474283 0.14277837334017515
4 0.860763188321372 0.3231275287776831 0.13083489606689547 0.16786927693097126
4 0.9273928368041634 0.3782286401158057 0.10006312818904775 0.19267837939029936
2 0.909535786045559 0.4054814865250095 0.09005065727678314 0.10828519867214012
4 0.7401953389301952 0.24895370969223402 0.07522288273097573 0.09882838544042354
4 0.7730556363548197 0.2389838120533662 0.07911315727678296 0.10822156615858276
4 0.6849653181774098 0.12122816461089007 0.06808006242753387 0.0878545240041051
4 0.6161512874226849 0.04501057737506843 0.06457242515463033 0.08314884328594585
4 0.6860493281793495 0.06964748389273084 0.052231921820650486 0.06589771077238853
4 0.6901627433320402 0.03840657425181046 0.05092451333591956 0.06901362041330891
4 0.7065531468158014 0.06742190856076588 0.05455969636645754 0.07528180113146814
4 0.7408167054503135 0.1168633723582165 0.07611570303441759 0.10976588544042354
4 0.7630743427232172 0.11230313738533115 0.07649834030732112 0.11445338544042358
4 0.771572626811922 0.1709741554375079 0.0579397878817268 0.07842498184962739
4 0.7289223543921467 0.05191962840834071 0.05430460485118864 0.07215680113146813
1 0.4524720693853578 0.23086574326250475 0.07822033697334127 0.09728406615858276
4 0.7551511749854525 0.3912957457965875 0.11964230455162621 0.16468064441741398
4 0.5154656322719338 0.024102658855353468 0.05344373545613248 0.042478391490547766
4 0.7170285190857955 0.14017360733110187 0.057812242124092174 0.07686248184962738
1 0.011894479996120668 0.24230567466803504 0.023788959992241336 0.07211134933607007
1 0.019834590222732144 0.28299430718159235 0.03966918044546429 0.08313975292686626
4 0.7079088684769722 0.21359292661294266 0.0706948793969957 0.08162270472226432
4 0.18885791360638698 0.7983521833504379 0.11198930121764632 0.14745678298109563
4 0.09990737072369038 0.9017902798578377 0.12407471303635713 0.1615829154946528
1 0.005038702116333567 0.3094659035907962 0.010077404232667134 0.10018180718159239
1 0.02838041386015378 0.22526362041330888 0.05676082772030756 0.07999657220870697
4 0.6456794196946186 0.06628613455666078 0.06469997091226495 0.08471134328594584
2 0.6991883463470611 0.4449020139469601 0.1052610690954939 0.12242951190385672
4 0.686591719994181 0.15875543568812894 0.0644768303053814 0.06284543364502548
4 0.6055647316631105 0.09809921593874996 0.055994650608823096 0.07372839149054777