2 0.8286131133156196 0.2453125 0.0988827638537387 0.14375
2 0.876526228493266 0.284375 0.06523120181924576 0.0921875
2 0.9172924696019258 0.2203125 0.07755141935425698 0.121875
4 0.9042488141014079 0.2421875 0.09590331306795079 0.146875
4 0.9296641528099215 0.4859375 0.06552230024766885 0.0984375
4 0.9029389869703215 0.49921875 0.06759422249741007 0.109375
4 0.9381038531814252 0.63359375 0.060398152605034026 0.0890625
4 0.9631488566960819 0.76875 0.04226458271265763 0.06875
4 0.9431081844463408 0.7578125 0.036922111248705036 0.0546875
4 0.9685619487143645 0.75078125 0.055637877997927986 0.0875
4 0.9664514851082945 0.70546875 0.0542937018192454 0.0921875
4 0.9844596797957831 0.69609375 0.03108064040843388 0.0765625
4 0.9846041519836067 0.66875 0.030791696032786576 0.0765625
4 0.9767252816364191 0.59921875 0.04654943672716172 0.1109375
4 0.9851007078151017 0.5921875 0.029798584369796544 0.115625
4 0.9998909538861602 0.6046875 0.00021809222767963377 0.078125
4 0.9956593722069599 0.6546875 0.008681255586080284 0.071875
4 0.6681402636443419 0.69140625 0.05883565260503385 0.0890625
4 0.6784399088057776 0.6609375 0.055637877997927986 0.0875
4 0.8453212320079228 0.41953125 0.07867727171162145 0.1125
1 0.28675548469400985 0.85625 0.053638730355292805 0.078125
4 0.07446088419867183 0.659375 0.0742080955329393 0.1171875
4 0.9133714886229513 0.840625 0.05734592721213971 0.090625
1 0.3157366633538916 0.89140625 0.0569820541766104 0.0828125
4 0.9614493078961548 0.61484375 0.04895123035529281 0.078125
1 0.3059464404421969 0.9328125 0.053202082712657715 0.06875
1 0.26677047042598623 0.86328125 0.056909279569504534 0.08125
4 0.9228641509478948 0.6921875 0.04858735731976367 0.0703125
4 0.9035768418088856 0.5296875 0.07126287799792799 0.0875