2 0.8770119753018062 0.6755972800383627 0.07518445079743082 0.14344208279171564
4 0.934422472167674 0.5565784987887745 0.08510496466513899 0.16704322402541755
4 0.969491342799271 0.6504279103150161 0.06101731440145812 0.2012000357138149
2 0.9351693142076394 0.6558245223277249 0.06337412860909737 0.10575116801906326
4 0.8696124769173267 0.42484330357731304 0.04912979065319476 0.09769320616851015
4 0.9026613662600005 0.4344268092593559 0.047858231382639005 0.11016593262955983
4 0.8858342761198961 0.2823148843404338 0.04578658510611113 0.08826365909060954
4 0.8654107137152085 0.1771597800383627 0.04106271751493047 0.0866193384737585
4 0.9121597335668404 0.2380875974088028 0.03433993882958362 0.06619774431795715
4 0.932635234516771 0.21115690463297324 0.029907011967847553 0.0770534237011061
4 0.9303648729095141 0.2479302017108739 0.034594511967847554 0.07713524431795715
4 0.9349445765567364 0.31037565463297323 0.04480596656499998 0.11323638555165916
4 0.9554389145126392 0.3178335986266188 0.04182643692972228 0.11943183847375849
4 0.934073713999549 0.37369781494139875 0.03619337955902786 0.07872501785690744
4 0.9561097553183335 0.24591768831819333 0.03448540919430556 0.07244774431795716
1 0.6352160270698266 0.26011615057248816 0.05221842306201392 0.09618525324641088
4 0.8100225374221534 0.5845416319048018 0.06511846656500006 0.11359094155801372
4 0.8070695772223265 0.0882978774405749 0.03761040919430556 0.07250229139585782
4 0.9038400469214587 0.31717112541198 0.03619337955902786 0.07872501785690744
1 0.22258416802802086 0.02870960673770307 0.042043336056041714 0.05741921347540614
1 0.2088859971502084 0.07607375608907994 0.044042247150208436 0.08042388555165918
4 0.8598913315907295 0.37655580804153993 0.051782011967847194 0.07743525324641087
4 0.1523009564001047 0.5999300418028949 0.07060605357097235 0.1480477621748646
4 0.031244227201667196 0.6372136278410214 0.036521994300416805 0.15994774431795716
1 0.17225816612815978 0.08062093425441294 0.04920252583555564 0.1008182061685102
1 0.2554330356192014 0.029958461039774165 0.035866071238402776 0.05991692207954833
4 0.8803096683123612 0.21285181818780963 0.04258884992375016 0.0850841120127088
2 0.7402003466927087 0.5732553043880919 0.07460256933854162 0.11844208279171564
4 0.869428679330278 0.3162086432688875 0.05127286569131968 0.055560253246410875