4 0.9583222947693283 0.6693368368526549 0.08335541046134338 0.17289510818516868
4 0.9816958709474994 0.7682365935206148 0.036608258105001214 0.2063772878817268
2 0.9611443196519431 0.7812150835186751 0.0749206704996297 0.11160692182065049
4 0.9026217542888417 0.5289990082142635 0.05861216531583295 0.10251896424430526
4 0.9348970120645361 0.5432686733669542 0.06113157257314796 0.11358401000193971
4 0.9168811609805086 0.3905422860940506 0.0545302580585183 0.09132637272903601
4 0.8950854904808793 0.2832719200329743 0.05140525805851866 0.09107128121376692
4 0.9420964829880087 0.35071438261028953 0.04167894354388864 0.06855855242559432
4 0.9632784158814811 0.32684631897480754 0.037948350801203644 0.0791134151526908
4 0.9609537897269439 0.3623374088230866 0.04263585080120365 0.07949605242559432
4 0.9664901817156938 0.42561865882308664 0.05671747464666623 0.11632637272903605
4 0.9799201745288887 0.43665175367233566 0.040159650942222666 0.12088632697140156
4 0.9657765737044436 0.48838972579254847 0.04433505183796314 0.08118609818322894
1 0.6626434288409717 0.32169746487252493 0.06316296427907382 0.10133910151720871
4 0.8474933398214803 0.6524845635147958 0.09275201093324056 0.1735647878817268
4 0.8289437891612961 0.20108143124286199 0.04535074769092588 0.0750636439408634
4 0.9329743441568048 0.4414988792763096 0.04433505183796278 0.08118609818322878
1 0.30989240984921296 0.040034037132820735 0.04165981969842587 0.03287614394086338
1 0.30807563162115736 0.07246389985991712 0.04943265494824054 0.08625623545613244
4 0.8955419861455546 0.5012726209413599 0.05201085080120364 0.08026132697140156
4 0.17297179345013775 0.6028535462166765 0.08798659849212935 0.15455969636645772
4 0.08859679345013774 0.5959660753044116 0.08751770678620338 0.1669321506088231
1 0.2633003738454629 0.057173868646150136 0.054725747690925794 0.07582891848667059
1 0.3429099614043518 0.04505624804314597 0.04206992280870363 0.03756364394086338
4 0.92285846743662 0.3258738792763096 0.041210051837963134 0.08093100666795978
4 0.8964216894913882 0.4315340768507153 0.06357306738935158 0.1060266015172088
4 0.9037373205468977 0.32896705730587794 0.04630765494824089 0.0860011439408634
2 0.77206340433611 0.6680460485118862 0.07138556738935158 0.1066643303053814