4 0.9593253909606873 0.6076510510477471 0.08134921807862554 0.16752598960843984
4 0.988606527990034 0.7022258597139375 0.022786944019932066 0.2038241225281608
2 0.9640295404023643 0.7222762797604236 0.06129605027685514 0.1069491225281606
4 0.8812718954318945 0.4746093220829691 0.04683303207825773 0.099715776735205
4 0.9145850431801413 0.4847162955998655 0.0459714389258032 0.11054401609154355
4 0.8814850416389819 0.33229613594493945 0.043007125230712616 0.08855975544788164
4 0.849826426587302 0.2266417156463517 0.03988212523071262 0.0883412341605582
4 0.9020187846991515 0.2886225455998655 0.03379281153562204 0.06613845222957293
4 0.9196976380306392 0.2610820536456372 0.028343847932816857 0.07820140965492603
4 0.921319497222223 0.29852742332380633 0.03146884793281686 0.07841993094224949
4 0.933087114433371 0.360792476542115 0.04148419802510191 0.11334123416055819
4 0.9546314474067931 0.36929874523154843 0.038759716223699316 0.11937271287323466
4 0.9395361759689932 0.42501886750760764 0.03313147748246621 0.08009169158591126
1 0.6264773665928394 0.29735378134990753 0.04975777297895938 0.09680929802252862
4 0.8392019162513857 0.6069958511639626 0.06988860271317847 0.16821440445914604
4 0.7766206616279072 0.1523029973252354 0.035755829734219445 0.0724977128732347
4 0.9025578076781109 0.38199013334704945 0.033031347932816854 0.0785291915859112
1 0.25018976711886315 0.04471619234221587 0.03475453423772627 0.0568727128732347
1 0.2548062183831674 0.0924817029858776 0.03958173658176474 0.08365373416055817
4 0.8709759430878563 0.44744588854282946 0.04220608883351815 0.07605975544788172
4 0.17605917103174767 0.6477322956767401 0.06712454811738686 0.14935514381548423
4 0.08852889265411759 0.6532778193098521 0.07730058451458144 0.16251070767745457
1 0.20834222856220022 0.07134439431968728 0.04340764342930994 0.09480975544788164
1 0.28227108189368777 0.04773728553728143 0.03329216378737554 0.058325952229572965
4 0.8811357857788856 0.2661630375540938 0.03000647748246621 0.07987317029858776
4 0.8656387985788122 0.3762975082209986 0.050058161627907084 0.10149679802252862
4 0.8620551187523077 0.27182852950832215 0.03489423658176456 0.08332595222957292
2 0.7677670072443721 0.6331106009118611 0.05943316162790726 0.10215236188449897