4 0.9406050257403435 0.4636309035061168 0.09446887749004844 0.2143802893919517
4 0.9919805474519924 0.492757690408407 0.0160389050960152 0.2020021157567807
4 0.9670123809500897 0.4918700245951565 0.06597523809982064 0.1971017841302798
2 0.9047457801889678 0.4868632771554052 0.05962435079830257 0.08608868942018652
4 0.7691797174139363 0.19639644282748137 0.04218218281352506 0.07883763154179624
4 0.7357796269957568 0.16466830069175425 0.04406301779449713 0.08674113680346807
4 0.8374124056646689 0.29500897709893553 0.04613485376405215 0.09933214206513999
4 0.830562886387297 0.20378473762227928 0.03124468281352506 0.07820059471009329
4 0.7163584649424783 0.1877263690934883 0.037494682813525235 0.07856461575678071
4 0.869255313269323 0.25008361397299084 0.03912084980971926 0.08021812101845249
1 0.639998894790254 0.25482213480791666 0.048941518783080264 0.09170165258848365
4 0.6497174515966055 0.1281763348220341 0.04055601581733086 0.0771841262801244
4 0.8494693952845456 0.24497117974388888 0.049196186767857954 0.09795165258848364
4 0.8066889876798914 0.2905335797015366 0.06928319368794007 0.13185621572854575
4 0.7966189679082278 0.19714760074822402 0.028918178859192522 0.059359589448421436
1 0.13642822581689326 0.27318832906625207 0.0574543557412186 0.10934417889684286
4 0.8886539120904595 0.3225655587254364 0.030926347832553346 0.07038809471009326
4 0.8138701349044222 0.19770904286983365 0.033987680836358794 0.069007605233437
2 0.868793692736538 0.46937964554302186 0.052992348821136306 0.07634966837349921
0 0.8709583706071473 0.5225046455430219 0.09249520060802255 0.1659427893919517