2 0.8547396572680401 0.297887017044677 0.0952677236549981 0.14669643992586626
2 0.9009051848624419 0.3415750188587755 0.0631171518694554 0.09258929328391083
2 0.9446659176410023 0.2815477436310321 0.07486013527271566 0.12416667549789598
4 0.9386652939906485 0.32575161141704695 0.10999399710021507 0.19707838584218215
4 0.9370589402610264 0.520491192542573 0.07987952199532415 0.14927580290255768
4 0.9187475707598576 0.5564733325611064 0.06453794191141142 0.11133929328391083
4 0.9485795485640406 0.6930928788402421 0.05831125269929203 0.09086310217691818
4 0.9320441666153171 0.7525125188587756 0.054949454358966324 0.08762897477225665
4 0.9674740263682237 0.8293304792030618 0.04114706348717299 0.0700049651536098
4 0.9486172825920012 0.8169842466262569 0.03539397095570607 0.05577877404661713
4 0.9740063543659329 0.8124430795658816 0.051987291268134325 0.08913691106992552
4 0.9744568095617028 0.7672397069705432 0.05085395020978147 0.09527778366526399
4 0.9890272418134876 0.761081476207837 0.021945516373024887 0.0778174651536098
4 0.9899147742820202 0.7331474491659948 0.020170451435959434 0.07792659255827132
4 0.9835337971025371 0.6644247310171603 0.032932405794925755 0.11279266587924912
4 0.991801949384589 0.6595288998916343 0.01639610123082207 0.11898810217691817
4 0.6677681790628717 0.7199083168671917 0.05518625269929238 0.09075397477225663
4 0.6991006894358339 0.7015229046161398 0.05350535352912935 0.08913691106992569
4 0.8506585763589349 0.44968513002136845 0.0964517153566284 0.16232143992586626
1 0.21387542968757164 0.7967807746795893 0.06430114357108563 0.10821429328391083
4 0.0744540417155634 0.5815327421954517 0.07692138797200823 0.2130654843909035
4 0.9207066927598262 0.8908111270261436 0.055659849379944504 0.09700397477225664
1 0.2616626568670548 0.8413045901960187 0.0653900468904336 0.10201885698624161
4 0.9273422433752373 0.6081995236680989 0.06430114357108536 0.10821429328391083
4 0.9723363572773289 0.6775596480775358 0.04654495850815117 0.07954365626060209
1 0.30510500354770687 0.8490550920101171 0.05842965186945541 0.09242560217691817