4 0.9406514919709412 0.4970031281512693 0.10932849163225704 0.21469592055068926
4 0.9837586035726161 0.5314052613230918 0.0324827928547677 0.20204310124083733
4 0.9635689343053107 0.5315473729554892 0.07286213138937861 0.19863387797604232
2 0.8859673139972086 0.4783898859449394 0.06379690637700648 0.08852690445914604
4 0.755230811849502 0.19681246799214022 0.03962242198083885 0.07282549480421992
4 0.7069294306872662 0.13661265932594988 0.049734406377006476 0.08754355866619033
4 0.7718926893936934 0.15827984571608106 0.029756099050060315 0.06279493094224949
4 0.7959819646084639 0.1872078750491762 0.03682497060135788 0.07885697351689647
4 0.7868968916776856 0.17723194150903665 0.03822369629109836 0.07584123416055819
4 0.8254990462456698 0.21573706663508743 0.03838747060135787 0.07896623416055812
4 0.8518535063315781 0.22847736725550605 0.04307497060135788 0.07929401609154337
4 0.864132178312417 0.29939080079564556 0.04471935775648746 0.08096577673520508
1 0.6026214682265086 0.27020677330413584 0.056230067842395925 0.09266810124083724
4 0.6177507440071062 0.09846281328089272 0.04611808344622812 0.07795003737886685
4 0.8168920081406004 0.27429261180762443 0.05499511646291495 0.09880884059717551
4 0.7899986374938139 0.28097430054354405 0.07858974672063965 0.13315098960843982
4 0.7512083751693421 0.1646173270266476 0.0327173247398008 0.05988845222957293
4 0.6856276407731744 0.1460205103146856 0.04315685775648763 0.08085651609154336
1 0.12154188658930284 0.2101012556999832 0.05852955223856363 0.10683986188449897
1 0.08383052464894378 0.23315098960843983 0.06494332654882314 0.11040190445914588
4 0.7647352866347313 0.17023354249777237 0.0364155348257091 0.07104447351689643
4 0.8118526260738534 0.19298798148579355 0.039540534825709184 0.07126299480421991
2 0.8436979268420789 0.4738773485660726 0.058618083446227945 0.0788241225281606
2 0.8698177708037566 0.6158134762900135 0.06889384215265544 0.09666718639013112