4 0.90859375 0.5296875 0.0515625 0.1390625
4 0.9828125 0.5953125 0.034375 0.196875
2 0.92734375 0.66171875 0.04453125 0.0984375
4 0.84609375 0.42421875 0.03359375 0.1046875
4 0.8765625 0.4359375 0.028125 0.10546875
4 0.82578125 0.22890625 0.0203125 0.06796875
4 0.7984375 0.16796875 0.025 0.08359375
4 0.84921875 0.21875 0.02265625 0.0625
4 0.87265625 0.2140625 0.01484375 0.07578125
4 0.8609375 0.2078125 0.01953125 0.07421875
4 0.884375 0.2734375 0.01875 0.07578125
4 0.90546875 0.28515625 0.01953125 0.08515625
4 0.8984375 0.34921875 0.02109375 0.07578125
1 0.58828125 0.2578125 0.02890625 0.08515625
2 0.8015625 0.5984375 0.04296875 0.08203125
4 0.715625 0.10078125 0.02109375 0.07109375
4 0.8609375 0.28125 0.02109375 0.075
1 0.23515625 0.05390625 0.025 0.0671875
1 0.22421875 0.09140625 0.02578125 0.07890625
4 0.82578125 0.40546875 0.03828125 0.0953125
4 0.14375 0.71640625 0.04375 0.1421875
4 0.06015625 0.70078125 0.0515625 0.153125
1 0.18515625 0.09765625 0.02890625 0.08984375
1 0.27265625 0.05078125 0.02421875 0.0671875
4 0.8203125 0.29921875 0.0328125 0.07890625
4 0.8140625 0.209375 0.021875 0.05390625
4 0.76953125 0.175 0.01484375 0.07421875
1 0.06484375 0.2265625 0.03359375 0.08203125
1 0.02109375 0.25625 0.0234375 0.09296875