4 0.8871758576449459 0.57265625 0.0654966044771271 0.20625
4 0.9437666943705343 0.62578125 0.05571216870147851 0.1984375
4 0.9122677108788778 0.615625 0.07084584577069997 0.1890625
2 0.842719850747541 0.54140625 0.049406857756487454 0.078125
4 0.8158928363869041 0.278125 0.023915534825709274 0.06875
4 0.7955703703081022 0.23359375 0.032383132066747145 0.08125
4 0.847537904795127 0.38984375 0.022598696291098362 0.0734375
4 0.8813673501817141 0.340625 0.021199970601357875 0.0765625
4 0.8879272094085398 0.4390625 0.0273680834462283 0.075
4 0.8964634056996381 0.365625 0.029012470601357875 0.0765625
1 0.655576134102912 0.29609375 0.03731629353213641 0.0859375
4 0.7329718730216356 0.1609375 0.030329309135968607 0.071875
4 0.8630267859573628 0.3328125 0.03608134215265544 0.0921875
4 0.8148072919502567 0.38828125 0.05334408525525029 0.1234375
4 0.8324628606971636 0.275 0.02169793758467122 0.05625
4 0.774930321687583 0.23984375 0.027449970601357877 0.0765625
1 0.22054711612423059 0.1296875 0.03657266508343389 0.1015625
1 0.17893947026267357 0.1484375 0.04290455223856364 0.103125
4 0.8490738285849881 0.27109375 0.02227114767057934 0.0671875
4 0.8583293198785608 0.28828125 0.02539614767057934 0.0671875
2 0.8036949722988386 0.52578125 0.04422803482570918 0.06875
2 0.7690632654922906 0.66484375 0.05137879353213641 0.0859375
0 0.7884993402320915 0.60703125 0.05778592378986112 0.11875