4 0.91328125 0.61953125 0.04453125 0.20390625
4 0.98203125 0.65390625 0.034375 0.196875
4 0.95078125 0.63984375 0.05078125 0.1859375
4 0.8765625 0.5203125 0.04453125 0.1328125
4 0.821875 0.2875 0.02421875 0.07265625
4 0.796875 0.23359375 0.02421875 0.08046875
4 0.85625 0.38046875 0.0296875 0.09921875
4 0.87421875 0.29921875 0.021875 0.0828125
4 0.75546875 0.23359375 0.01953125 0.0734375
4 0.9140625 0.346875 0.02109375 0.07578125
1 0.65390625 0.2171875 0.02734375 0.08515625
4 0.715625 0.16171875 0.0234375 0.07109375
4 0.89453125 0.33046875 0.0265625 0.09140625
4 0.8203125 0.37578125 0.0234375 0.121875
4 0.89453125 0.425 0.0234375 0.08359375
4 0.85390625 0.27734375 0.01796875 0.065625
0 0.9203125 0.9140625 0.09296875 0.171875
4 0.25234375 0.1125 0.021875 0.0953125
4 0.80703125 0.2578125 0.0234375 0.09453125
4 0.8453125 0.5140625 0.03046875 0.140625
4 0.7671875 0.32890625 0.0296875 0.13359375
4 0.821875 0.4953125 0.03203125 0.12734375