2 0.9260451186299811 0.49934734796351715 0.07448002965749509 0.1454324683211164
4 0.939447090949652 0.3667862202395763 0.08637253460041094 0.16963479282674845
2 0.9943070514063251 0.4788220444931069 0.01138589718734977 0.12249771287323483
2 0.9709736749234503 0.45918688768817245 0.05805265015309935 0.10883940445914604
4 0.8761101497331698 0.2544772443768914 0.04925985376405251 0.10004355866619026
4 0.8487345662350727 0.2556080556409718 0.04814302273741298 0.11087179802252863
4 0.8014855400376186 0.1343393430198386 0.04575285178688589 0.09045003737886685
4 0.7606775148287477 0.030800482773999667 0.04100168479069151 0.061600965547999334
4 0.7974400271860372 0.07351110366350035 0.035486513840164415 0.06791947351689645
4 0.8190457717488299 0.046145574330405184 0.02968218281352506 0.0784199309422495
4 0.8279087771860372 0.07138052111209651 0.03436968281352506 0.0787477128732347
4 0.860142957033813 0.13180456888252354 0.04514535672980173 0.11377827673520513
4 0.8780162065395214 0.1282043214804136 0.0423386917107738 0.12137225544788163
4 0.8912192020908971 0.10612722568745799 0.03599584980971926 0.08041947351689642
4 0.8536900271860371 0.0695777204916779 0.03417868182494175 0.0740602128732347
1 0.5407363824329643 0.1956638811550101 0.05876218775644091 0.10382412252816073
4 0.8338019274134988 0.3890596940085743 0.06552152372599629 0.11676116510280768
4 0.669896005931499 0.005398786118359117 0.03979201186299797 0.010797572236718234
4 0.8303917900376186 0.1323180211120965 0.035995849809719614 0.08041947351689642
1 0.062168372052841 0.17976962747183928 0.04336268083635884 0.07002827673520509
1 0.07354888243296434 0.22833281360986887 0.043872016805913946 0.08252827673520509
4 0.804014973839727 0.21564397334166946 0.05812551779449713 0.08819912252816069
4 0.22106314136739397 0.6567641801859448 0.0716096976422728 0.15146394703379293
4 0.09878091756484807 0.7898876726443762 0.08149403361182792 0.16461951089576327
1 0.04084647037968581 0.25255691744859615 0.049387187756441055 0.10316855866619035
1 0.07774695110231392 0.15830989071339105 0.03768568380210835 0.08365373416055814