4 0.9315317957840967 0.41942130129478195 0.1188630220358334 0.21089769072219067
4 0.9656158550546523 0.4305206273785053 0.05145731648875014 0.1987850098858317
4 0.9461391564414232 0.42897271483093524 0.09041071371520851 0.1956891847906915
4 0.849647322569583 0.34938998559118184 0.09233558320625015 0.14425401878308025
4 0.7198910066495138 0.15642784726389952 0.0502195119678472 0.07853617688202616
4 0.6786672478157986 0.11674060616114812 0.05352634992375016 0.08647601087441492
4 0.7837703622728471 0.22875383342373512 0.06490026101791671 0.10567167984777566
4 0.7731978446054166 0.14645066939329024 0.05196384992375016 0.08641234387822054
4 0.6392592556995832 0.1331760310660079 0.04705814437666671 0.07684634288963733
4 0.8271761765773956 0.17469107452648652 0.04869337955902786 0.08003500988583175
1 0.5448728228539235 0.16433980083767138 0.0583229526972918 0.09135451186299806
4 0.5771963200041318 0.08341079441188075 0.04862064437666689 0.07691000988583174
4 0.8031574483288887 0.1670841629674996 0.060030923062014095 0.09766817885919252
4 0.748414090521354 0.2387800908381089 0.06846167211208343 0.12454901384016444
1 0.15471929511850674 0.22706788289007487 0.05843205547083343 0.09604201186299814
4 0.8346964294271875 0.2539965725493202 0.05356271751493082 0.08803851087441492
4 0.746926285334861 0.13503300832859488 0.042188806420763926 0.06884284190105419
0 0.955818055283402 0.6838047948689914 0.05919708130638881 0.19597834486680377
4 0.13137271409645815 0.22411663783299077 0.05694229065319454 0.09910334486680368
4 0.6961814029260415 0.13553968570491262 0.0585047906531944 0.0991670118629981
4 0.8182882197960414 0.3553508255150697 0.08143445079743046 0.14537084980971962
4 0.6825897219802428 0.21648593817637055 0.07816398043270852 0.13899351581733077
4 0.7895819915475345 0.34793491494466594 0.07801851006798621 0.13274351581733085