2 0.8094255132715109 0.6686707843536484 0.09023236364988411 0.14965007475773362
4 0.8858208700013126 0.5527072947452085 0.10368736859280006 0.17396165990702742
2 0.8982187578343034 0.6881695473430985 0.07059102570316256 0.12646394703379293
2 0.8700910992410659 0.6519642495726715 0.07464185574121877 0.11116672896477801
4 0.8446122326626135 0.4169226140550605 0.05869852076024671 0.10226162252816078
4 0.875289229696864 0.42879990118182587 0.06070668973360753 0.11330838317182242
4 0.8829000943353311 0.2802531405381641 0.05519151878308044 0.09266810124083724
4 0.8983407050194655 0.14985544635436282 0.050440351786885884 0.09077781930985207
4 0.910192106198329 0.22225497023957635 0.04173651384016423 0.06835651609154339
4 0.9419832756659815 0.20678850736634163 0.03905718281352506 0.07907549480421991
4 0.9369946867306769 0.233624158975496 0.04218218281352506 0.07929401609154337
4 0.9349745888981236 0.30231952865366507 0.057645356729801735 0.11465236188449897
4 0.9511580044114432 0.3066410418952169 0.05633752471457924 0.12079310124083724
4 0.9688866738790957 0.2921579248149378 0.03599584980971926 0.08041947351689646
4 0.9599865177573161 0.24292274932056995 0.0419911818249421 0.07460651609154337
1 0.6406926896964263 0.24032118127122565 0.06332235376405215 0.10102690445914594
4 0.7719493709898957 0.5559958217325152 0.07658635771838504 0.12065098960843983
4 0.8389603878329908 0.07766337210083221 0.045116181824942106 0.07482503737886684
4 0.9089850918638731 0.2901144595959146 0.043808349809719614 0.08096577673520508
1 0.2647973290494729 0.011844800116215536 0.04853034190105419 0.023689600232431073
1 0.24676757064651592 0.042729177335953265 0.05174818380210837 0.08463707995351379
4 0.8426796595446395 0.3687582656642149 0.059433349809719614 0.08205838317182242
4 0.12259796981103213 0.5281746404612895 0.08729836463846721 0.15411905347041016
4 0.0038121136127029697 0.5826104042070444 0.0076242272254059395 0.1629041915859112
1 0.20285840315602996 0.05083070847219654 0.060324687756441064 0.10166141694439308
1 0.29360807855518134 0.013095943679598187 0.04403384288963732 0.026191887359196375
4 0.9005916131184115 0.19020729474520848 0.051939184790691685 0.0893245799535138