4 0.9474964493952699 0.500133088084832 0.08210561736154424 0.21152400496239881
4 0.9855209713558171 0.4770616151731373 0.028958057288365778 0.201528266749223
4 0.9652811966899989 0.48470929528076107 0.06943760662000216 0.19560790653397536
4 0.8805640354073603 0.5860298926757272 0.06880563868554432 0.14219180810555193
4 0.7893685127704952 0.8011946662493757 0.03681020401018138 0.07667381596343467
4 0.7555662247771767 0.848812374893047 0.03846361067790856 0.08455909057054072
4 0.8383776300922685 0.7183672036767632 0.04807496801399935 0.10530823821317573
4 0.8424662407701771 0.8013252528909749 0.03693747334499946 0.08761131596343467
4 0.7148594087762222 0.8398889851082945 0.03212270401018138 0.07645549214211726
4 0.889658866764768 0.7637011284077035 0.03528406667727211 0.07972604135632881
1 0.6178844114417223 0.8267832094677315 0.043223836012090365 0.09102741439185813
4 0.6640332527848127 0.9007686730738014 0.03679202267663584 0.07511131596343468
4 0.8679293174331317 0.7751822839082216 0.043296561346272 0.09727741439185814
4 0.8016406987587231 0.7150945004097755 0.04518632535009024 0.12547518899896418
1 0.2267963347787676 0.8358969203877141 0.041715880012726636 0.09564213978475218
4 0.8832537780871779 0.682977667282833 0.03849997334499946 0.08768409057054054
4 0.8192378261059495 0.8182023837843871 0.030469297342454384 0.0685702175350115
0 0.9536704400063634 0.23111126033457302 0.09265911998727319 0.19030397642635144
4 0.20503042278004022 0.8442530758882322 0.03864542401336306 0.10018409057054037
4 0.7693741861075405 0.8275923463569997 0.04018974267981754 0.0986943651776464
4 0.8485418760741329 0.5853192632300571 0.05636018268618059 0.14629711124870504
4 0.7419117100970409 0.7490114280362 0.054724957351999136 0.139974336641599
4 0.8229242580760421 0.5981809822128105 0.054652232017817326 0.133724336641599