2 0.9122589307367696 0.51640625 0.09542268268618095 0.14375
2 0.9223248214114964 0.57578125 0.06357269867918128 0.0921875
2 0.9794442413669529 0.55546875 0.04111151726609421 0.1203125
2 0.9622203786998622 0.5625 0.07555924260027566 0.146875
4 0.8252060154359953 0.75625 0.06364542401336308 0.0984375
4 0.7962088587682681 0.7484375 0.06531701201463562 0.1078125
4 0.7222275607892671 0.903125 0.057286336012090364 0.0890625
4 0.6502622014639939 0.9625 0.03657384667409058 0.0546875
4 0.6737269734643121 0.96484375 0.05394316000954511 0.0703125
4 0.703904822127585 0.93984375 0.052635198679181275 0.0921875
4 0.7282326601288578 0.94921875 0.041515885343726924 0.0765625
4 0.7491082341263123 0.93046875 0.04620338534372692 0.0765625
4 0.7906502967854491 0.875 0.062228374681726525 0.1109375
4 0.8071292721196308 0.88125 0.06072041868236298 0.115625
4 0.8167769921228125 0.9046875 0.0477840666772722 0.078125
4 0.7749440281269486 0.93515625 0.044586341343090474 0.071875
1 0.4846719221037225 0.7640625 0.05572383601209037 0.0890625
4 0.5325730727641318 0.71796875 0.054143154678545004 0.0875
4 0.8060372974219959 0.653125 0.0763090560152719 0.1125
4 0.0545175140435889 0.32109375 0.07167610001590836 0.1171875
4 0.5699843554662212 0.97890625 0.05517839600572696 0.0421875
4 0.7609173434515855 0.87109375 0.04778406667727229 0.078125
1 0.022025924092904818 0.684375 0.028924978675999573 0.06875
1 0.058144690085905136 0.6328125 0.055632929344363126 0.08125
4 0.7753787381046771 0.77109375 0.0697863360120902 0.0890625
4 0.2298896840388164 0.2859375 0.09391472668681722 0.1484375
1 0.02958388542326859 0.6625 0.04140679734245413 0.0671875
1 0.15982099001431752 0.10546875 0.1049976773551808 0.1609375