2 0.920784142253361 0.5307814535714309 0.08382473370266404 0.14729410703211537
4 0.9316571092629775 0.6632632865448528 0.0970521594086268 0.17309514342931004
2 0.9899132608205526 0.5583440515042477 0.02017347835889467 0.1239777205426357
2 0.9664715807268454 0.5751415252860859 0.0670568385463092 0.11055557063492075
4 0.8661350608331879 0.7697950863602827 0.05442673871722903 0.10174177513842757
4 0.8395498287798766 0.7673116340162442 0.05630748746358769 0.11277940468807693
4 0.7877780432822108 0.9176132202288688 0.05098348997087019 0.09060401603912922
4 0.7211648562934767 0.9791750196613151 0.031278743731793845 0.04164996067736979
4 0.7471961588799015 0.9758695469592109 0.04629598997087001 0.04826090608157827
4 0.7846446830947963 0.9439253963547454 0.03940949247815269 0.06802810919158375
4 0.8065567870140045 0.9670347675018466 0.03504024122451135 0.06593046499630688
4 0.8152043613080417 0.9490029225729071 0.03972774122451135 0.07896560919158375
4 0.8486102432030684 0.8910995874400168 0.05171091567683313 0.11560401603912922
4 0.8659114034696251 0.8961072624861594 0.05028480799670092 0.12019138648947987
4 0.8790479009623426 0.918783298883354 0.041335705331134065 0.08062823874123311
4 0.8410310754146643 0.952217560142121 0.03959134890464355 0.07427810919158376
1 0.5302035725116705 0.8020733536360293 0.06545516693047429 0.10556768198597277
4 0.8311486439027137 0.6661799305924717 0.07206887978345584 0.11846820018457009
4 0.6534605307457984 0.997450003082319 0.04502299498543501 0.005099993835361971
4 0.8189000111497571 0.8884158759966798 0.041335705331134065 0.08062823874123311
1 0.05150191099147252 0.7784148966685125 0.04731292069139796 0.07165375693983016
1 0.06337377368616941 0.7308284978405316 0.049239133544379414 0.08425388648947951
4 0.7938114314454436 0.8033702475267646 0.0634380258642473 0.08984255243632341
4 0.2189990187381115 0.31737367442783365 0.0808815901291547 0.1533438479328167
4 0.09866012351524957 0.17475777297895928 0.09218280298213617 0.16654475478036201
2 0.7658897052646271 0.5941559338316742 0.06747230799670093 0.12129281153562221
1 0.04146166976696114 0.7013517489202659 0.04509720282385159 0.10270349784053164
1 0.06620090848419005 0.8011910626153563 0.04298913354437941 0.08385336829088245