4 0.8992007373399307 0.5559029028868592 0.101257205064028 0.21248513103285874
4 0.9513246794615402 0.5749455687661083 0.04602367349399685 0.20120040145127885
4 0.9313306978773918 0.5687674906358072 0.08619364718563745 0.1948065577118811
4 0.8457487846243901 0.4655755140494522 0.08153696828879475 0.1416269940095503
4 0.7527932581042693 0.24704871414211932 0.04508425782192056 0.07798115626060227
4 0.7195859159544248 0.19891874898850967 0.04710178413027979 0.08584821996293313
4 0.8026574792356612 0.3317709437236993 0.05756884727034199 0.10492560217691826
4 0.8066995081042693 0.2489311618725339 0.045630289391951705 0.08735615626060227
4 0.6784148843843937 0.2068750927279074 0.04039675782192056 0.0778174651536097
4 0.8537341318241449 0.28814991849595584 0.04205026308359265 0.07943452885594056
1 0.5756616107068704 0.21033242022523635 0.050499799915295365 0.09064484736759484
4 0.6272765895895958 0.14402786314632748 0.04343075256024882 0.07636409255827141
4 0.8317604212866838 0.27563999481215845 0.05242632096198285 0.09694941106992569
4 0.7664924660814817 0.33442222857008963 0.05718941567207594 0.1251835384745874
4 0.8474848608480446 0.368564104793625 0.0472837946536238 0.08897321996293303
4 0.7827005659826596 0.23087064263524018 0.03681673151356133 0.06989583774894799
0 0.921654777084818 0.8424232454451307 0.07351163666229396 0.19124504809323425
4 0.1615004001694092 0.18412700725639414 0.04792083148532651 0.09991071996293313
4 0.7331555922910189 0.2213121041606528 0.049392326223654595 0.09840278366526398
4 0.8144532819935542 0.46526549000283507 0.06930998407380998 0.14587798439090344
4 0.7059490792074264 0.2986459304768554 0.06738346302712266 0.13957342068857254
4 0.7878830767177648 0.451029375212045 0.06701944198043534 0.13332342068857256