2 0.8768167741010464 0.40151355969773894 0.08015647881213823 0.14511618182494193
2 0.8930263320500238 0.457748972245309 0.05362479991529554 0.09103617688202607
2 0.9551391951759687 0.42170404289182495 0.04294490514873246 0.12177684091247105
2 0.9396584083442658 0.4332463793556717 0.0740884893354817 0.14798651384016442
4 0.8198864217102069 0.6563575685949875 0.05251732622365459 0.09878500988583169
4 0.7887729296027145 0.6552871585188753 0.051682868317029396 0.11122134288963732
4 0.7345496192346627 0.8235079179104154 0.048846294653623445 0.08928267589344294
4 0.6702071271977575 0.8978340972638996 0.02965667889684287 0.05420733893530496
4 0.6955788535202343 0.9038148418266921 0.0440677893919517 0.08752917490485998
4 0.7213369876928664 0.8630160868837763 0.03983531570031094 0.09515067391627667
4 0.746845221907851 0.8666530814465687 0.03258425782192056 0.07770850593149917
4 0.7645255455712567 0.8441095779865275 0.03727175782192056 0.07789950692008248
4 0.7994157560381308 0.7803362380626397 0.04873987884037305 0.11421900889724874
4 0.8172479981456229 0.7819478176064043 0.04597889988706072 0.12034167490485963
4 0.829255174482217 0.803281648138752 0.038925263083592655 0.07952567391627659
4 0.7911335482020927 0.8422459890512229 0.03699874203690499 0.07321200692008248
1 0.4820609270424658 0.74260672228249 0.04581229991529536 0.09071784190105418
4 0.5243086112009805 0.6863275473776304 0.0440677893919517 0.08752917490485963
4 0.7881197531955333 0.5594480765036529 0.06418286831702939 0.11173067885919252
4 0.01476190806191698 0.4083563280608898 0.02952381612383396 0.1176623438782205
4 0.5973919825017818 0.9436678620926472 0.04252069994353036 0.060966674904859984
4 0.7696372507764588 0.7831084109903332 0.038925263083592475 0.07952567391627649
1 0.00986761614501011 0.7794991576046542 0.01973523229002022 0.06884284190105419
1 0.035018598046800894 0.7101615671864748 0.0468287683452643 0.08140650889724857
4 0.7716008401542931 0.6824863284808191 0.06116428413027997 0.08666701186299797
4 0.17799140820309134 0.31619670847950665 0.0757419945971538 0.14961268083635879
1 0.018627758598379465 0.7373289036503216 0.03360072625188951 0.06839717292769336
1 0.07946915016940921 0.1744641477188225 0.08740753669052861 0.16255834980971956