2 0.8392153755444797 0.5976065880843848 0.061936400369140186 0.1402841632744117
2 0.8737696506829072 0.5444063449817899 0.043007125230712616 0.08790279172311415
2 0.9324344494186029 0.5888280523541646 0.046572216223699316 0.11923467887824372
4 0.9131733096899209 0.5734863353708514 0.05901165946843889 0.1432453889641522
4 0.8641407341177546 0.36660557157604146 0.04524954811738695 0.1471959045679842
4 0.8363556955610918 0.33847392752350675 0.03805880937615384 0.10788774310259504
4 0.831885845930232 0.20166996834210962 0.036656995681063266 0.08601274310259503
4 0.8000839358434841 0.15116867933252903 0.03499436613141391 0.08436835594746528
4 0.8162281724252489 0.06934546924662077 0.02461807063492074 0.06825203301668678
4 0.8003831269287558 0.0857483972203534 0.02361677513842757 0.05262703301668679
4 0.8269956917035802 0.08357506558314762 0.03353199568106362 0.08584896879233553
4 0.8383046290882241 0.12580683118697986 0.029345143429309672 0.09341580732694627
4 0.8647669995385747 0.12597724954977407 0.02209384793281686 0.07746325870642727
4 0.8748836767441854 0.15036309588630092 0.026681218383167504 0.0761464201718165
4 0.8877656061092647 0.21664983717987366 0.03357156847545255 0.11076708163720583
4 0.9056342265596153 0.21727063489588155 0.03094721622369896 0.11841580732694632
4 0.9248045311554073 0.19757893261188939 0.028343847932816857 0.07779080732694625
4 0.9003144733204129 0.15448070782666004 0.027843200184570094 0.06997830732694625
4 0.5526396344868948 0.24589243837764058 0.035194625230712616 0.08749335594746536
4 0.5813759037652263 0.25918033243017524 0.03353199568106326 0.08584896879233553
4 0.7960835441122173 0.45659980778123155 0.05835032541528271 0.15722600180902227
1 0.08772603331487559 0.2834941734511769 0.039421050276855205 0.1048446302577248
4 0.0010258721483936846 0.5367220720262674 0.0020517442967873693 0.21405585594746518
4 0.7537071884643778 0.035979607079119055 0.03413277297895938 0.07195921415823811
1 0.12389287322812785 0.2294307931934521 0.0436079025286086 0.09727779172311406
4 0.8326287206995193 0.2872799197215906 0.03942105027685514 0.1048446302577248
4 0.8593099390826866 0.2111334995497741 0.028243718383167506 0.07622830732694626
1 0.15306923349944573 0.21155057440111652 0.03685725478036197 0.08913774310259504