2 0.8653148860295987 0.291592145206375 0.06800563231716553 0.14297123920022675
4 0.9208649283804682 0.40994035192246425 0.07751698770335977 0.16673612141421193
4 0.9635933047457055 0.3154983819595311 0.062101065962190914 0.20212798439090332
2 0.9230046661820239 0.31066703822013336 0.05841246369925486 0.1051438569862417
4 0.8536996333973201 0.5427280592715256 0.044313602262936416 0.09840278366526398
4 0.8865666755517978 0.5322072215225775 0.04281473477649378 0.10928571996293321
4 0.8677161607210749 0.6843972040993824 0.04113406010845857 0.08891865626060227
4 0.8452275614832008 0.7906298459320145 0.03643746974937869 0.08719246515360979
4 0.8924525403077659 0.7288366848620887 0.03163179508134419 0.06671627404661713
4 0.9126059590238726 0.7554711067317876 0.025445427594901204 0.0774355192372937
4 0.9112570824622438 0.7188069204341184 0.03013292759490156 0.07759921034428637
4 0.9170894468254284 0.6561159474759605 0.03970791549465282 0.11230159255827132
4 0.9382241034412868 0.648348087494494 0.03662836729005079 0.12000496515360978
4 0.9166763563681528 0.5928619793271259 0.03170451795398108 0.07921627404661713
4 0.937810492103164 0.719441837494494 0.03009656615858276 0.07134921034428636
1 0.6168303715916593 0.7111234283234849 0.04742951190385654 0.09694941106992552
4 0.7968188952029809 0.3845906662577672 0.060029505853732346 0.11457342068857254
4 0.8858803534412868 0.6501759715225777 0.03169542759490156 0.07765377404661714
1 0.21396795024327395 0.9485837998225147 0.03478406615858276 0.07151290145127902
1 0.20329407065658284 0.9036532457388308 0.036410198672140126 0.08250496515360979
4 0.8432615822658519 0.5915202233366761 0.048873837235821685 0.07669147477225664
4 0.13994672648687423 0.38019095308789214 0.06335449375348405 0.14905754809323427
4 0.021111409837312113 0.341423608167368 0.042222819674624226 0.16090278366526398
1 0.16111111583612267 0.9043452157017638 0.044331782981095545 0.10152778366526398
1 0.24675317916603506 0.9521254620735669 0.033267017953980904 0.0792708377489479
4 0.8602758445624922 0.7549552407598713 0.03799087939029917 0.08568452885594055
2 0.7272331030485033 0.39639375101149027 0.06942268657189174 0.11802580290255768
4 0.8515053534412867 0.6513763729738564 0.0487465722087073 0.05481647477225664
4 0.8118792511783504 0.7496154655321279 0.03323974687674216 0.0745833377489479