4 0.9227797522689138 0.5996422789057666 0.10412976114786474 0.15499313861970415
4 0.9613707737207253 0.682919318630422 0.07725845255854935 0.2036491599070276
2 0.9069576463364996 0.7326404492043543 0.08097648441265974 0.11294775025210164
4 0.8894213130287912 0.4818591992043544 0.0732732450563212 0.11396394703379294
4 0.9158417013963938 0.5004235289057666 0.06858574505632156 0.11363616510280768
4 0.9133565677203682 0.29647907407830365 0.04397922896477802 0.07304401609154336
4 0.8947597510084062 0.23261866987125926 0.05433757475773362 0.08776207995351379
4 0.9391378177203681 0.294676273457885 0.046885707677454744 0.07013753737886681
4 0.9601987167316324 0.3151855154121133 0.044416271539424915 0.07929401609154337
4 0.9554183815823386 0.30295866702126767 0.04754127153942491 0.07951253737886681
4 0.9581334721795141 0.35301329734309855 0.04765053218308672 0.08107503737886682
4 0.9764389448140551 0.35946003929732684 0.047122110371889646 0.07973105866619035
4 0.9562921027534464 0.4277237202395764 0.050775532183086725 0.08129355866619026
1 0.6882748042267149 0.25490820515643914 0.061024617332380515 0.09444912252816078
2 0.8014728348203178 0.6387426197550437 0.07363387797604233 0.09688570767745457
4 0.8445633730323638 0.14349046789378783 0.04888525025210129 0.07649679802252858
4 0.9247800227999328 0.3812529118254876 0.04921303218308672 0.08118429802252862
1 0.4240766383676025 0.006327137611297917 0.048153276735205044 0.012654275222595834
1 0.39549817029858775 0.012107244047915267 0.05349634059717552 0.024214488095830534
4 0.8751731427302033 0.45773328435364824 0.07439870248167466 0.10782320767745457
4 0.13726858716610627 0.5933351007366341 0.1271737772394082 0.19547602698730665
1 0.361013909654926 0.011855871771856086 0.05952781930985207 0.023711743543712173
1 0.4603419202985878 0.009758140209187966 0.04880884059717552 0.01951628041837593
4 0.8945626450759919 0.3645242337332297 0.06225933540139543 0.08987088317182242
4 0.919584788387273 0.273276520859995 0.041542643815484226 0.06043475544788164
4 0.8719396100429136 0.23185919920435444 0.042744510895763456 0.07762225544788164
1 0.2223063247577337 0.0692424008528497 0.07305472376899795 0.11083894703379286
1 0.1792500934471671 0.09345007919720914 0.07149222376899803 0.11072968639013114
4 0.8159991465886012 0.8127974787895511 0.10700338887180579 0.17385239926336596