2 0.8728215968782363 0.5077385323583137 0.08181771857321785 0.14721348960843983
4 0.8800499528106507 0.640135769116762 0.09283162822814398 0.17130655347041018
2 0.9521977404416191 0.5289904555068932 0.039663069561953535 0.12249771287323483
2 0.9194180914303548 0.5486802426336583 0.06825796312533612 0.10894866510280768
4 0.8118084151796822 0.7515542343357852 0.0536491599070275 0.10015281930985206
4 0.7807223061451748 0.7470252714625504 0.05296074505632138 0.11254355866619044
4 0.7245547975952 0.9103175931181908 0.049868596045057244 0.09055929802252863
4 0.6593725579867603 0.9752474214330448 0.030277361884498966 0.04950515713391042
4 0.6846621350902825 0.9712428004559307 0.045071835401395435 0.05751439908813864
4 0.7108857815036567 0.9486152686125588 0.04093063861970414 0.09615373416055846
4 0.7363392495726715 0.9551055692329775 0.03347877153942509 0.0785291915859112
4 0.7542751485839357 0.9343778059914257 0.03816627153942491 0.07885697351689629
4 0.7898955743304052 0.8740630188646603 0.05005426634364483 0.1154500373788668
4 0.8077004333649125 0.8776632662667705 0.04736630891829199 0.12148151609154353
4 0.8194520343536483 0.900466981737895 0.03983803218308672 0.08052873416055846
4 0.7808922789057666 0.9354539869336751 0.03783848960843983 0.07416947351689629
1 0.46968126331842636 0.8053523156266813 0.05154035668871888 0.09223105866619016
4 0.7811918357303715 0.6504944788879035 0.06546074505632156 0.11341764381548422
4 0.5860553902860625 0.9924924106633324 0.04321440445914604 0.015015178673335327
4 0.7600988136867435 0.8735495666350875 0.03983803218308672 0.08052873416055846
1 0.0030907460155514496 0.8082548964133742 0.006181492031102899 0.070028276735205
1 0.018876778072587426 0.733440566711962 0.03775355614517485 0.08263753737886681
4 0.7632398752029254 0.7724951650259332 0.06215007475773362 0.08830838317182241
4 0.17420341644019 0.3379855911013786 0.07745800050420311 0.15157320767745458
1 0.004240659693363319 0.7420671677006977 0.008481319386726638 0.06926345222957302
1 0.07713131050777572 0.19930586733238065 0.08926958565349696 0.16483803218308674
2 0.7161402721205027 0.5815698802449563 0.06589778763096846 0.11966764381548423