2 0.7853782449500897 0.1730525501291969 0.10837248407381014 0.15015829117755658
2 0.8447007660673641 0.2369660533683994 0.07099431043863902 0.09639294108527148
2 0.8754796001835267 0.13614523057401023 0.08513240514873247 0.12531897748246604
4 0.869760950225879 0.18087673967330892 0.1282901419239657 0.19813471622369905
4 0.8692772898860618 0.37626958282576367 0.09430998407380997 0.1492571252307126
4 0.8513771583442657 0.4163333783222569 0.07502936305535783 0.11221820018457014
4 0.8848127426721895 0.5371675100313745 0.0660337946536238 0.0914050524363235
4 0.8730492190652533 0.6188680930047965 0.06272678413027961 0.0880797933370248
4 0.9015312638600512 0.6777529372369854 0.04775423151356151 0.07155362739018098
4 0.8846622822759027 0.6733856122831279 0.04068518415851443 0.05709060919158375
4 0.9080465743692775 0.6594337338132128 0.061255289391951705 0.08954216378737563
4 0.9132569901119407 0.6100647894887388 0.07292083148532669 0.10274307063492075
4 0.9368610900837059 0.5789754757936483 0.05427724729857673 0.07664164558877821
4 0.9195139663638304 0.5427270951642649 0.06887036831702957 0.11338018198597286
4 0.9260593689523141 0.4971642712901415 0.07199536831702957 0.11358044108527139
4 0.940903118952314 0.49621304056847293 0.05976838410204479 0.11746690468807693
4 0.955936584751447 0.5053679950719797 0.026425263083592655 0.07952681369509058
4 0.9490271611162759 0.557180818946103 0.033873742036904984 0.073777461443337
4 0.6008934980044487 0.6277469494186031 0.07346686305535748 0.11211807063492074
4 0.6356325190511359 0.619294099326318 0.061255289391951705 0.08954216378737563
4 0.7859789424745456 0.3364642080564763 0.11075403142885669 0.1643209207272059
1 0.18004340073410657 0.7574563448504977 0.10203147881213823 0.1481952729789592
1 0.17328589554302187 0.8333877891749717 0.09201944198043535 0.13665699568106326
1 0.06357696657559184 0.8194032372000735 0.08778696828879458 0.14416910703211547
1 0.02869633446909826 0.6432400578349944 0.05739266893819652 0.21039488433001133
4 0.597852527014231 0.6933218846437784 0.052168715728545936 0.06716651603912886
1 0.08459512186549856 0.8460763587301583 0.10010495776545088 0.14184514342931004
4 0.8496887718231463 0.7526818885012896 0.06492632096198285 0.09911742288667416