4 0.9486997294771273 0.532524911519651 0.10260054104574542 0.2094761858759707
4 0.9923866530976462 0.5413465324608134 0.015226693804707736 0.19909206493480802
4 0.9682088466752111 0.5393612926070832 0.0635823066495778 0.19368754464226862
2 0.9115615355030776 0.5341868230458925 0.06379690637700648 0.08541139448011278
4 0.7625010792623567 0.19205209577406387 0.04619997060135787 0.0772988855516592
4 0.7270172806418376 0.18518844114768124 0.04817190637700648 0.08513865909060954
4 0.8384604709400421 0.315922018257354 0.05195200361804453 0.09769320616851011
4 0.8147562980546921 0.22106348578994992 0.03682497060135788 0.07713524431795715
4 0.711596998529662 0.1888219557581778 0.041512470601357876 0.07721706493480815
4 0.8784812833553712 0.2604220405784884 0.04471935775648746 0.07883411201270878
1 0.6214566774079058 0.22627531696010778 0.054667567842395924 0.08993525324641087
4 0.639858117367426 0.13059067004436287 0.04455558344622812 0.07570911201270883
4 0.8391355003386842 0.23944133887420502 0.05499511646291495 0.09618525324641088
4 0.8108267938708206 0.32480609455624787 0.07702724672063965 0.12935230925276536
4 0.7846117746489437 0.2416117650109431 0.0327173247398008 0.05833069724005639
1 0.1669296296918979 0.23629383035608367 0.06338082654882315 0.10725912094116259
4 0.8821628833099424 0.3455646538090132 0.04833568068726635 0.08826365909060954
4 0.7969137008136541 0.20826347686149616 0.03797803482570909 0.06935001785690746
2 0.8739010832190853 0.5155771448805595 0.0570555834462283 0.07592730032431164
0 0.9418001549066686 0.6300038835164737 0.11639969018666285 0.18636596834337488
1 0.19247186227904334 0.20239611728771462 0.05680327792830413 0.10090002678536118
4 0.7557055246489438 0.24110720454036186 0.050478034825709096 0.06956820616851012