2 0.8438363309708372 0.3709966409560746 0.0777616594684389 0.1450307001845701
4 0.8948202351974889 0.4935014990679242 0.09020110271317847 0.16916910703211538
2 0.9369750616925057 0.36206053438538455 0.05927247532299766 0.12361677513842757
2 0.9011283968253959 0.39506399906792417 0.0660836798265045 0.10849242288667416
4 0.8662470473514198 0.6211060649224829 0.05152053207825773 0.09977875693983033
4 0.8360588996031731 0.6270161034791458 0.0506589389258032 0.11061612739018098
4 0.837494584366923 0.8004733898763405 0.04779475478036197 0.09020349784053172
4 0.7982935795865611 0.8858206045588801 0.029966904688076924 0.05482720234403828
4 0.8250062739110351 0.8851790569029184 0.043007125230712616 0.08834060919158375
4 0.8364537160760408 0.8411985194259899 0.03882027297895938 0.09585272054263579
4 0.863266539950164 0.8389944717700282 0.03146884793281686 0.07826470234403837
4 0.8727812422942026 0.8129326195182749 0.03615634793281686 0.07856509099298634
4 0.8865619424787727 0.7447833968161708 0.047734198025101905 0.11354086829088228
4 0.9039997663528961 0.7419785718623132 0.045109845773348665 0.12115310919158376
4 0.9233109708564028 0.7589052560077544 0.03781897748246621 0.08022772054263569
4 0.8983319548172737 0.805940942312664 0.035855959283868796 0.07387759099298634
1 0.5700066957179752 0.7880387368863065 0.049457384330011324 0.09186612739018081
4 0.8041661543835351 0.5371129942875621 0.06325906847545255 0.11297966378737563
4 0.7464621668789198 0.9568232067368043 0.043307513879660677 0.08635358652639127
4 0.8585673504060519 0.7531873796973076 0.03781897748246621 0.08022772054263569
1 0.10393470543558267 0.9487948527131789 0.04493057063492082 0.06979086829088246
1 0.10950238742155552 0.8863949822628282 0.04573160703211539 0.08229086829088246
4 0.8278563733850113 0.6570843352805487 0.060094495681063266 0.08787953423772628
4 0.12851411474713806 0.4428254549649321 0.07503717766703617 0.15108044108527144
4 0.01691978485603508 0.3579021375692138 0.03383956971207016 0.16267927513842756
2 0.7199506431247682 0.4924933042820248 0.06365958667404978 0.11922966378737562
1 0.08457223859357474 0.8714615946936142 0.05172079117755655 0.10290375693983052
1 0.1275026133628621 0.9593883428433003 0.03958173658176469 0.08122331431339944