4 0.8959342825827765 0.5811692261996416 0.05394425469445352 0.20678851087441502
4 0.9687627079090042 0.6305206273785053 0.04293402936027135 0.2000928419010542
4 0.9282831585773679 0.6196759692795595 0.059994260025453626 0.18985567885919252
2 0.8543916725811858 0.5945751515987932 0.04465906667727211 0.07990767589344294
4 0.8112256646244566 0.2777351614846248 0.027417022676635837 0.0745198389353046
4 0.7882517886298653 0.23884641642754073 0.027507929344363014 0.08233233893530463
4 0.8473802459420934 0.39183215357595946 0.027671561346272 0.09639483893530461
4 0.8671847632877295 0.30044314962162677 0.016515885343726923 0.07719916996194395
4 0.7630608846276381 0.25627133836665095 0.02272952267663584 0.07432883794672147
4 0.8899586446133206 0.3565193946787109 0.024328385343726923 0.07751750494291584
1 0.6632785132877294 0.3087516926249948 0.03224997334499946 0.08721083992388783
4 0.7170858606381377 0.18083759825248272 0.027398841343090473 0.07295733893530469
4 0.8728984139481387 0.3462822316368492 0.030760198679181273 0.09339717292769345
4 0.8186467186107752 0.37816624300555574 0.04518632535009024 0.12522017589344295
4 0.8361256672899564 0.2853102395455146 0.017842028007635947 0.05695033695813834
1 0.18203869863941033 0.1932685444490618 0.03713746801399935 0.104589340912471
4 0.8875234406031393 0.4315830616749053 0.017969297342454383 0.06788783695813834
4 0.8532404419557746 0.29085990258737626 0.021076116008908484 0.06645267095052709
2 0.825803595918231 0.5684092410283894 0.03986247867599957 0.07034167490485962
0 0.8119314525780041 0.6197316604960417 0.06273745202099903 0.1571705128515813