4 0.9471852964461973 0.5191360938630473 0.1056294071076053 0.2140918630553575
4 0.9947856968254996 0.5445147964374135 0.010428606349000802 0.1993321420651398
4 0.9707582654619514 0.5454479648814997 0.0584834690760971 0.19746580517696727
2 0.9244881407760615 0.5429152281062666 0.07107751666989941 0.08966871572854576
4 0.7429999272806622 0.25320944404657386 0.05312474212409235 0.07929265785015546
4 0.7054203078856061 0.2214743256589573 0.05532497091226496 0.08719616311182729
4 0.8272151727387345 0.3514187018684945 0.061032836973341276 0.09996917889684287
4 0.8049737687959313 0.2599291518826119 0.04374974212409235 0.07874662628012441
4 0.6894922900077587 0.24542776514973103 0.04843724212409235 0.0790196420651399
4 0.8507963228885156 0.3069175439477519 0.051689787881726804 0.08076415258848364
1 0.62420187198013 0.3123807757436619 0.06208515394280312 0.09381018415851469
4 0.6130894156117327 0.18577277311282597 0.05143469636645772 0.0776391525884836
4 0.8301649584944293 0.3018282255460178 0.06246779121570674 0.0984976841585147
4 0.7949288312234654 0.3464280940042216 0.08858375212603171 0.13267526308359248
4 0.7702161315230278 0.2532395361258312 0.03753169303247787 0.05972361049510884
1 0.1256685192549733 0.33932708148532653 0.07273561151914841 0.10998121572854576
4 0.8815358819820698 0.3786861281345014 0.041549513335919386 0.07084312101845258
4 0.7881848815230278 0.2542860966350575 0.044546967578284934 0.06946263154179624
2 0.8857764560785334 0.5258873518261422 0.0639346963664579 0.07836719468185845
0 0.8970804889592902 0.5786406255036656 0.11638975879399176 0.16850634727034208