4 0.8546417655826378 0.6437312690891327 0.09665108576539297 0.2096672471502085
4 0.9020750039137081 0.7051058333936814 0.08507585697722035 0.20160017401194458
4 0.8727541657324188 0.6903341653656605 0.09850062818904774 0.1941149823325695
2 0.8154515908870493 0.6060305941272576 0.05988492515463042 0.08404899810013902
4 0.8293856425637376 0.3394425061713549 0.033864559093554195 0.07096711664125
4 0.8159607424139562 0.29294871266836875 0.04425992515463042 0.08368532218833336
4 0.8433209836199648 0.45639427003906324 0.0342471963664579 0.07565461664124999
4 0.8837385605913661 0.4119364084318063 0.03281224212409235 0.07718074905006947
4 0.8748581549815733 0.511136974636216 0.0373721963664579 0.07572735182361115
4 0.8948515327115791 0.438808032956841 0.0407522878817268 0.0789250870059723
1 0.6685119154425548 0.33491539427975753 0.051020108185168486 0.09008079255305557
4 0.765561871810952 0.21037129559027842 0.04193215060882309 0.07427395459715277
4 0.8665988580159908 0.4013619311332299 0.049967791215706825 0.09629442496187508
4 0.8109548937716855 0.4501618006242715 0.07126870636839726 0.1279808360560418
4 0.8458556654425549 0.3390431158787507 0.029719193032477876 0.058394381458888846
4 0.7946119008986873 0.2955827501874312 0.0391897878817268 0.07888871941479163
1 0.266900844390207 0.105619446047778 0.052168020003879344 0.10414329255305557
1 0.22278418257149618 0.1186818372903127 0.057110611519148424 0.10737739532659725
4 0.8623894612001894 0.3378624755861466 0.032174513335919384 0.06936824905006951
4 0.8687351849873922 0.35601306354204937 0.03517196757828493 0.06787848423243056
2 0.779545912857481 0.5856265219389243 0.05443215060882327 0.07456489532659738
2 0.7241095005797282 0.7181837955902785 0.06364765394280311 0.09193423328249999
0 0.752792352096937 0.6640599932535771 0.07401106909549374 0.12336607123840296