4 0.8802778763931715 0.6830326218654985 0.10569447241000382 0.21354583148532633
4 0.9483483193142626 0.726821148244445 0.09442959019601886 0.20353379465362345
4 0.9116469274816303 0.7070392692628975 0.10671133538669508 0.19801183674699843
2 0.8444395801140356 0.6655489902531151 0.06232143992586643 0.08783319994353037
4 0.8645040211362103 0.3434163850196782 0.04642362141421188 0.07911064732681172
4 0.8504489556197807 0.29961317711305296 0.048258939925866426 0.08701415258848363
4 0.8772991762156861 0.463228356080483 0.051820449544512925 0.0996961631118273
4 0.9142510499921508 0.3780952219078509 0.03704862141421188 0.07856461575678067
4 0.821870087833766 0.3106717744539822 0.04173612141421188 0.07883763154179624
4 0.9257540343830541 0.4384866903378198 0.043353185116542646 0.08049113680346806
1 0.7296553059826005 0.31525983489262127 0.05467263103285873 0.09206567363517096
4 0.7959945793962454 0.21980385074822398 0.04480655771188111 0.07745714206513996
4 0.911173179210911 0.4244619876928664 0.053328385842182156 0.09822466837349922
4 0.8523710980853849 0.4443264376363967 0.07634922359113006 0.13231124203690497
4 0.8876513444571879 0.3561593087254364 0.0317063569862416 0.05954159997176518
1 0.299531263246844 0.0811920029131846 0.06308533175849824 0.10970819994353027
4 0.9087327146902735 0.5114992561087178 0.03521330290255768 0.07066111049510884
4 0.9028497585223384 0.36545100873955383 0.03833830290255733 0.0708431210184525
2 0.8213914605139223 0.633229313916521 0.05730655771188111 0.07818518415851479
0 0.7951315500769688 0.7106941612574503 0.10934526206571746 0.18413134727034208
1 0.3245858269491748 0.08129841872643502 0.05661707694917482 0.10309417889684287