4 0.8970807756910796 0.5917908173638496 0.07600697241000383 0.2090125357138149
4 0.9628595431142749 0.6109186927692389 0.03979665389834963 0.20057274431795716
4 0.9349527979235983 0.6041777690681329 0.08009427168436431 0.19190685633066593
2 0.8581546849469067 0.5872027288900911 0.052837312521204535 0.08212275324641087
4 0.7722296309480408 0.2495606327056948 0.03543155771188111 0.07557274431795716
4 0.7455679272271765 0.22955209577406385 0.037266876223535306 0.08341251785690747
4 0.8240872529104071 0.3763237301079071 0.03775794954451328 0.09747501785690753
4 0.8308308154316114 0.29514191395528294 0.02454862141421188 0.07694432954530477
4 0.7275173316736802 0.23158220007613495 0.03074405771188111 0.0754909237011061
4 0.861061463254693 0.3472635215037648 0.03241568511654265 0.07864319724005639
1 0.6410515528177396 0.26759579220334145 0.04211806733052796 0.08818183847375849
4 0.6753943256832304 0.15719012621287307 0.03381449400955035 0.07398297077900677
4 0.8425842817663474 0.33912373903636084 0.04077382213985139 0.0944045649348082
4 0.7928099710592414 0.37655950932890025 0.05910715988879929 0.12751707386326191
4 0.7984275431990928 0.28285041963732577 0.023839293283910833 0.05663182954530477
1 0.15769590499465788 0.20756485835926086 0.04740576805616734 0.10545115909060954
4 0.8648660203336022 0.3950152288900911 0.02583830290255733 0.06915910308425514
4 0.8162871657944312 0.28628906533525467 0.028908739200226564 0.06765115016215581
2 0.8253521086307043 0.5639600978026588 0.047822430307219575 0.07266593262955982
0 0.8459795779606651 0.6448379508869138 0.09846232576804859 0.18129663879807012
1 0.18332338757146274 0.1900324849824663 0.04250001324684387 0.09911933847375849
4 0.7758531387525891 0.28011120332254585 0.041354175497895974 0.06630683847375848