4 0.8729555997809297 0.5126309340320561 0.062100026144509005 0.1414640620344933
4 0.940049856629407 0.4342191437091845 0.04929329544054113 0.19847604135632882
2 0.905213837958075 0.39731630313864397 0.05120914772027056 0.10047518899896399
4 0.8024636557949256 0.6151886997478219 0.042307744400922685 0.106288541356329
4 0.8338203995711483 0.604889054586386 0.036176143571085714 0.10755994292790536
4 0.7634925537156889 0.7983993060341281 0.022397063487172984 0.0695505206781645
4 0.7247959840047384 0.8538295146777992 0.03115675684847723 0.08241439371369381
4 0.7870601082797922 0.8081210624442688 0.026610966806520864 0.06351884449948209
4 0.813966150396341 0.7944780934615154 0.021308160167825108 0.07572774607105863
4 0.8053248562051998 0.8050517204259862 0.024433160167825107 0.07587329528527036
4 0.8245610308951721 0.7581232164970448 0.024433160167825107 0.07587329528527036
4 0.8457139804802536 0.7583244236929738 0.02743976099766208 0.07445634449948209
4 0.8472540923077526 0.6862674871752092 0.027558160167825106 0.07601884449948208
1 0.5403985958322376 0.7731123999144375 0.03451855518880329 0.08568494292790554
4 0.6481966725921579 0.9231745200544828 0.027321361827499047 0.07289384449948208
4 0.8022842118089215 0.721021322783351 0.027558160167825106 0.07601884449948208
1 0.19157889707234865 0.948163633993784 0.030091164317010043 0.06835189371369381
4 0.7807303657529694 0.6329926298554456 0.0447223493799445 0.09705909057054055
4 0.12928014522147083 0.2804238622821623 0.07287250539858475 0.18089043507002261
1 0.14607714292316376 0.9382042830841613 0.03392655933798818 0.07787244292790554
1 0.21472039914694108 0.953161503100372 0.023841164317010045 0.06806079528527036
4 0.7680392663730249 0.7280504187305752 0.03873245850815117 0.07965326674922295
4 0.761657366578162 0.8226180560341281 0.025900571785542857 0.054143844499482084
4 0.703335381100309 0.8473419201783173 0.021308160167825108 0.07572774607105828
1 0.043345074461613245 0.8040582613725394 0.041952546890433526 0.101601041356329
1 0.020535459109629183 0.7739876176588458 0.03894594606059656 0.10301799214211727
1 0.24124701034974025 0.9755651960282773 0.022065176764564674 0.044623295285270356
4 0.8366083157622584 0.25770368547979816 0.05850142946385688 0.1350685128202816