2 0.9238740758528664 0.5310566818411551 0.0925198606144388 0.14629598997087018
2 0.9343279370154594 0.47282664469413654 0.06259425843752027 0.09391513605166182
2 0.9860268131541767 0.49723326279910973 0.027946373691646542 0.12310253087881229
4 0.9692658990890262 0.4889433896795715 0.061468201821947586 0.14905727711788863
4 0.8387996382892527 0.2850789406166437 0.06125001324684405 0.1001196719450392
4 0.8093303930985764 0.2904651225908127 0.06319445916315977 0.11110263605166182
4 0.7448363287632733 0.1644960044858395 0.05623513103285873 0.09060827962517118
4 0.6927455499073327 0.12551842102060237 0.05300100362819702 0.08739235141192578
4 0.6713492103442863 0.0491916017411302 0.039573420688572544 0.06046613855894435
4 0.6640823473675947 0.0645892812080168 0.03472222958158007 0.0556422462390763
4 0.6888640925582714 0.059066706913979694 0.05272818511654283 0.0795798514119258
4 0.7181076484560539 0.09191631083318796 0.050094258437520446 0.09355142319868044
4 0.7428075480932342 0.08404998653915084 0.04017362141421188 0.07765363855894433
4 0.7630481262235354 0.10493078787193437 0.04486112141421188 0.07779003087881238
4 0.8041022013586115 0.1630986405375014 0.06012402286549081 0.11257420783841651
4 0.821126010251619 0.1589112457103509 0.05877977767481433 0.11877874373179384
4 0.8312450547166563 0.13579199445670964 0.04647818511654265 0.07939799498543508
4 0.7886929669677082 0.1017746956312086 0.043134930307219224 0.0730570667721897
4 0.49831104754508004 0.27907401537289916 0.05467263103285873 0.09056281551854842
4 0.5320684886520726 0.2847389936652868 0.053055567330527964 0.08895485141192579
4 0.8232515385594054 0.3985731392838602 0.08281747840045348 0.13664820533113406
1 0.0781225770339928 0.4268412963182186 0.0630853317584982 0.10797763605166182
4 0.07924116604888512 0.7047162437317939 0.09949903611233468 0.21205738229073817
4 0.5938417692372937 0.042253628463307484 0.05330853847458741 0.051500315518548466
1 0.0902480656012474 0.3717817232778227 0.06442957694917477 0.10177310015828453
4 0.7753050787632734 0.1653825545649818 0.04647818511654282 0.07939799498543505
1 0.10079369600113401 0.33852895407749284 0.05628969473518963 0.09217077962517113
1 0.05109877476440731 0.47990646034569895 0.07491569836338671 0.17856292069139795