2 0.8578407189946663 0.6083201402140015 0.06582096302712266 0.13783634328594588
4 0.8992609214984453 0.4741405829342133 0.07499854195220053 0.16131929508134402
2 0.9499750110880409 0.5963519262201592 0.03816639988706072 0.1189318071815924
2 0.9155390979056266 0.5703615979613279 0.05747784200867016 0.10186248184962743
4 0.8578763292780135 0.3527650318027452 0.0430513209619825 0.09553066861791085
4 0.8266718319088495 0.3518019746211528 0.042216863055357476 0.10802157825883123
4 0.8100744080619171 0.1805536885167993 0.039380289391951706 0.08613748789975158
4 0.7622354185146735 0.10290541148763213 0.02496917889684287 0.05325226502711465
4 0.7890709342996891 0.09837244759198563 0.036164284130279965 0.08455680718159235
4 0.8045825422345491 0.14066448672140122 0.03193181043863902 0.09234203610435351
4 0.831236047496221 0.1392565228257547 0.024771757821920558 0.07668067466803503
4 0.8447147185711433 0.16278038123701108 0.029368252560248463 0.07514544574527386
4 0.8643755002117615 0.22776048662320533 0.037711373578701315 0.11111930718159238
4 0.8823442502117615 0.22786502575262096 0.034950394625388626 0.11735112646343308
4 0.8999335686134955 0.20764797452295697 0.03102175782192056 0.07671703610435347
4 0.8703139580477994 0.16605537216182478 0.030657736775233247 0.07046703610435352
1 0.5315252028567148 0.2398912853187866 0.03790879465362344 0.08769089754067201
4 0.8048052662085385 0.44545652585081685 0.05471686305535748 0.1080943011314682
4 0.7016766210890397 0.04237645676536779 0.03414675782192056 0.07673521682251275
4 0.8356967633659412 0.2236860649802324 0.031021757821920914 0.0767170361043535
1 0.06043072383281509 0.156654520979043 0.03810621572854582 0.06426248789975161
1 0.08023571864173042 0.23257667154477707 0.038925263083592454 0.07832498789975162
4 0.8158099266189428 0.32360425174851587 0.05316977360693613 0.08153180113146812
4 0.14302008482203413 0.6440186864736959 0.06158848933548198 0.14562157220870695
1 0.05774606861349554 0.202748270979043 0.025697220990217668 0.06575226502711465
1 0.02416882270092377 0.7776800932859459 0.04833764540184754 0.1566136143631848
2 0.7204533820359064 0.48482303199913696 0.04361276308359248 0.07835225897699054