2 0.8572993413285654 0.3379252482162101 0.06671719123481452 0.1406851841585147
2 0.8799269055603712 0.3902389061369528 0.0467177580585183 0.08977513154179614
2 0.946117833552871 0.3444111956700788 0.047889278793703485 0.12093412628012432
2 0.9252879237036582 0.3603925114409769 0.06400229434509228 0.14519067363517096
4 0.8239428713000475 0.5948122850479131 0.044276263242314685 0.09740562101845249
4 0.7933374202632884 0.5981493876505141 0.04367067049962934 0.10825211575678076
4 0.7557315305836126 0.7348072244680997 0.040194355984999854 0.08628611049510884
4 0.7083111434958351 0.868150345486552 0.027753144580647947 0.06846157366340577
4 0.6965336049001869 0.8517363902107629 0.02496033524981467 0.054308068401734036
4 0.7227543523082888 0.8540955507623413 0.03706935598499985 0.08610409997176519
4 0.7444140303007887 0.8108614902531152 0.03306536116879606 0.0936435841867496
4 0.7700585792640295 0.8109224034355297 0.025448350801203647 0.07765456314006229
4 0.7862399453337979 0.785884606080483 0.029999149764444333 0.07636507892507768
4 0.8154188888776867 0.7188945271554052 0.0393932736099071 0.11266659997176517
4 0.8333876388776866 0.717847966646179 0.03525257775694435 0.11864358418674961
4 0.8473038759181961 0.7364691640294605 0.031698350801203645 0.0780185841867496
4 0.8123629479256961 0.7804767692628974 0.031151546654166397 0.07176858418674961
4 0.48694186583342736 0.6976081452606732 0.038768557021759166 0.08775760523343692
4 0.5119903839767143 0.6689448189664314 0.03706935598499985 0.08610409997176519
4 0.7828578329872233 0.5047102007905763 0.054608170499629335 0.10888915258848364
1 0.06182499717176071 0.7503500685429083 0.037674948727685044 0.07525760523343691
4 0.6271397644665759 0.9164051059393088 0.03550685598499985 0.08601309471009344
1 0.04906186555060339 0.7985068474821035 0.03964755183796281 0.08003611049510866
4 0.7853212857674089 0.7253111271271704 0.031698350801203645 0.0780185841867496
1 0.020048308811668233 0.8103011921921969 0.039979742507129504 0.06606461575678076
1 0.043690151837177366 0.7444108816829706 0.03964755183796281 0.08003611049510884
4 0.711786749480835 0.7840028586407317 0.034003144580648126 0.06882559471009345
4 0.7783768016016217 0.6270024297438889 0.05384675287472209 0.08241765785015538
2 0.7075447661635195 0.4593514691358406 0.04855366013203692 0.09299113680346807
4 0.1462251402918063 0.38089514227690147 0.0641389953818516 0.14675317363517104