4 0.9405653547157635 0.45496267524344186 0.0748369185677376 0.14604167549789598
4 0.9954683960502037 0.5094839949362225 0.00906320789959274 0.20130952885594056
2 0.9768574996124038 0.5763639600898323 0.046285000775192486 0.10503472958158007
4 0.8620317396640835 0.3535663555506613 0.04683303207825773 0.09829365626060227
4 0.8934016556109275 0.3665648633552096 0.0459714389258032 0.10917659255827132
4 0.8078787584809899 0.1683208255135944 0.031068329734219448 0.07124008293962455
4 0.7705802151439649 0.11168144511370777 0.03988212523071262 0.08713790145127884
4 0.8297339720837954 0.15502965182979697 0.03379281153562204 0.06509921034428627
4 0.8519396391103733 0.14720722814599957 0.028343847932816857 0.07738095553496285
4 0.8391392504614252 0.14295623776464642 0.03146884793281686 0.07749008293962456
4 0.8736131824473983 0.20439224556919472 0.03146884793281686 0.07749008293962456
4 0.896088959745294 0.2130033537365627 0.03373225478036197 0.08848214664195542
4 0.900244336055741 0.27784710373656274 0.03313147748246621 0.07910714664195542
1 0.571839931367664 0.23607135382138072 0.04380816162790726 0.09974702885594056
4 0.8457732888612046 0.4786308429367896 0.06249760487264737 0.12378472958158007
4 0.6778129218069401 0.05697907614656657 0.03283108883351815 0.07441964664195541
4 0.8516077745201187 0.21533966925299214 0.033031347932816854 0.07754464664195541
1 0.18168889342930994 0.0860490834877787 0.035655700184570094 0.06984127404661714
1 0.1885489651439649 0.13200642423195158 0.03958173658176474 0.08245040145127883
4 0.8369723804725 0.3168575292344587 0.04220608883351815 0.07474702885594056
4 0.22054845311000557 0.729099679041275 0.06712454811738686 0.1473313569862416
4 0.12698822022886871 0.7597718148834571 0.07730058451458141 0.1601587392002269
1 0.14439844694536763 0.12728420789721553 0.04340764342930994 0.09349702885594055
1 0.21248831045588798 0.0779265594411616 0.034794107032115384 0.08072421034428627
4 0.8152091995662613 0.23383669810893268 0.0421059592838688 0.07318452885594055
4 0.7934460186600226 0.15081586698340668 0.03172966378737563 0.05723214664195542
2 0.7747691764304185 0.5069493050951743 0.06255816162790725 0.10040179328391083
4 0.7438873072166855 0.12279255990449775 0.026681218383167504 0.07576389183263199