2 0.8747999768165868 0.5845875740217815 0.08962248407380997 0.14895673658176456
2 0.8938376741292812 0.5269951195182748 0.05996580517696728 0.09412953423772627
2 0.9516200820500238 0.558143792404949 0.046160910410404196 0.1243782387412331
2 0.936541113620055 0.5477674969084558 0.07886699459715381 0.15138082973421946
4 0.8252073134224108 0.33204476248615944 0.05885833148532669 0.10184190468807693
4 0.7952467976373953 0.33482980104282234 0.06105786831702957 0.11287953423772627
4 0.7487119738328151 0.20481283157992075 0.055096294653623444 0.0907041455887783
4 0.6940461316123834 0.07976396436877256 0.03837923151356133 0.07095285009228507
4 0.6835335658414852 0.09869443707087663 0.034435184158514785 0.05669009099298641
4 0.7090795974115164 0.09092150986526579 0.05040879465362345 0.09040375693983031
4 0.732676721131392 0.13007364743447958 0.04764781570031094 0.09645349784053167
4 0.7588674948089154 0.12469453500369339 0.038834257821920556 0.07876535009228505
4 0.7763889237763454 0.14698983959948522 0.04195925782192056 0.07896560919158375
4 0.8088682238328151 0.2086678192414196 0.05802387357870131 0.11424177513842756
4 0.8262832369869948 0.20586299428756213 0.05526289462538862 0.12029151603912895
4 0.8393215632812364 0.18395771590993204 0.045175263083592654 0.08072836829088233
4 0.8023066816688532 0.14629822716869903 0.041686242036904984 0.0742781091915837
1 0.49710470022587894 0.270242362735328 0.05362479991529536 0.09216651603912895
4 0.5210357529131846 0.33058837985419115 0.05040879465362362 0.09040375693983034
4 0.7912124740445765 0.4310236805924717 0.07208637357870132 0.11514294108527143
4 0.015354535798633658 0.633452850092285 0.030709071597267316 0.12099242288667415
4 0.6094359131824145 0.06493190391288456 0.049878173635170955 0.054566386489479625
4 0.7790897185711432 0.2083278577980825 0.04361276308359248 0.08062823874123308
1 0.016771364582537054 0.2648332580195645 0.03354272916507411 0.07165375693983034
1 0.04848591872643502 0.32539932063492083 0.05316977360693616 0.08435401603912904
4 0.7032398501129394 0.16425888031561645 0.04472023677523325 0.07291586829088233
4 0.7787341318241449 0.30867831122185513 0.0675052893919517 0.08994268198597286
2 0.7194215030543589 0.4922930451827261 0.06336382096198286 0.09901729333702498
4 0.170197234850269 0.686073609653009 0.08833299985882563 0.1535441070321152
1 0.024615779221543847 0.290934683065707 0.038288226251889504 0.06939035009228504
1 0.06961486397299078 0.864691160548173 0.09843604195220046 0.16664488433001132