4 0.92109375 0.5300159987887746 0.0828125 0.21082049756436802
4 0.9828125 0.5422199440002362 0.034375 0.20060001785690745
4 0.95859375 0.5387364338539664 0.0828125 0.19363299756436803
2 0.88203125 0.5299165872625331 0.0546875 0.08376707386326192
4 0.76171875 0.20857914976170927 0.0375 0.07721706493480818
4 0.7328125 0.19814621023229056 0.0390625 0.08505683847375849
4 0.82578125 0.32464843466474536 0.040625 0.09758411201270878
4 0.82421875 0.24264445820369565 0.028125 0.0770534237011061
4 0.71484375 0.18986610593021944 0.0328125 0.07713524431795715
4 0.86015625 0.29123591680783784 0.0359375 0.07875229139585782
1 0.62890625 0.2624599005724882 0.0453125 0.08985343262955983
4 0.64921875 0.14960534456613375 0.0359375 0.07562729139585782
4 0.840625 0.2853268360447171 0.04375 0.09607615909060954
4 0.7953125 0.327524018674277 0.0625 0.12765344155801356
4 0.790625 0.23385583929112794 0.0265625 0.058276150162155815
1 0.14375 0.2310845844165687 0.0515625 0.10715002678536126
4 0.86875 0.338742162343611 0.028125 0.0692409237011061
4 0.80859375 0.2358859435931991 0.0296875 0.0677056972400564
2 0.846875 0.5102177418889158 0.05 0.07431025324641087
0 0.86796875 0.5879745491130862 0.103125 0.18461255357072232
1 0.16328125 0.20964991517968948 0.0453125 0.09922843262955983
4 0.76875 0.2334564188364327 0.04375 0.06795115909060953