4 0.9457495070089464 0.6940817453373859 0.05439533016686795 0.2066962812137671
4 0.9969773168243133 0.7340687586733055 0.00604536635137336 0.19968100666795988
4 0.9772208771477064 0.7174553435206147 0.04555824570458711 0.1900189642443051
4 0.9038309226582072 0.5918656700329743 0.0507104081860291 0.1363837812137671
4 0.8369422365438745 0.3545890685157656 0.02876680913596843 0.07391573212215255
4 0.809117129691898 0.29864208639361306 0.029258132066746968 0.08329073212215263
4 0.8761895222740946 0.45036382518372536 0.0349282779283044 0.10242336939505617
4 0.8899001402073475 0.37058060139652255 0.0262150192218769 0.08459814060688356
4 0.7677108796918979 0.29526212381629785 0.022598696291098362 0.07496804909161439
4 0.9322414484388049 0.42148926821620314 0.025805583446228297 0.07678564060688356
1 0.6652885645630355 0.27056539957005304 0.03254690637700648 0.08667082363742162
4 0.7241003205559293 0.22013470699661716 0.027204309135968607 0.07378818636451803
4 0.9118503833099425 0.40348869624577144 0.0313119549975255 0.09279327787978708
4 0.8400063608087054 0.44274277275813106 0.029824698100120627 0.12378818636451801
4 0.9168045561952927 0.49801994624577145 0.027859406377006478 0.086288186364518
4 0.8684412200355311 0.34704750654727357 0.022189260515449404 0.06715554909161439
0 0.9556844711093841 0.9494883341829923 0.0886310577812317 0.10102333163401553
4 0.2582396251693421 0.13309863985797746 0.026870116462914862 0.09709814060688352
4 0.8205426305964091 0.3236898838182375 0.028350729307785018 0.09566318636451801
4 0.8722533740376883 0.5830647548802836 0.038619843961677704 0.1431759151526908
4 0.7844247461548127 0.39153121699855686 0.03672979534115868 0.13679836939505616
4 0.8478332281761313 0.5624015685157655 0.03796474672063965 0.13067591515269078