4 0.9394521579653459 0.6472419444807356 0.12109568406930826 0.21146826805616747
4 0.9669950853909401 0.7129016608154716 0.06600982921811963 0.20171132213985138
4 0.9487792316027676 0.6951610893085924 0.10244153679446484 0.19589783175849823
2 0.8995673733572559 0.6063366914855107 0.06951501666989941 0.08812004809323426
4 0.9319663166795976 0.3121848982015999 0.04323955909355419 0.07162202885594056
4 0.919785438949592 0.23974690301092333 0.055324970912264605 0.08606647477225648
4 0.967616903193897 0.28821911934565936 0.03466178454774678 0.061974210344286275
4 0.9751741827406739 0.3232116782386668 0.04218724212409199 0.0778174651536097
4 0.971092589558415 0.3116020556433285 0.04349465060882309 0.07474702885594056
4 0.982508966370337 0.3612201097270125 0.034982067259326045 0.0778174651536098
4 0.990106184552596 0.38411197270370395 0.01978763089480786 0.07798115626060227
4 0.9754695997052867 0.4485390604526519 0.049060800589426634 0.07965278366526399
1 0.7463476810736841 0.32258422877897175 0.060522653942803116 0.09248016587924912
4 0.8402256136451804 0.20570177442513526 0.0498721963664579 0.07652778366526398
4 0.9465865392588526 0.404908111541111 0.06090529121570683 0.09716766587924912
4 0.91860506047068 0.39805047633190105 0.08545875212603207 0.1307440577118811
4 0.9461405159209935 0.2842682293271259 0.03596919303247788 0.05890377404661713
4 0.8961566203131401 0.23822160854588614 0.0485647878817268 0.07959821996293312
1 0.347496624396026 0.04801833199016627 0.06466802000387925 0.09603666398033255
1 0.30382637272903606 0.0421825215995464 0.07015274545807211 0.0843650431990928
4 0.954845836224435 0.2949329108154716 0.039987013335919384 0.06995040145127884
4 0.982038657506304 0.33538429602468167 0.03592268498739202 0.06849702885594056
2 0.8631516412351032 0.5825370929367896 0.0623721963664579 0.07696429328391083
2 0.8109828476035007 0.7112821410300237 0.07484024545807202 0.09609623920022674
0 0.838023837601561 0.6586283669834068 0.08989116061076281 0.12778274881887378