4 0.9068454965771398 0.38409229985492194 0.08723469764227261 0.14734769867214012
4 0.9591209792583438 0.3039598931408678 0.08175804148331238 0.2004545179539809
2 0.8897150519006167 0.2512116221618248 0.06995435574121842 0.10663179508134393
4 0.8741205212917194 0.5010616312370111 0.06070668973360753 0.10970225292686617
4 0.9007002673373865 0.4824707125209044 0.05601918973360753 0.10967498184962743
4 0.8988525603407547 0.6863178751868869 0.03567751482874755 0.07050339754067192
4 0.8811185736866275 0.7494809505188519 0.045625517794497125 0.08462043969514958
4 0.9247611443331435 0.6895928661117006 0.03861151384016459 0.06583407825883114
4 0.9458084733826164 0.6694076311388152 0.03436968281352506 0.07674430718159223
4 0.9408490593521716 0.6818758148820365 0.03905718281352506 0.07677157825883114
4 0.943499215473951 0.6319030859592754 0.03912084980971962 0.07833407825883114
4 0.9635888809872707 0.6265525106273104 0.04218218281352506 0.07678975897699054
4 0.9412244496566202 0.5569076311388153 0.04068334980971926 0.07834316861791084
1 0.6752214007589341 0.7186026134794219 0.050504018783080265 0.08933521077238851
2 0.7855634041817942 0.3404281373853312 0.06456651878308044 0.08941702400410509
4 0.8315270919754163 0.8358906283101449 0.0389298488211363 0.07364657825883114
4 0.9102582925462576 0.6020292335981432 0.04068334980971962 0.07834316861791084
1 0.4108219556253003 0.9760226653964569 0.04109984387822045 0.0479546692070862
1 0.38241045414242547 0.9689050569852007 0.044797846843970035 0.06218988602959854
4 0.860199942736538 0.5236315228257548 0.06351335475263546 0.1019079336450254
4 0.12239224212851565 0.3584397347764936 0.1060138725471326 0.18651019262201593
1 0.3480036206443283 0.9680147226762452 0.051111513840164415 0.06397055464750956
1 0.44663212163291155 0.9730022045258725 0.04135451186299797 0.053995590948255054
4 0.8796767960062987 0.6182536764165508 0.053438017794497125 0.0846658914905479
4 0.9052763152836706 0.7097871914436655 0.035168178859192524 0.058003397540672096
4 0.8584623236866274 0.7493491403121973 0.03430601581733086 0.07518180718159222
1 0.2110036863479284 0.8846118702169171 0.06051568874502422 0.10501475292686635
1 0.16701626440881814 0.8593618853422278 0.0590168557412186 0.10656816256778683
4 0.7923678666156335 0.1623849506170477 0.09032520555093822 0.18485678903121974