4 0.9203909589534712 0.3845730194541308 0.11211684697528099 0.14960110534690846
4 0.977470780005819 0.4182582234643121 0.04505843998836205 0.19613066000954507
2 0.9767770081900178 0.5009798167965849 0.04644598361996444 0.10872156667727229
4 0.8166762854658309 0.3092179361075405 0.07924070303441733 0.11019316000954502
4 0.8494250125870135 0.3088184941119948 0.07442565727678314 0.10857611600890867
4 0.7112877995506564 0.14642648742835926 0.04623701333591956 0.06922271467218155
4 0.6549103827309757 0.10596457208781414 0.060012470912264956 0.08499316534054513
4 0.7294160462166766 0.1294662540976773 0.04923446757828494 0.06769657733927245
4 0.7594861834895801 0.1344991994350408 0.04843724212409235 0.077053396005727
4 0.7471297047014074 0.12655033943344993 0.051562242124092175 0.0770897586728179
4 0.7831308486422708 0.1659946474379043 0.05156224212409235 0.07708975867281787
4 0.8020243698540981 0.15840941410722237 0.05468724212409208 0.07712612133990877
4 0.8310738831900177 0.22743213411040403 0.0548147878817268 0.07868862133990877
1 0.5169156594028148 0.24172825473422418 0.06664510818516849 0.08975339067472687
2 0.8554352518361679 0.4876247467774949 0.07783769970043757 0.0930056600095451
4 0.5586254430324779 0.06425778274186017 0.05286965060882309 0.07398294000636334
4 0.7764183340984033 0.2080639687698589 0.0532522878817268 0.07867044000636332
1 0.13609635197625067 0.1756368940165447 0.05430460485118864 0.07243862133990878
1 0.12024808243141331 0.19184314934754482 0.059884925154630377 0.08343066534054513
4 0.7901297609200235 0.29954294410404064 0.08029302000387925 0.10396134134309047
4 0.3288396404861973 0.8444334420353166 0.13705294515850977 0.18735564401654478
1 0.08805733576539321 0.20863975067631774 0.06288237939699584 0.08190452800763603
1 0.16307344015753986 0.16190165802036272 0.052742104851188645 0.07242044000636332
4 0.7424259713713068 0.2123514794318591 0.06639001666989941 0.08662839067472694
4 0.7009084089437729 0.12445149009385932 0.04534419303247787 0.05828521467218155
4 0.6380257716708693 0.11903673675204154 0.048309696366457724 0.075490896005727
1 0.054574640317019404 0.3721568106699544 0.0571106115191484 0.10681362133990877
1 0.05047694274261373 0.4080124946689999 0.043048111519148405 0.10664998933799978
4 0.9633122338737315 0.6225184621259942 0.07337553225253686 0.15105451734563574