2 0.9321949400710619 0.5651963107892671 0.08088923111680728 0.14304202267663585
2 0.9479560589088258 0.5083832367918124 0.0547494549975255 0.09120680267345413
2 0.9943143232694627 0.540333218133312 0.011371353461074563 0.12073067067154533
2 0.9788564196059897 0.5292229954646304 0.04228716078802073 0.14607611600890866
4 0.872095164517607 0.31230712078290374 0.05359639077317446 0.09900112133990877
4 0.8417901888278665 0.31507758477876757 0.05416960085908258 0.10993862133990877
4 0.7904213613745322 0.1840906667727224 0.048335680687266167 0.08800907733927246
4 0.729964138964152 0.058463410765404546 0.033290534825708915 0.06909544533736345
4 0.7207905348257091 0.07709523209735916 0.03099105042954129 0.055014764003818016
4 0.7461623490500603 0.069582724100859 0.04521068068726617 0.08797271467218155
4 0.771687971505869 0.10969919410404065 0.040850729307785015 0.09416817067154523
4 0.7971826164629148 0.1045304361075405 0.033699970601357876 0.07690794533736343
4 0.8155165366347313 0.1266054307765404 0.03682497060135788 0.07694430800445433
4 0.8507823292623566 0.18869689811422202 0.04964587516934209 0.11300907733927246
4 0.867846998529662 0.1865531427832219 0.046848423789861114 0.11922271467218155
4 0.8799818283578453 0.1648326841183582 0.04003185775648745 0.07854317067154523
4 0.8412977866347315 0.12690542278004024 0.03814180913596843 0.07227498933799978
4 0.5318895663720579 0.271652112070315 0.046855067842395924 0.08955339600572695
4 0.5596803736990041 0.2953986947405875 0.04521068068726617 0.0879727146721816
4 0.8413165552907813 0.41032645011135854 0.06518898801421216 0.11162839067472685
1 0.11165230947465285 0.2979931520130449 0.04463747060135783 0.07703521467218159
4 0.05792528041469497 0.5987465826702726 0.05926653663473138 0.11780566534054522
4 0.6468683559474653 0.0371963907542687 0.04373671189493056 0.059847714672181564
1 0.09361163839832518 0.2517175886775904 0.0464456320667471 0.08174089600572695
4 0.8210538856847919 0.18757020277685857 0.03846935775648745 0.07852498933799978
1 0.06437783977780617 0.24513123400699968 0.04570864767057934 0.06767839600572705
1 0.0949151888278665 0.30638690734404495 0.0480081320667471 0.0817590773392725
4 0.7429797953411587 0.1429384080999045 0.03962242198083885 0.07073067067154523
4 0.8239918571906607 0.2883241807765404 0.06223440637700648 0.08504770934118148
2 0.7734164043408417 0.47043669943504074 0.056475729307785195 0.09434998400699968
4 0.23258444368910655 0.6538715293602715 0.07809177973732646 0.1492556600095451