4 0.9082979524946472 0.5095673318746421 0.116938762074194 0.20754087468172672
4 0.9622042024946472 0.5089400758673243 0.0510409774344577 0.19740225867281785
4 0.9388803627612038 0.5053065458705059 0.09777958511458991 0.19326019867918126
2 0.8693945768678265 0.5045531152132783 0.0665630258642473 0.0866829346753633
4 0.6980207158889893 0.7845780645687772 0.049102741224511345 0.07710794000636323
4 0.6604608799164697 0.8139115759070952 0.05245506175762493 0.08495680267345414
4 0.7780695802330388 0.6907093385582777 0.05750627461060631 0.09751134667409059
4 0.7598076620489234 0.7815161518937321 0.04124477711788863 0.07545453333863605
4 0.6440008056224327 0.7891115705760952 0.04593227711788863 0.07550907733927233
4 0.8040266749810471 0.7380474152212324 0.047585705331134064 0.07865225867281786
1 0.5695523865803873 0.7173462059198219 0.05888691818411544 0.09127952800763595
4 0.5687674734108368 0.851684843252731 0.04905727711788863 0.0755454400063634
4 0.7836232467678016 0.7414087725573232 0.05902331050398359 0.09596702800763594
4 0.7467286520197934 0.6941979652291866 0.08341555674305993 0.12905224801081766
4 0.7245377517823666 0.7858314818985047 0.0360571719450391 0.05821248933799979
1 0.07551288156582238 0.6793596886537279 0.06715405925034232 0.1069954346753633
4 0.8326350597790679 0.6674258325509599 0.03950042069139812 0.06918635200509068
4 0.7424837697290553 0.786403646562732 0.0410174565847754 0.06764203333863605
2 0.8314626678549111 0.519833217218369 0.06004024122451135 0.07723520934118148
0 0.8548296231860452 0.4414627692155054 0.11924540815498581 0.17945223734881743