2 0.8171527174603167 0.24932970630958265 0.0935869185677376 0.14571384992375008
2 0.8646401843023247 0.323892642005034 0.06205751387966067 0.09193423328249999
2 0.9098105868309332 0.22767095222552003 0.07343510487264701 0.12340243882958342
4 0.8975818946659275 0.2724204077726034 0.10772856415651581 0.195968423062014
4 0.8686594509597626 0.4681147674799993 0.0781621776670363 0.14847517401194454
4 0.8452126565430035 0.5053244799609369 0.06325906847545255 0.11068423328249999
4 0.8560326357235125 0.6408073850711797 0.057269884330011324 0.09026263050895836
4 0.8310838980620137 0.7014545975521174 0.05394462523071262 0.0870648953265972
4 0.8559151149040215 0.7765448633196869 0.04034320018457009 0.06958645459715278
4 0.8386973365263914 0.7652443406182632 0.03475453423772627 0.055414851823611146
4 0.865610289950164 0.7591573415681937 0.05248225478036232 0.08859102773541672
4 0.8716390468899945 0.7137721063858325 0.049757772978959024 0.09476829255305556
4 0.8970896298634162 0.7061589749269437 0.040843847932816854 0.07739895459715278
4 0.9043607117571042 0.6779066883578116 0.04396884793281686 0.07747168977951394
4 0.9095476619416744 0.6091385045622214 0.0602341980251019 0.11217399810013902
4 0.9263043653654469 0.6032878948548255 0.05907221622369896 0.11838763050895836
4 0.9426407641934276 0.6161691013518394 0.03781897748246621 0.07888871941479181
4 0.9284991186046494 0.6664236744901033 0.043668459283868796 0.07278418977951392
4 0.5679924151808768 0.6802751542572217 0.05414488433001132 0.0901898953265972
4 0.6041499606773699 0.6638318834556591 0.05248225478036197 0.08859102773541672
4 0.7889707533960861 0.40912293360815905 0.09458821406423076 0.16133884992375017
1 0.16222447409560528 0.7552466251906248 0.06634449568106335 0.08579333605604163
1 0.1565566625599831 0.8193454927818052 0.07882351172019231 0.13444904160312499
1 0.04253373535437224 0.7970366945291666 0.06305880937615384 0.10755923328249999
4 0.015249058453303188 0.5797595819719792 0.030498116906606376 0.21235583605604164
4 0.5454072139165724 0.7283859991469787 0.04619268198597286 0.06348192496187507
4 0.7947785533683993 0.8419347803977771 0.05454540252860855 0.09643989532659711
1 0.09239403301033378 0.8223990640202082 0.07722143892580316 0.1094490416031249
4 0.846595881404576 0.556777877187395 0.06305880937615385 0.10755923328249999
4 0.8820839959948306 0.623819253612291 0.04563147748246621 0.07907055737069442