2 0.9150964319076621 0.4645367715745984 0.07601223370266368 0.14427884890464338
2 0.9310373321450889 0.5563294664808911 0.05102895407749273 0.09047188730530316
2 0.9878733877010145 0.49029294101235515 0.024253224597971013 0.12135817445232178
4 0.9691006556477031 0.5249036217328829 0.06179868870459373 0.19588681301126593
4 0.883430209421262 0.6907666509623427 0.058961126022531826 0.14846624373179385
4 0.8489559210206024 0.7131812085633323 0.04849498746358769 0.11069345909205772
4 0.8105874059769075 0.84320367768452 0.0462959899708701 0.088772994985435
4 0.767351883015654 0.8864392006457734 0.04308006175762493 0.08555706677218992
4 0.7626847665600334 0.9663388515765281 0.03168792069139812 0.06732229684694388
4 0.7512016972805613 0.9484163634196128 0.028108279625171307 0.053897889812585476
4 0.7771875357603634 0.956197771178887 0.04156302586424747 0.08707410266556721
4 0.799465701041485 0.9170359827782271 0.037102846397360875 0.09475021034569905
4 0.8253833433613529 0.9224736405375014 0.03035274122451135 0.0773808539192082
4 0.8411530958686354 0.9010760136570395 0.03504024122451135 0.07751724623907634
4 0.8705845316037282 0.8394852957894932 0.04546091567683312 0.1137275308788123
4 0.8886214777636623 0.842351883015654 0.04251777210332364 0.11988660266556686
4 0.9025392252563798 0.8646133279219468 0.03664820533113407 0.07912521034569905
4 0.8676928638153243 0.9010676534696251 0.034903848904643556 0.07282974623907634
4 0.5344220595795468 0.7414974590255508 0.04321645407749273 0.09024456677218975
4 0.5758055775262354 0.7419210078510518 0.04156302586424747 0.08707410266556703
4 0.8331143091838353 0.5979737457103509 0.07338733887551356 0.16137542069139793
1 0.14422530542291162 0.6107138426364371 0.05709709765100213 0.08440374373179385
1 0.03667121819675078 0.5896308013327836 0.04215405925034231 0.10738660266556703
4 0.04175220862983934 0.36184678213245364 0.06868311850068462 0.21431856426490725
4 0.4994165737653117 0.7724830345732291 0.03927310015828454 0.06202863855894432
4 0.6843468178928169 0.9748769456977155 0.042625420691398117 0.050246108604568816
1 0.06546981960867657 0.6404264231986805 0.0640290592503423 0.10802310015828454
4 0.8324192903792168 0.7618771213371716 0.04992109514371954 0.10605142319868044
4 0.8409424957103508 0.8401839777636623 0.03664820533113407 0.07912521034569905
1 0.12529110048748898 0.6843188271970309 0.04482441818411549 0.09185253087881229