2 0.933112308908826 0.4659820207969382 0.09659611827193722 0.14686013103285872
2 0.9409790405914602 0.4070063248806222 0.06576884215265544 0.09431548439090331
2 0.9886065558566083 0.42678062234088426 0.02278688828678348 0.12340278366526398
2 0.9716680393482647 0.4195410412153583 0.05666392130347049 0.14954862141421194
4 0.8391288562861495 0.2258505833181427 0.06453389077317447 0.10051092068857255
4 0.8090285984842336 0.23394582551359439 0.06666960085908258 0.11150298439090334
4 0.740881706806548 0.11344484175566319 0.05935506784239593 0.09097222958157997
4 0.6631927187923355 0.016912159171009127 0.042010437584671045 0.03382431834201825
4 0.6569393967660682 0.024025254724505413 0.03724105042954129 0.04805050944901083
4 0.680871541723114 0.02609618621285113 0.05549308344622812 0.05219237242570226
4 0.7113336476705794 0.044704815115125286 0.05326884215265544 0.08940963023025057
4 0.7358832683173657 0.035983334942982156 0.04307497060135788 0.07196666988596431
4 0.7572193577564876 0.05182529547652749 0.04619997060135787 0.0780357199629331
4 0.8000110453411586 0.10668392106709068 0.06362648801421251 0.1129563569862417
4 0.8169528838757694 0.10139622034145127 0.062391536634731536 0.11915179328391083
4 0.8258808265488231 0.0776040562763007 0.049406857756487454 0.07970734736759484
4 0.7827958898686632 0.04701874438806837 0.04595430913596861 0.07334821996293311
1 0.5129381705105007 0.22941461525412615 0.05779256784239593 0.09091766587924913
4 0.5346394301214392 0.2701388189749904 0.056148180687266167 0.08930060217691826
4 0.8226174649471483 0.32895822515077466 0.07777087516934209 0.1150099303072194
4 0.07929234735257966 0.6617261844835707 0.0733290366347314 0.11953373920022692
4 0.5769276701718166 0.012271788389769374 0.05385534034363317 0.024543576779538747
4 0.771309513228983 0.11159959956021148 0.04784435775648745 0.07965278366526397
1 0.031964809474652855 0.29630208112552603 0.03641553482570907 0.06989583774894799
1 0.07389335990419417 0.3496254885672546 0.0558206320667471 0.08305060217691818
4 0.6882989393936934 0.080843162081416 0.04743492198083885 0.07184028366526399
4 0.7882690411572872 0.21119037179273006 0.07021068068726599 0.08979167549789595
2 0.7638023869279872 0.4014532732440089 0.06749511646291495 0.09749504809323425
4 0.25893225972248 0.684412172417853 0.09527927973732649 0.15149306733052798
1 0.04413061680159913 0.31935763520921 0.041021147670579336 0.06849702885594056
1 0.19157874264830982 0.8777380756832305 0.10687187697836445 0.16437501324684395