4 0.8378102533097689 0.2914014040679856 0.11124152274507892 0.21135914065150557
4 0.9057640407371563 0.24369307956588152 0.09986737510244374 0.20160219473518967
4 0.8695161716305684 0.2659028962634372 0.11207627667402065 0.1957887043538365
2 0.8244690372224996 0.37623027185400043 0.06486732878371626 0.08650298439090331
4 0.8546465729972572 0.6691643055192644 0.04731595574818712 0.07809028366526398
4 0.8277737038906693 0.6917015044308052 0.05080482878371626 0.0860119110699257
4 0.8557639249403373 0.5275670825611064 0.054512025640563164 0.0986210384745874
4 0.8859179977281976 0.6193924840123852 0.03794095574818712 0.07776290145127884
4 0.8118939927657989 0.6966246174074967 0.04419095574818712 0.07798115626060227
4 0.9201881439230906 0.5556400080590024 0.045826230355292805 0.07959821996293322
1 0.7040258347840815 0.7108557537978332 0.05734592721213971 0.09248016587924894
4 0.7798391639820826 0.7800174707655414 0.04724318114108108 0.07652778366526398
4 0.8973478033525503 0.5924033980775357 0.05600175103345748 0.09711310217691818
4 0.826530189208361 0.5335889040679855 0.07940501778268043 0.13068949400955016
4 0.8477095223353034 0.6164931733052793 0.03394266046291676 0.05890377404661713
1 0.3180197524857086 0.9172644333872622 0.06588617328319835 0.10837798439090349
4 0.8782232758499602 0.4821826606914075 0.05095037799792799 0.08913691106992569
4 0.8771958151393744 0.6386509155007309 0.03913958271265798 0.07000496515360961
2 0.724421995451886 0.2561409719466677 0.08601889081820957 0.13872024881887363
0 0.7863269900752026 0.18709336078407476 0.12741017824559703 0.19008434137714506
4 0.3460527072004383 0.9370238618803832 0.059345074854774894 0.1019097295815797
4 0.821981776264245 0.6312451540679855 0.05163958271265763 0.07044147477225664