4 0.8859758022116226 0.7374810589728679 0.09964651775758923 0.21584788273097572
4 0.9324735523098185 0.8061511817019038 0.08865447560311139 0.20558006242753413
4 0.9028860462596944 0.7865403123068477 0.10111811416679295 0.20035042848861034
2 0.8487166967272326 0.693013710789639 0.05986587939029917 0.08922173879011233
4 0.8965194342342006 0.40302631063985783 0.03634656615858276 0.07324605242559432
4 0.888348385931403 0.32966855897286784 0.04580337939029917 0.08807382697140156
4 0.9333745396203948 0.3825861359442694 0.026917024004104916 0.06310577787978708
4 0.9386387565411034 0.41818879609599025 0.03325792759490156 0.07924096091032524
4 0.9355864794137403 0.40543370458072125 0.034802246876741806 0.07624350666795973
4 0.9477955879231927 0.45645407064179755 0.03482042759490156 0.07936850666795969
4 0.9640700277165383 0.4804495510969601 0.0395079275949012 0.0797511439408634
4 0.933228572994274 0.5420249088230866 0.041079517953981085 0.08144118969849785
1 0.7186807805452087 0.33926734426952077 0.05208065046753827 0.09327151000193971
4 0.8427773315784808 0.23606220912264905 0.042623837235821325 0.07844373545613245
4 0.9053535578689633 0.4967603351856651 0.050554511903856535 0.09939396424430527
4 0.8788319644848217 0.4875608073058779 0.07262040944452863 0.13399210485118865
4 0.9115268106976337 0.37611299533738596 0.030023843285945873 0.060235869395056166
4 0.8641387262904825 0.32612909972953263 0.03951701795398073 0.0813136439408634
1 0.3200534247662309 0.07067813031507975 0.05364315046753827 0.09339905575957422
1 0.2606466085094522 0.07130014152496741 0.059956782981095545 0.10484673879011235
4 0.9200569281840764 0.38775199700437585 0.03321247579950324 0.07142846091032524
4 0.9487268288480063 0.4307365935206147 0.036337475799503235 0.07168355242559432
2 0.8247888382177802 0.6410367515463038 0.06309996369925477 0.10822683030538141
2 0.7632286486208265 0.7430937169985569 0.053624969749379046 0.09027405575957417