4 0.7579481414695848 0.8337504100310348 0.14433363477870334 0.21345620636839735
4 0.7981247906683813 0.9066950563032051 0.13087672752138851 0.1866098873935897
4 0.7684858088116682 0.8841808447285627 0.14167752648462936 0.20082866061076282
2 0.7273912085761125 0.8052906991207095 0.07626855702175916 0.09154951333591947
4 0.853276222666899 0.49060605897286785 0.04976484561740726 0.0723212812137671
4 0.8528948053248155 0.4410046716999643 0.06349515494824054 0.08740414727484325
4 0.8351427943915752 0.6079370801846953 0.05160074769092589 0.07557382697140155
4 0.8857381166818993 0.5782334757925485 0.050311649764444154 0.07857128121376711
4 0.8516181034395846 0.6714414707915787 0.05499914976444416 0.07895391848667063
4 0.8895274980202326 0.6068686588230866 0.05839755183796278 0.08233401000193971
1 0.6862643799242137 0.4659573900271553 0.0702919590952776 0.0941643303053814
4 0.8266535170119912 0.3452299150320045 0.058124149764444244 0.07920901000193963
4 0.8729742765311119 0.5622418139738377 0.0707020622055552 0.0988518303053814
4 0.8066856037224085 0.591451210789639 0.0985727839774996 0.13370506242753386
4 0.8686278205933803 0.49500651654921324 0.04242123732333312 0.05931109818322895
4 0.8320061068799542 0.4369390539718981 0.05669835080120365 0.08064396424430509
1 0.381152963713426 0.08619130213573023 0.07451056738935176 0.10691942182065048
1 0.33641666215828714 0.08489999804314598 0.08117067049962942 0.11211710485118861
4 0.8856102690382415 0.4987532698831931 0.048065644580648124 0.0706312354561323
4 0.8870265060787508 0.5185396113984622 0.049628144580648126 0.07075878121376711
2 0.7196757448626865 0.7495828330596331 0.06919835080120365 0.08166433030538141
0 0.6941487730907421 0.7805459195739324 0.10156108294074055 0.13239765394280312