2 0.8789048162722537 0.6399901078468128 0.08391869665368965 0.1485647878817268
4 0.940631542051966 0.519725663147345 0.0958112015966055 0.17289510818516868
2 0.9695000289346485 0.6536224310251925 0.06099994213070303 0.12672173879011234
2 0.9383925628122125 0.6186733461778832 0.06995435574121842 0.11160692182065049
4 0.9251909313678315 0.39086721057196955 0.054011020760246706 0.1025189642443051
4 0.8997134288963735 0.3811891926941221 0.05601918973360753 0.11358401000193971
4 0.9134045612921569 0.21703109784487312 0.050440351786885884 0.0913263727290361
4 0.9080538750185905 0.12418989360250765 0.04731535178688588 0.09107128121376698
4 0.9209478058549493 0.19054834617788313 0.03861151384016424 0.06855855242559432
4 0.9515929693911026 0.17315368102519246 0.03436968281352506 0.07911341515269074
4 0.9495503083264072 0.19997127254046151 0.03905718281352506 0.07949605242559432
4 0.9562579061589606 0.2684024081463752 0.05145902372599594 0.11632637272903601
4 0.9736364071475437 0.27168690481239527 0.050087524714579244 0.12088632697140156
4 0.9869077396384671 0.2559025370843291 0.026184520723065673 0.08118609818322886
4 0.974182893801671 0.2081505632971262 0.038866181824941747 0.0748085524255943
1 0.639634138858755 0.2119440825520995 0.06507585475263547 0.10653678454774687
4 0.8524975306832594 0.4728344298172445 0.0718351907221905 0.11954696757828494
4 0.8435510232317046 0.04434927293916037 0.04588018577927464 0.08869854587832074
4 0.9291860701894054 0.2580706860261623 0.04068334980971962 0.08118609818322886
1 0.207092258402957 0.02922543673897105 0.04648768083635881 0.0584508734779421
1 0.1989415187830803 0.07311928029568308 0.04862318380210837 0.08494882697140152
4 0.8732345005314727 0.3276974019374574 0.06287668479069168 0.09078423879011233
4 0.17446803117755105 0.5305330386306328 0.08104836463846717 0.15455969636645772
4 0.03970571201390988 0.6089445653024719 0.03624520060802232 0.16336086939505617
2 0.7670839541052444 0.5119444693659612 0.06727502471457925 0.1222893303053814
1 0.16019735376405228 0.08412042423654646 0.05563718775644109 0.10420901000193968
1 0.2287125904181794 0.0251119571173034 0.041800180836358794 0.0502239142346068