2 0.8635992765311119 0.4347169482303276 0.09851399538185177 0.1487552893919517
2 0.8585905648439363 0.5275036877069839 0.06587786116879606 0.09555469468185844
2 0.9340293537224085 0.46481470093175065 0.051287680867221755 0.12424113680346807
4 0.9078578329872233 0.49742977985682835 0.10445092855814764 0.1988462946536235
4 0.7794123298296773 0.6595874165897093 0.08472489745537004 0.151061242036905
4 0.7402719173885662 0.6805215428698337 0.06738157257314796 0.11274219468185845
4 0.6789646875581035 0.8037917138741687 0.05935445909527761 0.09206567363517104
4 0.6161625997163906 0.8641901585560273 0.05595605702175917 0.08875866311182748
4 0.5942199577276408 0.9284269638035816 0.0415422425071295 0.06615562101845249
4 0.5858702155033352 0.9172542453736128 0.03759703628657398 0.056598610495108656
4 0.6106651639481963 0.9181419111868632 0.05568265494824054 0.08563366311182748
4 0.647842535201761 0.8841085454300824 0.06642466531583313 0.10180469468185827
4 0.6853131409039369 0.8733761717807941 0.05017494872768502 0.07598564732681154
4 0.6983107183780572 0.8314238902107629 0.06140497464666641 0.11550317363517096
4 0.7338572391132423 0.7982627797156541 0.0643932736099071 0.11412268415851479
4 0.7482519297824091 0.8114152270989354 0.06337757775694416 0.12028167889684278
4 0.7572072647493998 0.8334344402672326 0.04902255183796278 0.08058214206513989
4 0.7136431924590758 0.8693943270707006 0.046913247690925884 0.07424113680346807
4 0.43222497153560324 0.6922450820500238 0.05779195909527761 0.09197466837349921
4 0.45898296116801074 0.7062319873399305 0.0560927580585183 0.0903211631118273
4 0.7521847399617141 0.5710100349773259 0.09988100574944418 0.1643802893919517
1 0.07519159594671398 0.5264953395895958 0.09212729434509233 0.1468287683452644
1 0.030481500306065317 0.5888280105939309 0.060963000612130634 0.13699874203690499
4 0.0392980086474076 0.30168432636482895 0.0785960172948152 0.21456229991529535
4 0.38271369561662183 0.7339922372693434 0.04921804147037019 0.06504814732681172
4 0.5101477540989834 0.9387644953030255 0.05464783524981467 0.056037168373499216