4 0.9520573537415512 0.5321366881430256 0.09588529251689763 0.20987496974937905
4 0.9890379261248328 0.4958764803956991 0.021924147750334556 0.20026362041330897
4 0.9688619340173403 0.49677590506373415 0.06227613196531934 0.19268746974937906
2 0.9011478731551783 0.5511957603517326 0.061073278868607875 0.08313975292686634
4 0.8206538202561111 0.8330093626146688 0.03534523677523325 0.07049430718159248
4 0.7827057701996413 0.8926252571302786 0.04553928413027997 0.08461134933607006
4 0.8439771991670714 0.871167892767094 0.02707771046687384 0.06263635538619425
4 0.8633873518261422 0.8421389229195192 0.03258425782192056 0.07672612646343317
4 0.8561208833961732 0.8515593747149172 0.03405575256024847 0.07517271682251306
4 0.888311757116049 0.8138593868151656 0.03258425782192091 0.07672612646343317
4 0.912583715022674 0.8012139410698917 0.03883425782192092 0.07676248789975162
4 0.9115679756166049 0.7301020103517326 0.04048776308359266 0.07833407825883114
1 0.634693933452643 0.7934524798065239 0.050499799915295365 0.08932612041330898
4 0.6948032227740075 0.9533132931364363 0.04186825256024882 0.07521816861791067
4 0.8684928098033545 0.7553610855855016 0.0508638209619825 0.09557612041330898
4 0.8394423466350573 0.7664713024080145 0.05849431043863902 0.09249657220870695
4 0.822519428120384 0.8650406126146688 0.02992969468185862 0.057967036104353296
4 0.7602847386296103 0.8833775221573934 0.0389252630835923 0.07832498789975162
1 0.1541187676393926 0.8212568555825859 0.052881347270342036 0.1033977107723885
1 0.12376413872843231 0.7831392320460191 0.05931335779368574 0.10655907220870695
4 0.943899731372387 0.21176964598854786 0.07179794724210709 0.1331852047222643
4 0.8347009097045326 0.859499139742032 0.03212923151356151 0.06891362646343317
4 0.8779125834102907 0.8365838145082627 0.035163226251889765 0.06736930718159258
2 0.858527733650287 0.5842673355855016 0.062256347270341905 0.10345225292686636
2 0.8482588206090469 0.46162926630366086 0.053442789391951705 0.08621930113146803