4 0.9033951553184988 0.37232662709396547 0.065376262074194 0.20936171189493055
4 0.9635801490502927 0.3145683587765997 0.054211441541080416 0.20097600180902236
4 0.9312306503039338 0.32718454545675957 0.06956365690134447 0.19241987336031982
2 0.8571506411327338 0.4067326045927282 0.04763116943775678 0.08206222749876275
4 0.8321062108744244 0.7044674197215907 0.02387542069139812 0.06989642017181659
4 0.8066682901830264 0.7744457270485369 0.032051633544379496 0.08280585594746537
4 0.8624696607952821 0.7332984266189955 0.017398100158284534 0.06175637155129756
4 0.8759244070343584 0.6998308293779576 0.019415241224511347 0.07746325870642731
4 0.8701146762346884 0.7118361844209117 0.02244931301126627 0.07450203301668665
4 0.8941121173800575 0.6645550706715303 0.020977741224511348 0.07754514586155707
4 0.9157514366595295 0.6446995940772787 0.02718227711788863 0.0763101944820761
4 0.9005870894042388 0.5760691027837058 0.028790241224511348 0.07795458163720567
1 0.6481714800747543 0.7258079104493363 0.03692098997087019 0.08930151741285464
4 0.740309852798581 0.8567093504088568 0.030216348904643198 0.07334896879233525
4 0.8643851649519172 0.6138490637741253 0.03554034639736088 0.0954696302577247
4 0.8362147008452945 0.6168855325664608 0.0520746285298145 0.12753850180902226
4 0.8405946607952821 0.7344448467908121 0.020386707838416385 0.057232645861557074
4 0.7832989863429605 0.7733302843754831 0.027227741224511347 0.0778726944820761
1 0.20148303351910885 0.9036694753510564 0.035767666930474284 0.1032821302577247
1 0.14667351306513773 0.8839202193581623 0.042063131037096954 0.10517217887824373
4 0.8335362625364123 0.06581871466626452 0.052211020849682654 0.13163742933252903
4 0.851000963381707 0.7253188302824688 0.020750420691398118 0.06973264586155707
4 0.8886971916740946 0.6898007321369196 0.0238299565847754 0.06833392017181658
2 0.8222838961472988 0.45224317842801787 0.04665970282385166 0.10229284034363299
2 0.7881937041439998 0.3370209701511319 0.041472097651002036 0.08485967887824382