2 0.8941176568348375 0.6060683034637645 0.06181334138279624 0.14086719468185827
2 0.9262565554229116 0.5541116903378198 0.04317098997087001 0.08986613680346807
2 0.9821211443649321 0.5998722403942895 0.035757711270135675 0.12120714206513998
2 0.9670323196086766 0.5838223061651876 0.058824733702664035 0.1453726841585148
4 0.9069967754020289 0.34941648506203044 0.0402733105039836 0.09749662628012441
4 0.8763689010288497 0.34572233766463156 0.03907452335696497 0.10990562101845258
4 0.8637743096460536 0.20872286660382672 0.03687552586424729 0.08793961575678066
4 0.8403331464765031 0.07548543237472483 0.0238299565847754 0.06846157366340591
4 0.82516278754273 0.09202048499144332 0.023420779625171306 0.054399073663405885
4 0.8517025554894186 0.08969214554302188 0.033705061757624576 0.08619510523343699
4 0.8654755504748536 0.1327141034496471 0.029244882290738163 0.09373458944842143
4 0.8921062466347877 0.13351076400122566 0.02254024122451135 0.07774556840173404
4 0.9037939043940619 0.1586549771695227 0.02718227711788863 0.07645608418674961
4 0.9205926109788372 0.22497792718364015 0.034477951570210406 0.11275760523343695
4 0.9386295571387713 0.2262751166744139 0.03153480799670092 0.11882559471009328
4 0.9568567199126103 0.20721430353435172 0.028790241224511348 0.07810958944842143
4 0.9297570108205526 0.1634033903519372 0.028608384798020838 0.07185958944842144
1 0.6035271314328083 0.2207502426721896 0.03535848997087001 0.08941111049510883
4 0.6116638918576497 0.2852299716255022 0.03370506175762493 0.08619510523343701
4 0.8493410512662765 0.43885768763639665 0.051574523356964976 0.11063366311182729
4 0.03172164225336104 0.47160968949077375 0.03925637978345572 0.11615562101845249
4 0.7676254206913979 0.03477661088333826 0.032278954077492726 0.06955322176667653
4 0.8922402904457238 0.21880352189373342 0.028790241224511348 0.07810958944842143
1 0.13088995031656914 0.11445807117374432 0.036239028371529924 0.06606461575678067
1 0.15474263895465573 0.1811527475103384 0.03664820533113407 0.08012711575678066
4 0.8287029761808167 0.15989822972977147 0.030079956584775403 0.06882559471009327
4 0.8669113330030187 0.3165353666038267 0.0508016335443795 0.0840711631118273
2 0.7653441359851548 0.4836612243975125 0.04482441818411544 0.0930821420651398
4 0.1860801848106559 0.5588759291086044 0.057353161915909376 0.14840667889684286
1 0.1395208042357774 0.14212804486538505 0.023784492478152598 0.06689907366340586
1 0.0480753826199426 0.7109074079207426 0.05923391066226811 0.1594351841585148