4 0.8694815038451873 0.31342851664568205 0.11245349163225704 0.20958528003177213
4 0.9182742079382017 0.24623133401612218 0.1010246687014785 0.20001936525911973
4 0.8884262556542095 0.2647046444867035 0.11319712008095947 0.19398755357072248
2 0.8305927442342489 0.35547569481101504 0.06535940637700648 0.08543866801906326
4 0.8668014026474203 0.6475444180256538 0.03962242198083885 0.0709397913958579
4 0.8551811499338868 0.7203370357204056 0.05129690637700648 0.08519320616851012
4 0.902332788898039 0.6695597398603208 0.03131859905006031 0.06142842370110611
4 0.9088218063108935 0.6351029192434698 0.03838747060135787 0.07716251785690745
4 0.9058639026474203 0.6468625795518953 0.039786196291098364 0.0740647913958579
4 0.9202030416115724 0.5966580280097677 0.03838747060135787 0.07716251785690745
4 0.9370154053609537 0.5737290426202645 0.04463747060135788 0.07727161201270896
4 0.9083415287212737 0.5102256501687463 0.04628185775648745 0.07886138555165907
1 0.6878984746736878 0.6654973514659925 0.057874454997525505 0.09155230032431164
4 0.7958227600652237 0.7955239963531426 0.047680583446228296 0.07576365909060953
4 0.8794861883776406 0.5544393003309022 0.05655761646291495 0.09621252678536116
4 0.8517739461795566 0.5619478372625331 0.08015224672063966 0.12940685633066593
4 0.8809524338550847 0.6753966826361504 0.034279824739800804 0.05835797077900686
4 0.8316208192011922 0.7230898888046606 0.04471935775648746 0.07883411201270896
1 0.28512319821572163 0.9488373258951521 0.05943695499752568 0.09157957386326174
1 0.2382891417932865 0.9488742820636622 0.06576884215265544 0.09325116801906326
4 0.8893381439409932 0.6643228149413988 0.03797803482570927 0.06935001785690745
4 0.9196331535519313 0.6224256412402926 0.039540534825709274 0.06937729139585791
2 0.7941672433297376 0.38030809943739774 0.06018058344622812 0.07598184740221221
2 0.7406847964728124 0.2540143806869858 0.07053822930778501 0.09489548863591431