3 0.8817435625212046 0.036547698185278574 0.09359128729346082 0.07309539637055715
2 0.04246287394610067 0.5652053349669908 0.04945934137714505 0.12271433006601846
2 0.23219504045832196 0.7249242131477782 0.035104175497895976 0.06849572177194432
2 0.2415154767559911 0.7225415069272227 0.0384474303072194 0.07501912384546294
2 0.25722232230948733 0.7235182465596302 0.04491568511654283 0.08181592799249984
2 0.32521091967708216 0.7630209524973617 0.03628472958157989 0.05769492280870381
4 0.7951290277596322 0.37397368265713116 0.06902779691210785 0.1477922425071295
4 0.8255060085223385 0.346239661921946 0.049022831758497885 0.11021433006601847
4 0.8140923372856118 0.49064377280791815 0.050257949544512924 0.1009760311027776
4 0.7678919490811769 0.5589440049474551 0.04658731252120454 0.08507762902925915
4 0.7856672369227921 0.4845106414695848 0.04658731252120454 0.08507762902925915
4 0.8333954087924909 0.4599604093300479 0.048258939925866426 0.08833933006601846
4 0.7553076143274537 0.4903013116863903 0.046205366604888456 0.07414012902925915
1 0.3078770867374576 0.7378938133833339 0.04702382213985139 0.09757762902925915