3 0.8289883774718392 0.10805654996308815 0.10764824505632156 0.11578329117755656
2 0.17771228460574987 0.7804441733480996 0.043651447033792846 0.06812823874123311
2 0.18843126331842636 0.7842700801956448 0.04721348960843983 0.07457849784053164
2 0.20227524203110292 0.7882962461424887 0.049103771539425 0.07936612739018081
2 0.27823145465223603 0.8355402883997793 0.041433383171822415 0.05865310919158375
4 0.7763072297979573 0.5135357919435236 0.07625613342392405 0.13399307063492075
4 0.773957761981044 0.43491014419527707 0.062007963125336296 0.10819203423772628
4 0.7170200750867097 0.6431441463547454 0.05568155347041035 0.08445414558877821
4 0.7423039343733188 0.5733520805001866 0.06735102698730663 0.11786742288667415
2 0.2547228988360374 0.8238320303802149 0.04310514381548423 0.0603157387412331
4 0.7649873175451412 0.5183036350959784 0.06735102698730663 0.11786742288667415
1 0.36825016727336923 0.883685496603914 0.03798060124083724 0.053765350092285044
1 0.34028905823886185 0.8795394147102262 0.040526447033792934 0.0679279796419344
2 0.017598137359196374 0.6093842944167591 0.03519627471839275 0.12501858883351816
4 0.8014546952690822 0.5018065499630882 0.05789961733238078 0.09392927513842757
1 0.31850689338815574 0.865587536240311 0.042198207677454566 0.06959060919158375
4 0.7868458920507734 0.5087178840162443 0.05677415990702759 0.10007914558877821