3 0.761240201636452 0.9650439823600028 0.1084063410815748 0.06991203527999446
2 0.01977693588812702 0.3712918238352897 0.03955387177625404 0.09538109905006031
2 0.21636667074128 0.23958587969189793 0.04403526514684701 0.06767217887824373
2 0.2247828219860355 0.24238000904511153 0.04763386182749905 0.07408595318850333
2 0.241248271571117 0.24245857417397393 0.05435745850815117 0.08066350180902226
2 0.31440235165502955 0.20864349615481276 0.04176237012586883 0.05821529172311406
4 0.7548549499860668 0.6066471426937383 0.07869553029369385 0.1348530348257091
4 0.7583934244662576 0.6531093848918222 0.06262024440092269 0.10755355042954129
4 0.7321888898228861 0.4917281495911433 0.06515324855010754 0.09990482473980081
4 0.7273247136830213 0.44205902023792965 0.05615675684847723 0.08387038896415219
4 0.6862718159627509 0.53873594640264 0.05615675684847723 0.08387038896415219
4 0.7751567172075063 0.5457472642450358 0.05471265601864026 0.08535100180902226
1 0.3343479987506002 0.20419833559393466 0.049077962657336015 0.07260534034363308
4 0.7762940873333751 0.4893334899347764 0.042851273445216796 0.05204717887824373
4 0.7500742068345441 0.52482393260783 0.05627515601864026 0.0854328889641522
2 0.2954155533147035 0.21078585029325572 0.04344326929603195 0.05985967887824375
4 0.7223384479114744 0.6010212624360135 0.06610044191141178 0.1124048247398008