3 0.805315930690148 0.07511171595621788 0.11124313861970414 0.09740576805616734
2 0.19079143881279423 0.7882540012659444 0.04521394703379289 0.06704365626060209
2 0.20156504784730161 0.7909796971822604 0.050229228964778105 0.07189484736759492
2 0.2162995372036399 0.7930605523544034 0.052228771539425 0.07819941106992587
2 0.2940367711120965 0.8349330830244426 0.04455838317182241 0.057668656260602094
4 0.7751107165564056 0.4734673704027216 0.08239687278026224 0.13068949400955016
4 0.7688003684176614 0.3957143926352402 0.06658620248167431 0.10519842068857255
4 0.7226909208796654 0.6071231185886231 0.05880655347041035 0.08310516587924913
4 0.7357643572697965 0.5433607189514428 0.07192926634364483 0.11473711179556503
2 0.269637704652236 0.825466313787149 0.04623014381548422 0.05928571996293295
4 0.7480511898212004 0.5132466330165932 0.07203852698730664 0.11629961179556503
1 0.38918002630787657 0.8742808144201211 0.04110560124083733 0.052872028855940556
1 0.36283604759520005 0.8702282314804964 0.043651447033792846 0.06698909255827132
2 0.02141155220990249 0.6334771881117677 0.04282310441980498 0.1232043762235353
4 0.7995315623493612 0.46022332593768445 0.061024617332380515 0.09253472958157989
1 0.34496013274449394 0.8570734670525262 0.04532320767745457 0.0686061562606021
4 0.7848681288092216 0.46832600261670676 0.06146165990702741 0.09878472958157988