3 0.8184944973597034 0.9532127783057135 0.10870506175762466 0.0849931444174139
2 0.26379103002088256 0.20396884075186308 0.0456594924781526 0.06587953005422928
2 0.27325695823412793 0.20703929859738537 0.04892088479802066 0.07058521077238851
2 0.2872967261808166 0.20617623536566881 0.05061977711788872 0.07528180113146812
2 0.3683050337818063 0.17054274151398888 0.04382420783841656 0.056495439695149675
4 0.8202649681967508 0.5843900554330765 0.08029055674305993 0.1285704275949012
4 0.8092652837152994 0.6360252783057134 0.06550063103709709 0.1034886143631848
4 0.7772099870013692 0.4205502692305272 0.0586141335443795 0.08157725292686631
4 0.8256678705457487 0.5015321036376784 0.0539266335443795 0.08154998184962743
1 0.39960885807584334 0.1453563891528567 0.044096992478152686 0.06587043969514968
4 0.8211251230530312 0.4796798295353774 0.05879598997087001 0.08782725292686636
2 0.34737040815498565 0.17613421136156374 0.04543217194503919 0.058067030054229286
4 0.8094267565974105 0.561011642767094 0.07202341567683312 0.11289997579950324
4 0.6264360633404704 0.6902229406771083 0.08855769780928675 0.14424087939029953
4 0.6011632787007344 0.6809933864223823 0.09967705423577744 0.1505545119038567
4 0.5871546029947714 0.6560706544745589 0.08993834138279588 0.13799996974937906
4 0.7735119886507219 0.5620019710259252 0.08667694906292808 0.13329428903121965
1 0.1744905007914228 0.30372392193756054 0.13573422618081663 0.20856699980360832
1 0.13495062767188465 0.28754493091455097 0.12112615690134443 0.18973518657189173
2 0.05058163935036717 0.34195115066392995 0.08506898495630522 0.13172269867214012
4 0.8403501476636374 0.5764593807650414 0.06044941818411544 0.09096134328594588