3 0.8917095257537554 0.16976042201390182 0.09483375212603207 0.1345185551888033
2 0.13437744982112382 0.742025247100215 0.035044421820650484 0.0678745842330974
2 0.14381622269994104 0.7419543921211931 0.03867960485118864 0.07436138257342365
2 0.15755985830585473 0.7469262346526604 0.03906224212409222 0.07904888257342346
2 0.22425327966746328 0.8062196468950779 0.035714101517208795 0.05705548340326061
4 0.7758307236180249 0.5493043668250985 0.059151343641300966 0.13492037427505377
4 0.7802310522564164 0.49539811682509854 0.049298111519148334 0.10932837842423862
4 0.6870876037639269 0.6927215574871103 0.04569487939699588 0.08420997925407558
4 0.7566345713422119 0.6303884234637943 0.04100737939699588 0.08385478174358667
1 0.2466385916359553 0.8401452836176861 0.03360946757828502 0.06931868506293455
4 0.7464464993717802 0.6492684780278977 0.04620506242753404 0.09045997925407559
2 0.20633232709208774 0.7946426068531216 0.037404147274843244 0.058736382573423465
4 0.7586114016475933 0.5676516251234683 0.05318838606495557 0.11894017676456467
4 0.6870227993814785 0.385358420764502 0.0908476248550679 0.18080155933798814
4 0.6223863434721231 0.38753530478781795 0.06524184697528082 0.15246307178554278
4 0.5956325248356713 0.38786626889504655 0.07499948424818434 0.15786096680652095
4 0.5751606571076051 0.4075392288530903 0.06785666394474284 0.1464498701258688
4 0.7250016761934004 0.5556718433798817 0.06422148091420468 0.13996307178554285
1 0.06682277225059745 0.5969835890069823 0.10184876879593134 0.2204560551888033
1 0.035555700823796645 0.6104298597529066 0.07111140164759329 0.20087726099766207
2 0.0025518177183678956 0.5415013383822823 0.005103635436735791 0.13612767676456466
4 0.7927791075569488 0.5631659572819733 0.046587699700437565 0.09514747925407559
4 0.6996668363451214 0.5482495070721918 0.061351572429473575 0.1428512734452168