3 0.9120890851938572 0.12442603936067236 0.08878001778268044 0.12957049756436803
2 0.04434739102309737 0.5331534192368792 0.04459337014004516 0.11943183847375849
2 0.2234656184829061 0.7251887349824664 0.03118153349844599 0.06611592370110611
2 0.23280423117935317 0.7245711262161684 0.034597631926869446 0.07242047077900686
2 0.24861116769711783 0.7287501116056717 0.0411387303552929 0.07877956493480802
2 0.3141848178209523 0.7790734399331605 0.033797111248705033 0.055232970779006865
4 0.8072797305601807 0.4887049533225459 0.06087334160399784 0.13376707386326192
4 0.836855914596746 0.45331292410155266 0.04401117328319835 0.10693183847375849
4 0.8046706149682494 0.6002873356277941 0.04037675103345748 0.09593979139585791
4 0.7665563389134016 0.6534844736150853 0.041284279569504534 0.0819045649348082
4 0.7663144363083676 0.5644901574624612 0.041284279569504534 0.08190456493480802
4 0.838043887094156 0.5626197402541768 0.039794554176610576 0.08343979139585792
1 0.31342068444634086 0.7626671899331605 0.04186647642635144 0.0944045649348082
4 0.8290177975570728 0.6202276887120493 0.02718323821317554 0.04731137662320535
4 0.8067018418088857 0.5433379062446452 0.04728172249741007 0.11011138555165907