3 0.8217808006619538 0.029819947736217357 0.1064383986760924 0.059639895472434715
2 0.019784768301663556 0.6369693789815475 0.03956953660332711 0.09582771046687384
2 0.20207588296483597 0.7634654475950431 0.04211903349844599 0.06790013154179633
2 0.21081518217904766 0.7598399186558479 0.04553513192686944 0.07433214206513998
2 0.22718504487549476 0.7596656134082934 0.053638730355292805 0.08103716837349921
2 0.29656859160850707 0.7922436240022244 0.0416823858558109 0.058525131541796324
4 0.7900340711352304 0.3848450218231463 0.07798806699689198 0.135436242036905
4 0.783659946651959 0.3376893007623415 0.06112589867609266 0.10796368942018653
4 0.7317570366033271 0.5487401928274813 0.05534677956950453 0.08425317363517096
4 0.7926817280834905 0.4618247507764589 0.053857054176610394 0.08572466837349921
1 0.3261640463232368 0.8092190213996233 0.04702485731976358 0.07286064732681163
4 0.780470672459138 0.48980553760816187 0.055637877997927986 0.09050317363517095
2 0.2779641408227188 0.7902106871422865 0.04331766046291676 0.060178636803468064
4 0.7729000750641719 0.4014255770707007 0.06625004631872748 0.1176117052052021
4 0.671399695204217 0.2889094374952223 0.10175520678164425 0.17733531570031094
4 0.6119497665443353 0.3274328821770808 0.07071922249741007 0.11319722099021767
4 0.5857169063290876 0.288445976887174 0.0961944114963739 0.15831229991529536
4 0.5596252872224997 0.31333956107392363 0.08787248924663302 0.14691977360693614