3 0.8696227105112613 0.9545436168972674 0.11079540252860873 0.0909127662054651
2 0.06353488047249997 0.34555339451560985 0.07153264342930994 0.09256929508134393
2 0.261373998301957 0.21550332191411942 0.044830441085271476 0.06586134933607006
2 0.27094925740125564 0.2186828640685971 0.049818329734219444 0.0705761204133089
2 0.28657425740125564 0.21877376765939333 0.05656897748246603 0.0784249818496274
2 0.35702765730897057 0.18482146935659555 0.04422966378737554 0.056486349336070066
4 0.8246981276947227 0.5850502909761273 0.08809838217054314 0.13171360831306062
4 0.834933523283501 0.6350911975919857 0.06598355027685514 0.1034704336450254
4 0.8204833921926923 0.48272017651474675 0.06069527297895912 0.09406816256778665
4 0.7891845249815441 0.42084234523085345 0.05833173658176456 0.08155907220870695
4 0.7733976411129582 0.5035321253832785 0.058331736581764736 0.08155907220870695
4 0.8483871491325224 0.5281781222600206 0.056869366131414266 0.08311248184962743
1 0.36042276758028846 0.20124135489521494 0.06215764342930994 0.09251475292686626
4 0.8461447262458485 0.4688122126191002 0.03591651603912922 0.04862839754067192
4 0.8149435934569965 0.5303264295398089 0.0709714389258032 0.10818520472226431
2 0.3384278516334446 0.18705613504764013 0.045892293337024895 0.05805793969514968