3 0.887464818181219 0.05655911838497143 0.08976370373287815 0.11311823676994286
2 0.21523049715403567 0.7288569383797915 0.03239548863591428 0.06708049214211727
2 0.22457822361508528 0.7268577907371563 0.035629582791715644 0.07347604135632882
2 0.23791402069298595 0.7293642065767566 0.03727390340856669 0.07823631596343468
2 0.31148393424782234 0.7783239373463342 0.03376707386326192 0.05621576674922295
4 0.8231485426103784 0.43782929239429536 0.055415977271828606 0.13372433664159916
4 0.820658742286067 0.3847770670014012 0.04560460064862291 0.10828768899896399
4 0.756221915580136 0.5902865124105061 0.043605724025417736 0.08321491439185813
4 0.8152190401747464 0.5210784400369305 0.03894549756436803 0.08455909057054053
4 0.800729846181101 0.5420822988044361 0.042152318181219076 0.08939213978475227
2 0.28859585916674446 0.7660979191493691 0.03535684740221221 0.05785104135632899
4 0.8086729853862081 0.459614401161801 0.048893241882325 0.11780823821317572
1 0.24519073254353901 0.7430992208447802 0.043605724025417736 0.08321491439185813
1 0.2155986899298652 0.7499506883797915 0.04196140340856667 0.07845463978475245
2 0.03709404017474654 0.5573201943756475 0.056460280031772093 0.10410961124870503
4 0.8413354809219813 0.449492384412578 0.04223413879807012 0.09407963978475227
1 0.14951399390762474 0.6818770845746845 0.05352619480442451 0.11490156203449331
4 0.7721411960189452 0.5168297417323415 0.056842109577076985 0.12598461124870503