3 0.992827395460829 0.1931557437313908 0.01434520907834198 0.13003881451462956
2 0.1520660524392215 0.5846108629122224 0.03197917549789597 0.06822231969842588
2 0.16074164799271778 0.5862027572100466 0.0353224303072194 0.07474572177194432
2 0.17276049835553747 0.5937712494343522 0.035486121414211924 0.07943322177194431
2 0.22077390162091487 0.6671506693683338 0.03315972958157989 0.05742152073518518
4 0.8188269665043719 0.5364641207343996 0.05302085099579194 0.1354877321395369
4 0.8374207098809501 0.4854682572565293 0.04433533175849824 0.1098042269557407
4 0.6953299575186974 0.657761505230279 0.04189981252120454 0.08466752591898138
4 0.7791221149604259 0.6112487987268996 0.037212312521204535 0.08425742280870363
1 0.23913452122102824 0.699240707963982 0.036775802902557685 0.07175742280870363
4 0.7632615019837345 0.6283091596128718 0.04211806733052796 0.09091752591898139
2 0.20691973274644085 0.6519063781807874 0.03477679328391081 0.059120721771944315
4 0.7966072261230189 0.5509462857674089 0.04778771397248338 0.11945262902925916
4 0.7664509562527531 0.40547725235555704 0.060778787293461 0.13460873732333317
4 0.6947297236759482 0.3937283995281032 0.04907739546082901 0.11177683006601846
4 0.6865972759455337 0.3403689536751402 0.06784724282842376 0.1585930414703703
4 0.6580729718618497 0.35383542285518643 0.06121529691210803 0.1471087373233332
4 0.7791369839275673 0.521912896653381 0.03926588584218216 0.09845662384546294
1 0.09804320743387937 0.38402439401500016 0.08080359981466553 0.217362448727685
1 0.07253477594553366 0.3940924611215279 0.06457839908902611 0.19880793836009242
2 0.047596774131435135 0.3531742266729167 0.06088791469812275 0.1377337373233333
4 0.8311731990811768 0.5534076129587053 0.042281758437520266 0.09560502591898139