3 0.8548684675123358 0.946168997891505 0.10987479991529545 0.0902806493475449
2 0.2625587261107152 0.21271598663272884 0.046009720990217676 0.06611589600572695
2 0.2734052208490433 0.2110262172979107 0.049407736775233246 0.07083975867281789
2 0.28811246295653553 0.208509744629229 0.05280575256024882 0.07556362133990877
2 0.36800508930724707 0.17083647461809315 0.043901189420186525 0.056722714672181554
4 0.838094136309358 0.5507837725573232 0.08246243145709178 0.12899770401018137
4 0.8292721441312786 0.6275008138924595 0.066943847270342 0.1038340720082724
4 0.789506175913071 0.4145377372295048 0.059419773606936135 0.08188634667409059
4 0.8085816705808121 0.48702126456082306 0.07217737884037305 0.11326361600890866
2 0.34272436824644226 0.179730216621593 0.045554694681858444 0.058303396005727
4 0.8267471126318346 0.5438797918921413 0.07217737884037305 0.11326361600890884
1 0.4269327682746772 0.1490427432765935 0.051061242036904986 0.07242044000636332
1 0.40616524196631787 0.1414666006126843 0.044447220990217674 0.06609771467218155
2 0.0639454628153612 0.3596562633275003 0.0929449051487324 0.12131247334499946
4 0.8623506836644046 0.5645735525541415 0.06152830517696728 0.09127952800763595
1 0.3843735419522004 0.15657397994909322 0.04453822625188959 0.0676602146721816
4 0.8477876547252094 0.5561434345560505 0.061892326223654946 0.09752952800763595