2 0.10140606072350314 0.5002164139618734 0.04642401384016446 0.06638865909060954
2 0.10725681270066949 0.4907459565755473 0.049740014828747625 0.07113070616851011
2 0.1163598986702246 0.47809595211132044 0.05149351581733078 0.07584547970746058
2 0.14486158346091615 0.39172207548811494 0.0444795118629981 0.056986385551659156
4 0.7327382682516077 0.29558427192068787 0.08178319368794007 0.12946140340856668
4 0.7802552554000264 0.355649018674277 0.06670202174882985 0.10421594155801354
4 0.6062195306088973 0.23924058888409086 0.05956068380210837 0.08223184740221223
4 0.6578165227002319 0.2758132885597793 0.0717715237259963 0.11367276217486459
2 0.13371849501990307 0.41611810349129214 0.04610567885919252 0.058576159090609536
4 0.6869946867306769 0.28779509131972286 0.07333402372599611 0.11370003571381497
1 0.1987598576812039 0.27601920901117927 0.03960101087441492 0.0522170649348082
1 0.18686735273828806 0.29964762378383164 0.043299013840164456 0.06633411201270886
2 0.0630306743362061 0.7522698376629796 0.09552735870696813 0.12189436525911965
4 0.7596191032325796 0.28730812175853204 0.06150518577927464 0.09163412094116259
1 0.18203793129346937 0.3223720576312075 0.04492518083635888 0.06792388555165915
4 0.7438031022439965 0.29226835714803545 0.06169618676785795 0.0963216209411625
2 0.1429170814837498 0.4011243490270653 0.0413545118629981 0.05693183847375849