3 0.8115976364894795 0.11287992957587205 0.11069527297895912 0.10229556576151388
2 0.08336053130306556 0.6580674625773152 0.07153264342930994 0.09754442182065048
2 0.2980214134736085 0.8061535025850739 0.044830441085271476 0.06894118969849786
2 0.3071961543743099 0.803793777130881 0.049818329734219444 0.07401132697140156
2 0.3228211543743099 0.8050692347072264 0.05656897748246603 0.08233401000193971
2 0.39768025446659494 0.8453751124372323 0.04422966378737554 0.05956618969849785
4 0.8206347840808427 0.48432449487834395 0.08331075262089352 0.13580969636645773
4 0.8223684623661878 0.43861338215124757 0.06598355027685514 0.10797173879011232
4 0.8029943059800679 0.5971275127561914 0.06714553207825782 0.10184928454774678
4 0.7998983867940215 0.6458360797256533 0.05833173658176456 0.08558655575957416
4 0.7546779194905883 0.5465536857847899 0.05833173658176456 0.08558655575957416
4 0.8432898365171664 0.5467925439699585 0.056869366131414266 0.08702151000193972
1 0.42108747608896485 0.8589432759229331 0.049818329734219444 0.07401132697140156
4 0.8468945003045418 0.6030425439699585 0.04382914558877822 0.05331618969849785
4 0.8195915206626074 0.5650643118478058 0.05843186613141391 0.08714905575957417
2 0.37878006014212096 0.841500813345618 0.04589229333702498 0.06125623545613266
4 0.7882228022794401 0.4878960339680187 0.0694089389258032 0.11291433030538141
4 0.6962367589424151 0.42287719866166745 0.10935162091177589 0.17834788273097574
4 0.6630435271410124 0.426384964872525 0.07479734577334832 0.12423446757828498
4 0.6219283713732013 0.39116507093166153 0.10346256631598401 0.1592152454580721
4 0.5987307032668892 0.417249338809509 0.0853739003691402 0.1437497421240923