3 0.9898344101132931 0.8458497832832338 0.020331179773413765 0.12478716837349921
2 0.16282624113993246 0.36177049985882564 0.024485346843970034 0.06533657366340595
2 0.1713881576418353 0.3614897787980208 0.026302514828747636 0.07167757892507769
2 0.18360165615896054 0.3551865708913956 0.02649351581733077 0.07636507892507768
2 0.2362053913302129 0.2881047576807463 0.027164677870609298 0.054581084186749604
4 0.8271380919382352 0.48307822554601787 0.036598027680328826 0.13307010523343693
4 0.8425203528126503 0.5354142702702285 0.030828188745024222 0.10623458944842135
4 0.714264065740781 0.35258011249066024 0.03293451680591399 0.08141659997176509
4 0.79198715912471 0.40465011768174486 0.02674818380210837 0.08261507892507783
1 0.2625795489348671 0.24677410239083955 0.022986513840164414 0.06680806840173403
4 0.7718192391627661 0.3878875519108468 0.030064184790691506 0.08748458944842134
2 0.21900064528454558 0.30580819717151997 0.027228344866803766 0.056143584186749605
4 0.8061889219762912 0.4662701571442838 0.03283635771838504 0.11726309471009344
1 0.137360667527667 0.4062716577795683 0.04597302768032887 0.13361613680346807
1 0.11232883402956984 0.4040343235928187 0.04141286167271767 0.1364681210184525
2 0.043056205093827654 0.5784813157708981 0.04441052768032888 0.13352513154179632
4 0.8405320884781942 0.46749102290106437 0.030255185779274642 0.09217208944842134
1 0.06984685676698285 0.5091166657426632 0.037778525703162535 0.12378611049510883