3 0.8030531761409729 0.9288160748227625 0.10524201190385689 0.09835859514371954
2 0.24641087080609236 0.20685643910030507 0.04100679508134393 0.06680706677218973
2 0.2557676900879331 0.20970865446056894 0.04572156615858276 0.07163095909205774
2 0.2698347352674729 0.2085182275009648 0.04732042759490129 0.07792642319868044
2 0.3505307442444634 0.16711432600989676 0.040952252926866176 0.057432066772189705
4 0.8028865671405414 0.5546655209826966 0.07418290944452863 0.1302618130112659
4 0.7916445401113743 0.6073275197290553 0.059974963699254855 0.10485263605166181
4 0.7608404885871226 0.3973220339148203 0.05359769867214013 0.08279577962517122
4 0.8080558561717611 0.47171662866282843 0.04891019867214012 0.08265938730530316
1 0.39443528034881686 0.13927883102446167 0.041006795081344014 0.0668070667721897
4 0.7972501663784156 0.44937862740918727 0.05519656010845857 0.08909124373179385
2 0.32548074726952547 0.17643550171585964 0.04252384328594587 0.05904003087881238
4 0.7912996273471958 0.5323502517823666 0.06472609621281204 0.11592652837152997
1 0.22369553347207485 0.21767191864633392 0.05516019867214013 0.08284124373179384
1 0.20033530152425158 0.20507263024567415 0.056704517953980904 0.07976170783841655
2 0.03586425624651594 0.358306593494367 0.07172851249303187 0.133386813011266
4 0.8224678141154793 0.545503469649913 0.05521474082661797 0.09221624373179385
1 0.10213817515901435 0.30088288690959175 0.0694226865718917 0.11762542069139795