3 0.9509500188587756 0.845205729327126 0.08254465988879929 0.12929068511654265
2 0.19158982159169718 0.28976436052962073 0.028854175497895974 0.06655258293962456
2 0.20155509863353918 0.28394094646447016 0.03214286660488854 0.07134921034428628
2 0.21542662567538118 0.27798112314349244 0.03236112141421197 0.07759921034428627
2 0.2813492368379741 0.2170138520921002 0.030034729581579978 0.055669646641955395
4 0.8266890518062493 0.4451462203414513 0.04677085099579159 0.13272321996293318
4 0.8379837050716267 0.5221898699786316 0.039647831758498245 0.1075049651536096
4 0.7459524285779389 0.32828859175566316 0.03877481252120454 0.0825049651536097
4 0.7826191040758348 0.39271319030438434 0.04153771397248338 0.11693452885594055
2 0.26001987386128267 0.2334027439247322 0.03165179328391084 0.05728671034428619
4 0.8140799244015877 0.4424577299600981 0.04153771397248329 0.11693452885594055
1 0.332410739833199 0.17846721806401655 0.0321974303072194 0.07291171034428627
1 0.3104538942797027 0.17688735989664855 0.025729175497895974 0.06644345553496285
2 0.04294153438305416 0.4905059489115409 0.05565477767481419 0.11898810217691817
4 0.8535243703179034 0.45203113740182677 0.0375396947351895 0.09182540145127885
1 0.29780012685650753 0.19531990136646082 0.02734623920022683 0.0680605192372937
4 0.8369544292109111 0.44791655627630067 0.03625001324684405 0.0995833377489479