3 0.9643218031177551 0.14088050264029647 0.07135639376448992 0.12226745658477531
2 0.036733267831678185 0.47918739482715045 0.03794035178688593 0.08850021034569906
2 0.19006780935217155 0.6718342329112412 0.022922846843970036 0.06465353338609496
2 0.1994746428502687 0.6723426982715051 0.024676347832553215 0.0693864974927175
2 0.21454122733694908 0.6773795392585896 0.031181015817330772 0.07581835391920819
2 0.27236565619614156 0.7335780634734844 0.025538510874414923 0.05224446159934022
4 0.8247081117098987 0.5063189491959419 0.03659802768032918 0.13215928213245362
4 0.8441465198088446 0.4650801837565357 0.02926568874502422 0.10541492570596293
4 0.7638753824701453 0.6066432096207832 0.035070019771663394 0.09465928213245363
4 0.7422523918616856 0.6518564212201234 0.03137201680591399 0.0805058539192082
4 0.7364560366147586 0.5479956353267461 0.03137201680591399 0.0805058539192082
4 0.8226309585538687 0.57051784151581 0.028247016805914172 0.08041492570596276
1 0.2893449091618911 0.7471631903539463 0.02617518083635879 0.06786946159934022
4 0.8052643864244781 0.6242111428485935 0.0284088428896375 0.046085389812585476
4 0.7925760440291324 0.5815606415949522 0.02987318380210837 0.08202288981258547
2 0.2547961542189752 0.7247031686463339 0.027164677870609298 0.053852425705962936
4 0.7916727772232184 0.5018049454350182 0.029393022737412976 0.10853992570596294
4 0.725702925930624 0.41846725969992543 0.047628369581383015 0.17305706677218974
4 0.6926039244477492 0.41239075593900176 0.0314011917107738 0.11952288981258552
4 0.6658212485543062 0.36936818164496465 0.04986203163466172 0.1512729949854351
4 0.6329596690105418 0.38831440993735233 0.035353862661300896 0.13992631802583091