3 0.9653491880029526 0.1788316983009147 0.047072863971945725 0.12727513154179623
2 0.10037292104097291 0.6199345264495336 0.02910531153562217 0.0655185841867496
2 0.1096477914913236 0.6209509948795026 0.031068329734219448 0.07185958944842134
2 0.12086589374307696 0.6280809554169636 0.03146884793281677 0.07810958944842135
2 0.16855361968438354 0.6976885291509566 0.029966904688076924 0.05467208944842135
4 0.7683206870801019 0.5327742876081618 0.045910882170543135 0.13343412628012424
4 0.7871998974437048 0.4810829849914433 0.03805880937615384 0.10807010523343692
4 0.6466483413067534 0.6581676717102068 0.03791910703211539 0.08159861049510883
4 0.7275769686969344 0.6098674086266144 0.03333173658176456 0.08288809471009326
1 0.18533130706902723 0.7395197133800586 0.027642941085271478 0.06699007892507787
4 0.7124631084256166 0.627092705981661 0.03685725478036197 0.08932010523343692
2 0.15183648905500008 0.6792038396601829 0.03162953423772623 0.05632559471009326
4 0.7462757063584333 0.5488466086407318 0.04178458667404979 0.11762711575678075
4 0.6603834808785521 0.31023070064940195 0.059712566315984004 0.1544746683734992
4 0.6494169000645985 0.3599044769577612 0.054324159468438896 0.14326415258848363
1 0.08044924969545819 0.5300298632671191 0.06403912091177602 0.17340667889684286
1 0.04966032464931566 0.5489464632388842 0.05246127081949094 0.1384856473268119
2 0.012823767737171959 0.3962456684440864 0.025647535474343917 0.13545165258848363
4 0.7805005120339594 0.5491882428839511 0.03705751387966068 0.09244510523343692
1 0.01953424390919119 0.3955631289815475 0.03906848781838238 0.18857665258848363