2 0.14000501814098537 0.43989116061076283 0.03666667549789597 0.06843100666795969
2 0.14927089073632366 0.43753143515657006 0.0384474303072194 0.07480855242559432
2 0.1590997585223385 0.4289854825811945 0.04017362141421192 0.07962359818322895
2 0.19613347785229943 0.35176914940087517 0.03628472958157993 0.057493506667959784
4 0.8028844748570745 0.43791188048425767 0.06083335099579168 0.13584164727484338
4 0.8272049177781657 0.48741754396995846 0.05058533175849824 0.110076372729036
4 0.6673884297590652 0.32791551396413937 0.04658731252120454 0.08482128121376693
4 0.7528274219545169 0.36527173487640424 0.04189981252120454 0.0844386439408634
4 0.7297892260382008 0.35248482139070353 0.046805567330527965 0.09107128121376702
2 0.18286215153609683 0.3732774875821644 0.03795635698624165 0.06074605242559432
4 0.7790650289407586 0.4250611941197396 0.054037713972483206 0.11970646424430509
1 0.1445561088851582 0.43636754788366644 0.048149812521204496 0.08494882697140156
1 0.11346979999215079 0.4385041327309757 0.044861121414211926 0.08000623545613247
2 0.074243642002268 0.6760202371231223 0.07078870435383648 0.10860946757828494
4 0.8123586785779388 0.41920967790888214 0.04696925843752035 0.09575878121376706
1 0.10085572730414524 0.5457586522758131 0.058779777674814196 0.1216516015172088
4 0.7216691911918106 0.3876570468448963 0.05581846878180663 0.12608401000193972