2 0.08526634563174491 0.45479002467700236 0.04403526514684701 0.06812823874123311
2 0.09415609355715246 0.450333062153931 0.04763386182749909 0.07457849784053164
2 0.10508193816321212 0.43952597008121047 0.04955155933798818 0.07936612739018098
2 0.1442287937669339 0.3538294995385747 0.04176237012586883 0.05865310919158375
4 0.735836875925439 0.2824869093207806 0.07701463112353082 0.13399307063492083
4 0.7755137599487549 0.34369571715577496 0.06262024440092269 0.10819203423772628
4 0.617727338582775 0.22008464374307696 0.05615675684847723 0.08445414558877831
4 0.6754680609883733 0.25836709130675345 0.06801813942190087 0.11786742288667425
2 0.12989360662940702 0.3788492859357692 0.04344326929603191 0.0603157387412331
4 0.7230408780000314 0.2871941957179752 0.06801813942190087 0.11786742288667415
1 0.15435007758511288 0.3228601017903281 0.047752260997662124 0.07614099784053163
1 0.1416132792447868 0.32678613818752267 0.040910265146847015 0.0679279796419344
2 0.03210822468068346 0.7133127259413066 0.06421644936136692 0.12561936613141392
4 0.763654222606091 0.2744846422019175 0.05842965186945541 0.09392927513842757
1 0.1393161508205482 0.36736107341269797 0.042591164317010044 0.06959060919158375
4 0.7469519746806835 0.27944225247323534 0.05734074855010753 0.10007914558877821