3 0.9731477409073849 0.11174876449892515 0.053704518185230296 0.12348596680652095
2 0.20224873098159044 0.6459725829836976 0.023120425746469397 0.06392079004195636
2 0.21206077355623743 0.6515121879627195 0.02355746832111638 0.07017079004195637
2 0.22510707677454606 0.6583774946014153 0.023994510895763276 0.07642079004195637
2 0.28918028445200067 0.7210658261352204 0.02548060124083724 0.05322008838228243
4 0.8429505046147024 0.5086740765362057 0.034068633423924057 0.13158188672260848
4 0.8571826133971083 0.4314128369091678 0.02908620248167466 0.10478258838228238
4 0.7583019890273621 0.6234721275758242 0.030463032183086724 0.08001938672260848
4 0.7871811058555396 0.5647357450024005 0.02985102698730664 0.11572008838228243
2 0.26839253704989074 0.7045770657622581 0.025589861884498966 0.05478258838228243
4 0.8065813158787828 0.5389186062051998 0.02985102698730664 0.11572008838228243
1 0.3833780347041022 0.7877545734359279 0.020213947033792846 0.06680899170163013
2 0.05508488183444014 0.4395710628624731 0.054632505699983194 0.11448947510489074
4 0.8700211030055481 0.5026958410583527 0.028102856688718703 0.09072008838228225
1 0.3703481569801614 0.7698925672121506 0.020213947033792846 0.06680899170163031
4 0.8537787439710407 0.5062827823450645 0.02552415990702741 0.09829579004195636
2 0.28316523123369197 0.7136677232307909 0.022464861884498966 0.054545790041956366