3 0.805315930690148 0.09869204194352368 0.11124313861970414 0.1004586798265045
2 0.19079143881279423 0.7954078392949434 0.04521394703379289 0.06822836829088245
2 0.20156504784730161 0.7984524961424887 0.050229228964778105 0.07321625693983017
2 0.2162995372036399 0.8009662268641573 0.052228771539425 0.07956638648947978
2 0.2940367711120965 0.8451853986710972 0.04455838317182241 0.05885336829088246
4 0.7751107165564056 0.4969793476190497 0.08239687278026224 0.13283108883351816
4 0.7688003684176614 0.4188846259966798 0.06658620248167431 0.10692992288667416
4 0.7226909208796654 0.6293820350036934 0.05880655347041035 0.08465440468807692
4 0.7357643572697965 0.5658702475267646 0.07192926634364483 0.11660531153562222
2 0.269637704652236 0.8349895758767081 0.04623014381548422 0.06051599784053181
4 0.7237067536831707 0.5250752668050961 0.07203852698730664 0.11816781153562203
2 0.02141155220990249 0.6346846830657069 0.04282310441980498 0.12561936613141392
4 0.7995315623493612 0.48441879086378953 0.061024617332380515 0.09412953423772627
1 0.4097492524226631 0.8737888648947963 0.03663662252816078 0.056790220542635696
4 0.7848681288092216 0.4921113749169456 0.06146165990702741 0.10037953423772628
2 0.2830828456177287 0.8334969270487275 0.041433383171822415 0.05865310919158375