3 0.97890625 0.7840468554662212 0.0421875 0.12392839600572696
2 0.14296875 0.36728859201940817 0.0234375 0.0643352200031817
2 0.15234375 0.3658351800206809 0.025 0.07060340133672707
2 0.1640625 0.3589402900222717 0.0265625 0.07530908267027252
2 0.21796875 0.28691129602958954 0.0265625 0.05343408267027261
4 0.80703125 0.43439065877622224 0.0359375 0.13166817067154515
4 0.821875 0.48612588144490393 0.0296875 0.10503294533736351
4 0.69453125 0.31276910276095016 0.03125 0.08005112667090888
4 0.77265625 0.35899066943822244 0.0265625 0.0815590826702726
1 0.2515625 0.23495844470081662 0.021875 0.06587953866963625
4 0.75234375 0.34391056210213167 0.0296875 0.08784544533736342
2 0.2 0.3070147106938169 0.0265625 0.05499658267027261
4 0.7859375 0.4200827107733588 0.03125 0.11598862667090888
1 0.1296875 0.3788528006842719 0.0328125 0.08006930800445433
1 0.103125 0.37854371801399933 0.0296875 0.07534544533736351
2 0.0265625 0.5760903326702725 0.0515625 0.09903748400699967
4 0.8203125 0.41813895011135854 0.0296875 0.09097044533736347
1 0.0609375 0.4960215720082724 0.0359375 0.11760567067154533