3 0.9168786914106842 0.825957656372619 0.06310056956195353 0.12190374373179366
2 0.12652538710709482 0.35126228628908873 0.024792186390131123 0.06465353338609478
2 0.13595501742892568 0.35075382092882484 0.026682468321116336 0.0693864974927175
2 0.1512904403254035 0.3441544799417403 0.033369510895763274 0.07581835391920828
2 0.20633285542821117 0.2846945634069774 0.027043101240837242 0.05224446159934022
4 0.7518699585106339 0.4876667315245859 0.04511539406758569 0.13229567445232177
4 0.7872940062810609 0.5184453700835302 0.0323204631253363 0.10541492570596275
4 0.7281043126014627 0.37972619939213226 0.02999313861970414 0.09443196159934023
4 0.6804369909458222 0.33371736592689516 0.033697292826748534 0.0805058539192082
4 0.6970839055444268 0.4203140954729241 0.033697292826748534 0.08050585391920824
4 0.7681612300500589 0.41142248027094463 0.03057229282674854 0.08041492570596294
1 0.20914649899159382 0.30043322367353414 0.03133711733238061 0.09135242570596294
4 0.7485478525782195 0.3560530186716045 0.021918558666190434 0.045858069279472155
4 0.740686440073302 0.4348910725116705 0.03566398441265974 0.1086308539192082