3 0.8266566993380462 0.05009388612779462 0.1064383986760924 0.10018777225558924
2 0.2718153813031877 0.7689398557789777 0.04211903349844599 0.06585225897699036
2 0.2828620432138465 0.7712199732654204 0.04553513192686944 0.07212043969514959
2 0.29707009242805815 0.7742631600337038 0.048878455748186944 0.07682612041330898
2 0.37868611951636344 0.8152058017206432 0.0416823858558109 0.056477258976990276
4 0.8290626852749103 0.45155028435583766 0.07479029238978621 0.1300874757995032
4 0.8168665922231704 0.3742565313307756 0.061125898676092395 0.10501475292686617
4 0.7876286641824611 0.5854212903077659 0.05534677956950453 0.08154998184962743
4 0.8030674195591446 0.5142184559988106 0.06625004631872748 0.1144170240041051
2 0.3532494718737283 0.8059762474659171 0.04331766046291676 0.05804884933607006
4 0.8184162837033337 0.4578639168693949 0.06625004631872775 0.1144170240041051
1 0.4454027386229512 0.8382615066392993 0.04709763192686935 0.07212953005422947
1 0.42549049896203356 0.8469734313073346 0.0405565334984459 0.06584316861791066
2 0.06691805789615488 0.6146210362025494 0.08216614474715103 0.1207579275949012
4 0.8526628511145106 0.43812813379010357 0.05578342721213971 0.09092498184962743
1 0.4044502528909749 0.8314666059753695 0.0421918081055519 0.06741475897699054
4 0.8381829741500398 0.4460269922013599 0.056074525640563165 0.09717498184962743