3 0.9020398632299547 0.8968234011045016 0.09753552768032918 0.13500635277546919
2 0.04193542098770814 0.41460632806088976 0.054838691710773754 0.1207873438782205
2 0.22490313539871387 0.23812078802327113 0.037049013840164416 0.06702567391627667
2 0.23434180239490826 0.2393012860461048 0.04042868182494201 0.07340300790866543
2 0.24990313539871387 0.23710211608416093 0.04693334980971962 0.07990767589344294
2 0.31612104300336813 0.19136385174970488 0.038229511862998146 0.057714340912471004
4 0.803851783649009 0.5228540019028042 0.07259919467652329 0.13555018083635878
4 0.8320059585538686 0.5608341629674995 0.05276685574121842 0.10822367688202608
4 0.8063626769192072 0.4116300004199295 0.04763368676785795 0.09709517589344294
4 0.7656939145619175 0.3545960918266921 0.04862318380210837 0.08309634288963733
4 0.7866231798849567 0.4265201713704566 0.04862318380210837 0.08309634288963733
4 0.8343895178316781 0.4464851614846248 0.048686850798302574 0.0846588428896375
4 0.7494096813678315 0.4350794292791219 0.0399193458553869 0.06090300790866543
1 0.3082912969577008 0.21046402022877403 0.04913251977166348 0.09559634288963734
4 0.8234546764249157 0.4085859134617912 0.04068334980971962 0.07965300790866543