3 0.9587277506183088 0.24386161691314082 0.06552247532299767 0.12334232473980082
2 0.11215222779623309 0.6596283847802805 0.022855311535622168 0.06504514586155707
2 0.1203454595976358 0.6663287641334942 0.02471820018457014 0.06981453301668683
2 0.13229474707456454 0.6755776113745322 0.025118718383167416 0.07606453301668666
2 0.18653286166481906 0.746617129691898 0.02674177513842757 0.05279080732694617
4 0.7647148257290498 0.6170081105815627 0.03487325262089378 0.13107958163720584
4 0.790664858887042 0.5423323371758144 0.030146179826504492 0.10591580732694617
4 0.6641560163528959 0.7183448812737776 0.03156897748246621 0.07951708163720568
4 0.7013544301402715 0.6638554551090673 0.030746957124400433 0.11529080732694616
2 0.16815310148578627 0.727624790252776 0.02684190468807692 0.05435330732694617
4 0.7247313733850114 0.6415643752808838 0.03074695712440061 0.11529080732694616
1 0.27765041255998313 0.8415378833099425 0.023416516039128955 0.04950203301668665
1 0.2646893376061256 0.8236133989137746 0.019830441085271478 0.06644387155129756
2 0.012934389267256804 0.434122694482076 0.02586877853451361 0.11512038896415203
4 0.7923088996031732 0.6145348857963333 0.029144884330011323 0.09029080732694635
1 0.2588095774270928 0.805276156715691 0.02149307063492083 0.0680882587064274
4 0.7757524552786992 0.6160188206674709 0.026520532078257907 0.09793953301668665
2 0.18156475941306566 0.7385180246489438 0.022154404688076924 0.05410764586155707