3 0.859566429782755 0.07324462078290375 0.10038285956551007 0.1276533800127267
2 0.05985627261277885 0.605796014003818 0.06108134215265537 0.09284202800763594
2 0.25924652023792966 0.760366977363135 0.03937676051544958 0.06604317067154533
2 0.26853963308279993 0.7589135653644077 0.04282930913596861 0.07232953333863605
2 0.2842465202379296 0.7606578786998621 0.049406857756487635 0.07865225867281786
2 0.3543852798488681 0.802855016709089 0.03888543758467104 0.05666817067154532
4 0.8378507185651929 0.46337872477717673 0.07094102103089917 0.1319954346753633
4 0.8298434667561706 0.4148775901097677 0.055568326548823065 0.10683180267345418
4 0.784361627655733 0.6196918121021316 0.05113313206674715 0.0817954400063634
4 0.8426853827441156 0.5407315654439495 0.0496525192218769 0.08333975867281787
1 0.3851782564431197 0.8242942120464525 0.04430992198083885 0.0707852146721816
4 0.8315774643813214 0.5671486147755859 0.05146068068726635 0.08804544000636341
2 0.3361708683834788 0.7979584313733163 0.0405298247398008 0.05824885200509069
4 0.8214002029613606 0.4772412301081769 0.0607471494796016 0.11626134667409058
4 0.7163707869734157 0.3503145560948139 0.09190197421940241 0.17440111067790856
4 0.6570710300760106 0.38085548408654146 0.06510710085908258 0.11006589067472686
4 0.6306003833099425 0.3376049234165871 0.08927494120271576 0.15407042934436319
4 0.605184303481759 0.3591708407463145 0.08088923111680746 0.14304202267663593