2 0.16477929316731382 0.5088290607598773 0.046366443543888726 0.06846577673520518
2 0.1730018962775916 0.5129702575415687 0.051464046654166526 0.07348105866619044
2 0.18333380353490641 0.5232521936795982 0.053573350801203554 0.07984031930985189
2 0.21884065951990622 0.6056605020936869 0.045546237323333204 0.059090776735205
4 0.8269846416594431 0.6118687633184263 0.084646985014259 0.13326025025210164
4 0.853625762630184 0.5659881807670225 0.06839726842611071 0.10727690445914587
4 0.6872180955709245 0.7033892638226295 0.060233453911481404 0.08496486188449896
4 0.7760659820930542 0.6767396464902488 0.055545953911481406 0.0846370799535137
1 0.23220938388374873 0.6416690579098857 0.051464046654166574 0.07348105866619026
4 0.7583412398687486 0.6897695242141897 0.0623427580585183 0.09132412252816077
2 0.20782524707879518 0.5875660659556574 0.04724543836009245 0.06076253737886681
4 0.8034493968432395 0.6213748032951832 0.07404167568342572 0.11854218639013112
4 0.7958631978327304 0.47177364104236724 0.090896985014259 0.13369729282674853
4 0.7272991255424065 0.4427688380761601 0.07335817049962934 0.11072968639013112
4 0.7280516897742121 0.388480175823344 0.10374829952888867 0.1563371173323807
4 0.6980613934028695 0.3960795083747478 0.09497889227157383 0.14485331411407198
4 0.7912036750712951 0.5892178671571536 0.06132706220555537 0.09746486188449896
1 0.14248675372319386 0.2989459623690316 0.1304078358154626 0.2125542663436449
1 0.11612930527833273 0.3031471433112811 0.11157992337435148 0.19260239926336578
2 0.09796577417555505 0.25725548910423673 0.09117038708777754 0.13682229282674846
4 0.8365742551373134 0.6316349601001177 0.06261616013203693 0.0944491225281606