3 0.9792955972827769 0.23362117370199226 0.026349223591130056 0.129143844499482
2 0.11224198422126737 0.5828766583960021 0.03197917549789596 0.06700771753501122
2 0.11978166570961309 0.5903252853604728 0.0353224303072194 0.07340326674922296
2 0.1303645016444625 0.5999721131107318 0.035486121414211924 0.07809076674922295
2 0.17297609837908517 0.675205399504662 0.03315972958157998 0.056142992142117265
4 0.7625222372164921 0.5892483972328596 0.05302085099579194 0.13350601282028157
4 0.7985713538213807 0.5173712431800837 0.04433533175849824 0.10814213978475244
4 0.6485018880347988 0.6826966443373754 0.04189981252120454 0.0830693651776464
4 0.7034002083605516 0.6294410576957763 0.046225213972483206 0.11758991439185813
2 0.1580877083605517 0.6548393955757206 0.03477679328391083 0.05777826674922295
4 0.7500495190676577 0.5890493440897064 0.04778771397248338 0.117662688998964
1 0.20864821435100148 0.7258025589341214 0.03537699400955026 0.07496576674922295
1 0.18774543730915946 0.7213162661300505 0.02890873920022683 0.06842466832079949
2 0.03357016883206498 0.349524811001036 0.06714033766412995 0.12187930810555177
4 0.7898114235141613 0.589537341608507 0.042281758437520446 0.0940068651776464
1 0.18145079729062602 0.7005500018620268 0.030525802902557686 0.07005994292790554
4 0.7734324553653268 0.5895202249831186 0.040937513246843873 0.10018409057054072