3 0.9720459579939724 0.15132675455486938 0.05590808401205507 0.12093254809323421
2 0.04146704149597143 0.4626810492743606 0.03887879353213636 0.08713790145127884
2 0.19109298450770945 0.6593873797669144 0.02202548620519007 0.06315476442797027
2 0.20050892808527426 0.6598412475529293 0.022353034825709096 0.06940476442797028
2 0.2156802267057933 0.6655728923807861 0.02893058344622812 0.0758730192372937
2 0.27191693860072386 0.7230927265015371 0.024577276119281777 0.05232639183263199
4 0.842763947872978 0.519228561085624 0.033359133875769234 0.13061508293962448
4 0.8488601396415205 0.47127221072280445 0.027279552238563553 0.10388889183263181
4 0.7442146624814421 0.6549428609929568 0.02909435775648763 0.0789980192372937
4 0.8247785877416411 0.5942112029182561 0.026051244911617387 0.08045139183263199
1 0.2953068509706243 0.7512350846689051 0.025314260515449584 0.066388891832632
4 0.8056125079134577 0.6167955310485572 0.02629690637700648 0.08513889183263199
2 0.2550193656699454 0.7142906453760111 0.024659163274411533 0.05388889183263199
4 0.8221205772261918 0.5285589210670907 0.027852762324472025 0.11482639183263199
4 0.7541441039113004 0.38144087360682855 0.04330069990914289 0.17151290145127884
4 0.6883929511523383 0.39625983095589 0.030568326548823067 0.1071230192372937
4 0.6671044493433161 0.3484770953838603 0.04215427973732631 0.14963790145127884
4 0.644362990161919 0.36257680091882305 0.03845606965141819 0.13859127404661714
4 0.8002831987774892 0.5449750947508881 0.02464587516934209 0.11315476442797028