2 0.15488881162235943 0.5666753714701855 0.03781426051544958 0.06662521034569906
2 0.1644275859326189 0.5695275868304494 0.039704309135968605 0.07292067445232178
2 0.17507515886339747 0.578607070137402 0.041512470601357876 0.07765363855894432
2 0.21913609735257963 0.6579164854185237 0.03724105042954129 0.05568771034569906
4 0.8088193950685876 0.6227623031151502 0.06312852103089917 0.13288670783841638
4 0.8435385538204432 0.5536796825028945 0.05244332654882342 0.10761392319868043
4 0.6958490835577698 0.7066408611118513 0.048008132066746964 0.082522994985435
4 0.7517815010160528 0.6541547071135007 0.06641729534115867 0.1361026360516618
2 0.20388623360319827 0.6356694123781278 0.0389673247398008 0.058858174452321776
4 0.7953743707583281 0.620023748021443 0.056059649479601605 0.11707985141192587
1 0.22941185605900696 0.6748312007787876 0.041266809135968606 0.07296613855894432
1 0.20877180743848794 0.6691722341648825 0.03477114767057934 0.06809678213245363
2 0.06797755257724789 0.32664741653476287 0.07259205223856365 0.10507995658477531
4 0.836367862956412 0.6258729312492533 0.04858134215265508 0.093460494985435
1 0.20635613636216027 0.6230784841648824 0.0432387449116173 0.08082410266556703
4 0.8198387822237173 0.6240065543687914 0.048908890773174465 0.09971049498543501