3 0.9727725581607392 0.35463417471319414 0.02933743145709187 0.12978258838228235
2 0.09653149267218958 0.606039280293694 0.03350972099021765 0.0678745842330974
2 0.1049887347796818 0.6090342257295907 0.03699874203690508 0.07436138257342365
2 0.11620695584048664 0.6185159695058133 0.037271757821920604 0.07904888257342346
2 0.1570146953877301 0.6992932954405411 0.034435184158514695 0.05705548340326043
4 0.7623462084713226 0.6666927763682238 0.05608194198043535 0.13492037427505377
4 0.7855253742139858 0.6190132155803431 0.04681335779368574 0.10932837842423862
4 0.6285865875234572 0.7671994939999374 0.043794773606936135 0.08420997925407558
4 0.7160179690652535 0.734589748773822 0.03910727360693613 0.08385478174358667
1 0.16645831384593388 0.7392437892167637 0.0320382262518895 0.06931868506293455
4 0.6987016664485349 0.7489715574871103 0.04415879465362345 0.09045997925407559
2 0.1446890006352845 0.6818806524941554 0.03608868942018657 0.05873638257342364
4 0.7389619163779477 0.6774759884008599 0.05048438936371689 0.11894017676456467
4 0.737056324086929 0.48115709545447416 0.08675508930724725 0.18080155933798814
4 0.6702328451336163 0.4698159311374642 0.061770499858825545 0.15246307178554272
4 0.6510124082736786 0.4495267419253448 0.07141851564384112 0.1578609668065209
4 0.6245031161803036 0.460073155617655 0.06453147881213823 0.1464498701258688
4 0.7120654874105178 0.6542510533379254 0.06104245776545092 0.13996307178554285
1 0.08389352673188226 0.4457879419114117 0.0968427208490433 0.2204560551888033
1 0.04203355147776845 0.44337241431701 0.0840671029555369 0.20087726099766207
2 0.023199886979936 0.35891398132866803 0.046399773959872 0.13707487012586891
4 0.7730183979620963 0.6855495201444464 0.044431810438639016 0.09514747925407559
4 0.6910550373964003 0.6377497149556431 0.05809946828879457 0.1428512734452168