3 0.9267406416776854 0.07442471562857615 0.08475785956551007 0.13065685775648758
2 0.22007115558403711 0.7013567028498191 0.03000176051544958 0.06701708163720568
2 0.2294461555840371 0.7008653799190405 0.033372421980838854 0.07186835594746536
2 0.2429321234718615 0.7040755891004377 0.033699970601357876 0.07811835594746519
2 0.3139716417892272 0.7591072478522933 0.03099105042954129 0.05616146879233561
4 0.842814857529345 0.4611202114447046 0.049066021030899166 0.1334609531885033
4 0.8423744442549335 0.40787238071201004 0.04150582654882342 0.10813340456798426
4 0.7674540886461524 0.6076477306665815 0.040195632066747145 0.08313340456798421
4 0.8298854895960922 0.5432709701511319 0.03394563206674732 0.08280585594746519
1 0.36075478855529536 0.7997422139310955 0.02852114767057934 0.0684976944820761
4 0.8144618854576491 0.5628807852799943 0.03896068068726599 0.08930151741285464
2 0.29127777023792967 0.74462866802411 0.032635437584671044 0.05780585594746519
4 0.826610003390902 0.4807709701511319 0.0435596494796016 0.11759029172311415
1 0.20403671980838833 0.6943630744011167 0.040113744911617386 0.08157090456798421
1 0.17858301842890736 0.7019642124607575 0.03830558344622812 0.07680151741285464
2 0.05292351989924539 0.531502305517924 0.05524077792830413 0.10262038896415202
4 0.8599171483479479 0.4735416463158423 0.0391244549975255 0.09242651741285464
1 0.1050459418800842 0.5992763037089016 0.04832903663473137 0.11939845318850324