3 0.8529148858003927 0.8722501745853357 0.09108974672063966 0.13058006175762457
2 0.1794606914298583 0.26701870077878753 0.033126760515449584 0.06648881802583091
2 0.18879474785229342 0.2675271661390514 0.03657930913596861 0.07282974623907634
2 0.20306196574011776 0.26321173917944735 0.03682497060135785 0.07751724623907634
2 0.2769808225920943 0.20723687232811533 0.034116050429541286 0.05559678213245363
4 0.7887660131174414 0.48876773634296045 0.055316021030899165 0.13265938730530316
4 0.7859409062654649 0.5426739863429605 0.04619332654882306 0.10743206677218975
4 0.7214224621220732 0.34485626346084913 0.04332063206674697 0.08238660266556704
4 0.7805650887617533 0.40710019919594187 0.03863313206674697 0.08225021034569902
4 0.7659636782008752 0.38802359026216876 0.04364818068726599 0.08863660266556703
2 0.2536285317734913 0.22117735187414417 0.03576043758467105 0.05720474623907632
4 0.7741646025565633 0.4696911274091873 0.049809649479601606 0.116897994985435
1 0.19232918362794219 0.25962373792580606 0.0448831320667471 0.08243206677218975
1 0.16559958729141533 0.248700609791703 0.041512470601357876 0.07765363855894432
2 0.015135919833132259 0.4562810922407257 0.030271839666264518 0.1030628155185486
4 0.8073898603584795 0.47574489911679957 0.04389384215265544 0.09332410266556704
1 0.09785548733684384 0.3356981561099216 0.054333375169342134 0.11390938730530316
4 0.7371869029861047 0.4161629621280657 0.056469085255250386 0.12489235141192583