3 0.9587942587805987 0.1854686793765584 0.06788745764913066 0.12148526217486459
2 0.1664361254814745 0.6793989480508353 0.020685204722264317 0.0644170560063543
2 0.17581567066101428 0.6803438392845373 0.02227497579950315 0.06913182954530477
2 0.18834748691779296 0.6860307775961402 0.022311337235821637 0.07538182954530477
2 0.25044803199913684 0.7527330823846785 0.02373748184962743 0.05197160308425506
4 0.8079100322937245 0.5679521225594251 0.028879499803608155 0.1301784237011061
4 0.8254742613146815 0.498734518257354 0.025609054058334378 0.10512387662320535
4 0.7210827188656161 0.6820498043782061 0.028588608313060426 0.0801784237011061
4 0.7722361527070334 0.6126373311635673 0.03202268052176756 0.13335797077900685
2 0.23003099286972128 0.734409776378324 0.02530907220870704 0.05356137662320535
4 0.7954418485505031 0.5732026842478224 0.027226096212812044 0.11452615016215581
1 0.2362946284083407 0.7368626205341255 0.028579517953980903 0.07861592370110611
1 0.2159866735878805 0.7372893145277711 0.026989746876741983 0.07390115016215582
2 0.024588472185265893 0.46678807954530477 0.04430451190385668 0.09607615909060954
4 0.8352537822937244 0.568429409491056 0.02551815046753845 0.08949887662320535
1 0.1766060110200939 0.6819199760540127 0.030214740826617837 0.0911431972400564
4 0.8157498033709633 0.5727759902541768 0.022438602262936057 0.09725682954530476