2 0.09300977781676248 0.5578796604104042 0.03937676051544958 0.0677181210184525
2 0.10143975350650296 0.5615051893495995 0.04282930913596861 0.07415013154179632
2 0.11106373699815957 0.5722529735504664 0.046199970601357866 0.07901964206513998
2 0.14270216135384758 0.6563773445689189 0.040447937584671044 0.05843412628012423
4 0.749156879241672 0.6877811360975963 0.06937852103089917 0.13489021046687383
4 0.7773947438955645 0.6424077229151819 0.05704893939369349 0.10769067363517096
4 0.6076477306665815 0.7712244257013097 0.05269563206674714 0.0840711631118273
4 0.6941551187262224 0.7504029624624253 0.048008132066747145 0.08379814732681172
4 0.6710075457954439 0.7584583861681835 0.05302318068726599 0.09032116311182747
2 0.130608275103229 0.6329475498447082 0.0405298247398008 0.05999662628012441
4 0.7244468063108934 0.6957455545416827 0.0623096494796016 0.11890118942018653
1 0.10020812415328932 0.5700534367187634 0.0526956320667471 0.08407116311182747
1 0.06990314846354884 0.5651538341161624 0.049324970601357834 0.07920165258848363
2 0.04496950474969839 0.3082367052052021 0.07571705223856362 0.10722023677523325
4 0.7567270398025501 0.7078129150367916 0.05326884215265544 0.09500866311182747
1 0.06214928143480708 0.45891153939195173 0.06683337516934214 0.1160492052052021
4 0.661994393940993 0.7211025993364807 0.07053158525525038 0.12716871572854593