2 0.08117946403563472 0.261136323052483 0.06826019867918125 0.0933602621748646
2 0.12461348006840596 0.5018334610397741 0.044513616008908664 0.06638865909060954
2 0.13326177406904227 0.5063709565755473 0.04769316000954502 0.07113070616851011
2 0.14356347473740583 0.51869367857237 0.05559656667727224 0.07907957386326192
2 0.16788276941435992 0.594065825488115 0.042842028007636035 0.056986385551659066
4 0.763977066756814 0.6508621071480355 0.07961586935072659 0.12948867694751698
4 0.8011588934197688 0.6228637922132273 0.06369996801399935 0.10421594155801354
4 0.6725259107654045 0.7157524959461055 0.065171561346272 0.09643071509696402
4 0.6220173807685863 0.7400763859619917 0.05719542934436319 0.0822318474022122
4 0.6608975200906777 0.6565684107187579 0.05719542934436319 0.0822318474022122
4 0.7318009134309046 0.7061223514659926 0.05563292934436319 0.08220457386326174
1 0.17821174208304164 0.6087322974849377 0.04923747867599957 0.06959547970746058
4 0.690840106102768 0.7451263502481765 0.04278748400699968 0.05229888555165907
4 0.6997151194302683 0.7019939590144746 0.057213610677908554 0.08379434740221221
2 0.15676345607890546 0.5786317402607674 0.04442270934118149 0.058576159090609536
4 0.737968550087496 0.6317808705407161 0.06686133068109026 0.1073954886359143