3 0.9740927801146058 0.2695260795387142 0.03640702669174587 0.12710797077900687
2 0.11163395349940974 0.6180114346581547 0.029236513840164458 0.06608865016215582
2 0.12094528650321537 0.6197375758918569 0.03255251482874764 0.07083069724005639
2 0.1315326180241462 0.6285222406645092 0.03280718281352515 0.0770806972400564
2 0.17850843570491262 0.70361374391092 0.03035334486680368 0.05517842370110611
4 0.7790588754385201 0.6046435990204747 0.04753552768032883 0.13198638555165906
4 0.7982837193167406 0.5549436079489285 0.040266855741218424 0.10687729139585792
4 0.6524406842220378 0.7189225129823482 0.03924818380210837 0.0818772913958579
4 0.7370040266173836 0.6773992605467163 0.03299818380210837 0.08176819724005639
1 0.19022984429815 0.742126818991998 0.027737680836358837 0.06762387662320535
4 0.7214917731573426 0.6935464119266881 0.03794035178688589 0.08810001785690744
2 0.16430135566685652 0.6877296452908919 0.0319795118629981 0.0567681972400564
4 0.7566427059708676 0.61754301947517 0.042211357718385044 0.11627956493480802
4 0.737274576540834 0.44051686931301415 0.07737953657757757 0.1746648092527653
4 0.6693058265408339 0.4393304703686744 0.043455522737412974 0.10849433847375849
4 0.6528650844494994 0.40151682467074556 0.06242569863085592 0.1525443474022122
4 0.6296994984799442 0.41362135835596553 0.055730029657495274 0.14149775324641087
4 0.7277510434232977 0.5974935722351136 0.052414028668912135 0.13675570616851013
1 0.08804123908840404 0.4487296006486231 0.08209621148243725 0.213781856330666
1 0.046507655096015246 0.45113185186643906 0.07202087452429894 0.1964307150969639
2 0.020148050133415057 0.3817409237011061 0.040296100266830115 0.13368525324641087
4 0.7908267049822845 0.6228305373320774 0.03806768577927464 0.09122501785690744