3 0.815216811965103 0.8766596090439254 0.09906602103089916 0.13715764342931003
2 0.2019055794894992 0.23310718692321836 0.03781426051544958 0.06782785009228505
2 0.21119869233436944 0.23406890962532242 0.041266809135968606 0.07427810919158373
2 0.22538402306706412 0.23082399367847853 0.04307497060135788 0.07906573874123302
2 0.3029225248760864 0.17758027529531112 0.03888543758467104 0.0585529796419344
4 0.7812843837642278 0.46927670805647637 0.06625352103089917 0.13505492288667434
4 0.7774766310506942 0.5419329580564763 0.05400582654882306 0.10935401603912887
4 0.7312544855278216 0.3393376866186765 0.049570632066747146 0.08415375693983033
4 0.7598088534610745 0.4184849660760408 0.06789790818602892 0.1367175524363235
2 0.2788708712126132 0.1908009685400509 0.0389673247398008 0.0601154796419344
4 0.7707563195398766 0.46216511490402157 0.0591846494796016 0.11902940468807692
1 0.3062522427639108 0.17347376619601246 0.05113313206674715 0.08425388648947965
1 0.281951605608781 0.17658827421557696 0.047762470601357875 0.07936612739018098
2 0.02092889642738391 0.41367247378183825 0.04185779285476782 0.1070300524363235
4 0.8074783915661439 0.4746057557124379 0.05014384215265544 0.09509125693983016
1 0.24478912030810207 0.2171224390826867 0.056475729307785195 0.09705427513842757
4 0.7900009644969224 0.466382245533405 0.05047139077317446 0.10134125693983034