3 0.9715780778962774 0.7355337730942676 0.04051700668363552 0.12613660266556703
2 0.13699727661522965 0.3747917483506473 0.02574543467536321 0.06478992570596294
2 0.14567284261618413 0.3675104457642226 0.027380660009545022 0.07108538981258557
2 0.1575006806174568 0.35779446496455247 0.027453385343726787 0.07733538981258556
2 0.21068986262731998 0.28361516739269266 0.02718066534054513 0.053897889812585566
4 0.7898859192791388 0.37610025178236667 0.039027232017817326 0.13234113855894442
4 0.816375146602503 0.44874212991646967 0.032486330681090435 0.10715928213245363
4 0.6878972526257291 0.28144463281946364 0.03373974801081765 0.08064224623907634
4 0.7364705652848659 0.33548126346084917 0.034157918682362974 0.11657974623907634
2 0.19249384595800195 0.3036692546188535 0.028761346674090582 0.05550585391920828
4 0.7766046692791388 0.3764866966886594 0.035720418682362975 0.11662521034569906
1 0.258937005967547 0.23144726214070094 0.027398841343090473 0.07264788981258556
1 0.23626257463400152 0.23366899168672978 0.022638616008908662 0.06626149749271751
2 0.02805008529600172 0.6068577537609237 0.05610017059200344 0.11735263605166182
4 0.8172205786123662 0.3760858799164697 0.03230451734563573 0.09153428213245363
1 0.2242711046308198 0.2574474724863999 0.022656797342454203 0.0678239974927175
4 0.8008234192791388 0.3757820030360079 0.029270424013363085 0.09925585391920828