3 0.7808833770134758 0.9787848257661398 0.1074608105039836 0.042430348467720334
2 0.24142766739269267 0.231380312020385 0.042534492478152594 0.06846577673520508
2 0.25071173917944733 0.2351608758823554 0.04735838479802066 0.07348105866619029
2 0.2647969712327587 0.235362971675311 0.049102741224511345 0.07984031930985205
2 0.3464023238983257 0.20192739482389038 0.04226170783841656 0.05909077673520509
4 0.7901102421489481 0.6110659921294552 0.07716555674305994 0.13326025025210148
4 0.7761410188711255 0.6875902873019923 0.062375631037097 0.10727690445914603
4 0.7510741373718102 0.47290507442875757 0.055489133544379496 0.08496486188449896
4 0.76449412820061 0.5497789308653749 0.0788189849563052 0.13649451089576328
2 0.32115227131190094 0.20877297452530258 0.04386967194503919 0.06076253737886683
4 0.7777693665221276 0.6047231569801614 0.06738137978345567 0.11854218639013112
1 0.3622773764847504 0.19442625126050772 0.05209134890464338 0.07537134059717551
1 0.3438001611244865 0.1837401235365669 0.04575042069139794 0.07180929802252863
2 0.03498627652432158 0.3622157767352051 0.06997255304864317 0.11004127153942508
4 0.813138565189344 0.6267674017843813 0.05732441818411545 0.09444912252816078
1 0.3136891122989855 0.2231250516288248 0.05732441818411545 0.09444912252816076
4 0.7993261177757688 0.6171903059914257 0.05750627461060631 0.1006991225281606