2 0.10140606072350314 0.4966673306457431 0.04642401384016446 0.067662688998964
2 0.10725681270066949 0.4870376195208726 0.049740014828747625 0.07249573821317572
2 0.1163598986702246 0.47413735918179045 0.05149351581733078 0.07725601282028158
2 0.14486158346091615 0.3870354654680967 0.0444795118629981 0.05821491439185813
4 0.7327382682516077 0.273880262410506 0.08178319368794007 0.13169095574818704
4 0.7802552554000264 0.3324889749831186 0.06670202174882985 0.10603598428423426
4 0.6062195306088973 0.22129041749673925 0.05956068380210837 0.0838698858558109
4 0.6687858561983292 0.25502540860539913 0.0717715237259963 0.11562930810555191
2 0.13371849501990307 0.4117272504142847 0.04610567885919252 0.059850188998963993
4 0.7208603507611218 0.2783323219638 0.07333402372599629 0.11570208271265772
1 0.16880576083723386 0.33523537096861467 0.04980368182494201 0.07405823821317573
1 0.1530215933467479 0.33986936703967324 0.043299013840164415 0.06751713978475227
2 0.0630306743362061 0.7495397735736485 0.09552735870696813 0.12453342721213971
4 0.7596191032325796 0.2648305940897065 0.06150518577927464 0.09331766046291676
1 0.14690158593237407 0.37524394086099083 0.04492518083635884 0.06915241439185812
4 0.7438031022439965 0.270245840160765 0.06169618676785795 0.09800516046291677