3 0.9706220228184741 0.8950110801240851 0.0587559543630519 0.12748974801081764
2 0.05793849850218793 0.4611738573360908 0.04802265394280305 0.0910977146721816
2 0.20908705501066818 0.2857573286919079 0.03348192182065048 0.06595226400381797
2 0.21852582788948544 0.28664766669318065 0.035427059093554106 0.07065794533736351
2 0.2338319634953991 0.28292323002863506 0.042187242124092264 0.07698067067154524
2 0.2921867263722767 0.23286923337045282 0.03415160151720871 0.05503294533736351
4 0.848483621231224 0.5172031587762222 0.06240388939893542 0.13341248400699968
4 0.8652723795661738 0.5603264501113585 0.04617311151914834 0.10668635200509051
4 0.7961880554697102 0.41200658143694985 0.05009533697334127 0.09736589600572709
4 0.7633916598618568 0.364013976766359 0.0441323793969957 0.0816863520050907
4 0.7575080638046598 0.4544844354312228 0.04413237939699588 0.0816863520050907
4 0.8440354951682082 0.4531497494429949 0.041134925154630506 0.08321248933799978
1 0.3019443636451803 0.23766582137172548 0.04346269970043757 0.09260567067154524
4 0.8262263707721822 0.3975264581078587 0.03520391848667046 0.04880112667090888
4 0.8137102663800352 0.4449918041056315 0.04269742515463042 0.08323067067154515
2 0.27479193228163207 0.23969139803468026 0.03584164727484325 0.05661362667090888
4 0.7825557322913304 0.5031673834340863 0.05108375212603189 0.1285977146721816
4 0.808895091684447 0.48161964743790425 0.04193215060882309 0.07385567067154533