3 0.909351142281615 0.11030713993842363 0.08484452669174587 0.12702610831306052
2 0.010253114601286145 0.538944325331965 0.02050622920257229 0.09086134933607007
2 0.15674618224487152 0.7153244972695255 0.030799013840164414 0.06578862646343317
2 0.1661530157429687 0.7144887051150478 0.03255251482874764 0.0704852168225127
2 0.18161884825248273 0.7183040515242516 0.039057182813525194 0.07677157825883114
2 0.24204967087616502 0.7687216871610669 0.031915844866803766 0.0548602168225127
4 0.7976908117120863 0.49289744702182015 0.05228669467652321 0.1330852107723885
4 0.8004457385941125 0.4444554018422803 0.04182935574121842 0.10646816861791084
4 0.7166543759328116 0.5839724197962612 0.04613485376405215 0.09712043969514976
4 0.7081123640698135 0.6402587812325796 0.04081068380210837 0.08146816861791084
4 0.7851470493547966 0.5515502843558376 0.037749350798302925 0.08301248789975162
1 0.2631606669218323 0.7873444221339523 0.03405134783255317 0.06893180718159239
4 0.7657457919404228 0.5868110734852532 0.03950285178688588 0.08770907825883115
2 0.22436742235903973 0.7617949762904825 0.03354201186299814 0.056431807181592394
4 0.7621525597349199 0.5024769801011114 0.043773857718385045 0.11585225897699054
4 0.7003303334609161 0.3903633203619953 0.06800453657757739 0.1737920240041051
4 0.6396965809894583 0.40243204918656056 0.051331689733607355 0.10964771077238851
4 0.6217715933467479 0.3439564738545956 0.06873936562705048 0.15348861436318478
4 0.5913200893924152 0.36287919067710833 0.06204369665368965 0.14251475292686627