3 0.9152082633767946 0.942999153652939 0.0788613190854491 0.11400169269412216
2 0.18113078357027074 0.30398535364324064 0.026944295081343928 0.06779327787978709
2 0.19050578357027073 0.30475062818904786 0.03009656615858276 0.07273586939505616
2 0.20380975946796975 0.30192851712894136 0.030132927594901292 0.07898586939505617
2 0.2721193979334554 0.24888300758604368 0.028443162567786652 0.056983323637421625
4 0.8058121001216371 0.544129929575872 0.04295109016268776 0.13469373545613247
4 0.8155547387835144 0.6160527270004965 0.0365556444174139 0.10918355242559433
4 0.7315347836684666 0.4137889832094143 0.036410198672140126 0.08418355242559432
4 0.7748439012531051 0.4931415144231813 0.046094270880847076 0.13807382697140155
2 0.2501534943426592 0.2627223669791602 0.030014752926866173 0.058673369395056164
4 0.7941342567374953 0.536142086393613 0.03817268657189175 0.11868609818322895
1 0.2501534943426592 0.2627223669791602 0.036401108313060426 0.08262105242559432
1 0.22988644613805737 0.25325177212991123 0.03481133723582168 0.07780600666795978
2 0.022178485267472944 0.484725686364518 0.04435697053494589 0.10382637272903601
4 0.8331376694034777 0.5494869803344764 0.03490224082661797 0.0934310066679597
1 0.1826796480316513 0.3064566494008752 0.039598831185697445 0.0953761439408634
4 0.814428576019336 0.5409251812428619 0.03338519262201593 0.10111596091032524