3 0.9560550459319366 0.17173954362741567 0.068964858706968 0.12068520472226432
2 0.13203002513450884 0.670166533373879 0.021360346843970035 0.06417158430895534
2 0.14140502513450887 0.6701119912194013 0.023113847832553214 0.06886817466803503
2 0.15365035714973127 0.6762892683467643 0.023368515817330772 0.07511817466803503
2 0.21110075981146964 0.7423455395221991 0.025538510874414923 0.05169885538619425
4 0.7809224643738247 0.5593855102535367 0.03184686068413463 0.12984203610435366
4 0.8027603136892527 0.4834951759445813 0.02770318874502422 0.10482385538619425
4 0.6866220246402173 0.6692832059006146 0.029745849809719616 0.07827953610435348
4 0.7312925374917985 0.608100266205465 0.02808519072219049 0.11419885538619426
2 0.19230168026770517 0.7244904190106942 0.0256021778706093 0.053261355386194253
4 0.7676093808757274 0.5602440283057135 0.02808519072219049 0.11419885538619426
1 0.22730142137045659 0.7664642955723233 0.023177514828747636 0.07043067466803485
1 0.21405200486855377 0.7657603136245 0.018299013840164413 0.06571590359079611
2 0.01350279000043752 0.45846648497288534 0.02700558000087504 0.09556703005422928
4 0.8084253818643106 0.5553201789696434 0.027066518783080175 0.08919885538619425
1 0.20252159726389954 0.7228688316766767 0.020179848821136392 0.07353749394987581
4 0.7919236313700191 0.5577593777399794 0.024259853764052153 0.09699317466803503