3 0.9448161764165508 0.8929831982109265 0.07259313836729006 0.1263661818249421
2 0.17365216520006527 0.31247211958138305 0.023810204722264316 0.06501750494291585
2 0.18303171037960508 0.3136353715585494 0.02540906615858276 0.07133117193911023
2 0.1962811441228264 0.30870779102620177 0.026998837235821683 0.07608233893530461
2 0.26076582493918155 0.24963122136826899 0.02687157220870695 0.054207338935304605
4 0.8184157402374428 0.5129216720134723 0.036701090162687675 0.13271434091247086
4 0.8241935624461496 0.5662695065001527 0.03029655405833438 0.10589717292769336
4 0.725410107920277 0.3685403192380033 0.0317136083130606 0.08096083992388774
4 0.7968538367448422 0.4315934175648481 0.027035198672140125 0.0823323389353046
1 0.2824408370394299 0.21614755931499047 0.022256795081343927 0.06651633794672147
4 0.7858072524358869 0.41239774859148726 0.03019656010845857 0.08870967292769341
2 0.24286979781181844 0.26139905091203347 0.02688066256778665 0.05576983893530461
4 0.800342451108027 0.4942207515572369 0.03192268657189175 0.11689833992388791
4 0.7355901255796703 0.6415467377170725 0.04946471057599684 0.17853617688202625
4 0.6620526316297946 0.6213668888959359 0.03500223477649378 0.10921317391627668
4 0.6420310231203423 0.6705392179454088 0.04931926483072289 0.15353617688202625
4 0.6169219388113869 0.6507705460062987 0.04300563231716552 0.14234400889724858
4 0.7762646016737611 0.5174526631162237 0.027117011903856535 0.09639483893530461
1 0.0902634691602038 0.47856535178688586 0.052789698475748395 0.21303851087441497
1 0.05972654146710665 0.46560509536109523 0.0480022045258726 0.19566000988583174
2 0.020932207059955375 0.5101071704562354 0.03670109016268789 0.13271434091247086
4 0.833958927005726 0.49949584197541624 0.03021474082661797 0.09183467292769336