2 0.1265625 0.42122834334502246 0.0328125 0.06619774431795715
2 0.13515625 0.41795333888079556 0.0359375 0.07250229139585791
2 0.14609375 0.4083874241081432 0.0375 0.0772170649348082
2 0.1875 0.32797717532595916 0.034375 0.05528751785690744
4 0.77734375 0.35049391437220584 0.0546875 0.13220457386326193
4 0.8140625 0.4123529862068729 0.0453125 0.10704093262955983
4 0.66171875 0.265012156254531 0.04375 0.08201365909060954
4 0.73046875 0.31771837054071606 0.0578125 0.1353841209411626
2 0.17265625 0.35089252394598747 0.034375 0.056850017856907444
4 0.7640625 0.34916323945328376 0.0484375 0.11647047970746058
1 0.1609375 0.373753325488115 0.04375 0.08201365909060954
1 0.13984375 0.3749027682639446 0.040625 0.07727161201270887
2 0.0484375 0.6632170202925394 0.065625 0.10270798863591431
4 0.80390625 0.34221776421005007 0.0421875 0.09292388555165916
1 0.1078125 0.4426493758124265 0.0484375 0.09459547970746059
4 0.784375 0.3441211834469293 0.0421875 0.09917388555165915