2 0.13376720231604208 0.5081008278879166 0.042152438829583395 0.06657055737069442
2 0.14023540786312544 0.5173303575231942 0.046949041603125075 0.07136716014423605
2 0.1491200985925699 0.5296303357717013 0.04865701196784729 0.07765352773541671
2 0.17920894851631997 0.6133507191304512 0.04193423328250008 0.057195557370694414
4 0.7674551373459033 0.6653196886421522 0.07641964247680555 0.12983427678548623
4 0.813656683698681 0.6017104771111452 0.06177526101791671 0.10450696846486114
4 0.6423473409931256 0.7307654635277773 0.05501611474138883 0.08248649810013901
4 0.6938000850092021 0.6912658992232286 0.06668096656499997 0.11399107123840277
2 0.1677077508530213 0.5893865422687151 0.043533100873680564 0.05879442496187508
4 0.7108778290252784 0.6525664219246522 0.06671733415618064 0.11555357123840296
2 0.09121145393156271 0.2581742162806596 0.0903003045209029 0.12234908510611123
4 0.7949625415062158 0.6717145057964924 0.05679682028847246 0.0918978656913195
4 0.7784471887326742 0.6674088655038883 0.05694229065319441 0.09814786569131932
2 0.1780458388089241 0.5969626529260414 0.03880923328250008 0.05712282218833344