3 0.98046875 0.298768792404949 0.0390625 0.127503238741233
2 0.14140625 0.6301554742432636 0.025 0.06566457279438911
2 0.15 0.6377374367663349 0.0265625 0.07201470234403846
2 0.16171875 0.6478634083887047 0.0265625 0.07826470234403846
2 0.2140625 0.723873998301957 0.0265625 0.05482720234403846
4 0.79453125 0.6516971259966798 0.0375 0.13365310919158374
4 0.821875 0.5800118931155429 0.03125 0.10825259099298634
4 0.69140625 0.7427448257198246 0.0328125 0.0817902205426357
4 0.7296875 0.6928542496862329 0.0328125 0.1177277205426357
2 0.19609375 0.7031912584809898 0.028125 0.056489831893687635
4 0.73671875 0.6511173326596549 0.034375 0.11782785009228505
2 0.0328125 0.3942902205426358 0.059375 0.11942992288667416
4 0.821875 0.652668143115543 0.03125 0.09262759099298634
4 0.80546875 0.652398032844225 0.028125 0.10023983189368782
2 0.20859375 0.7078985448781843 0.0234375 0.056189443244739935