3 0.9856054658516594 0.8562947724869726 0.028789068296681108 0.12254961179556503
2 0.17661224615481277 0.3344717476377473 0.022107373360319826 0.06471726442797028
2 0.18598724615481277 0.33479912985173244 0.023915534825709094 0.06945932813030113
2 0.19815969753429377 0.3289856394703793 0.02424308344622812 0.07570932813030114
2 0.2548357434412793 0.2646800920101172 0.026139776119281775 0.052380955534962845
4 0.8262171777465902 0.4686707429980599 0.033359133875769234 0.13061508293962448
4 0.8493924061498639 0.5388840392771955 0.028923939393693133 0.10550595553496293
4 0.7311769154221182 0.3514981119652011 0.030656857756487632 0.07905258293962455
4 0.7871646438253921 0.4228572459932848 0.03500352103089917 0.13223214664195543
2 0.23624619572527145 0.28196679573098155 0.026221663274411534 0.053943455534962846
4 0.813430572703636 0.46276548337941303 0.029415262324471936 0.11488095553496294
1 0.26359658977780615 0.2532887242241023 0.030656857756487632 0.07905258293962447
1 0.23653944482076028 0.2578026094333124 0.028848696291098364 0.0743105192372937
2 0.050248899252459026 0.542170141832632 0.048745116462914864 0.09684028366526398
4 0.8535199841690251 0.4688443577888499 0.028105067842395925 0.08988095553496293
1 0.22505639020734752 0.3065302861123347 0.032792567842395925 0.09004464664195541
4 0.8337840162812007 0.46425606150971427 0.02538950361804453 0.09758432813030105