3 0.973603669899975 0.21882335430866168 0.0426996285298145 0.1256818384737585
2 0.12234842913768218 0.6256703814944695 0.026864028371529923 0.06449887662320535
2 0.1316779650310595 0.6270692402607674 0.028608384798020657 0.07077615016215581
2 0.1431693944979461 0.6346771887186398 0.028790241224511393 0.07702615016215582
2 0.19339906353999142 0.7064197751638034 0.02810827962517117 0.05358865016215582
4 0.7770503010035791 0.5869126554437522 0.04131898495630537 0.1319045649348082
4 0.8065308640148452 0.5129978685121211 0.034341559250342255 0.10679547077900686
4 0.6710837943396616 0.6863689590144746 0.03513116943775678 0.08026024431795716
4 0.7219165201247668 0.6300410925375388 0.03617684389007856 0.11619774431795715
2 0.17599861487277496 0.6872021708617323 0.029716243731793844 0.05517842370110611
4 0.7638145151102018 0.58558198052483 0.03773934389007838 0.11622501785690745
1 0.21121704935422647 0.7381237426963994 0.028653848904643286 0.07233865016215582
1 0.19570570962078318 0.7344902280859028 0.023784492478152598 0.06600682954530476
2 0.026385340591373117 0.39161475568204285 0.052770681182746235 0.11666139448011296
4 0.8044167830568905 0.5856541185121211 0.03388691818411545 0.09117047077900686
1 0.18749004433966152 0.6948101193196048 0.023829956584775314 0.06756932954530477
4 0.787987801003579 0.5867217406710997 0.03098923871722903 0.0989284237011061