3 0.9493405857095356 0.7741185516909018 0.031714746720639654 0.1292893937136938
2 0.11197221901947814 0.40384209160399787 0.03156426051544958 0.0669349429279055
2 0.12147004975217279 0.401934989246633 0.03501680913596861 0.07333049214211709
2 0.1328579291053864 0.39385066149637404 0.03682497060135783 0.07809076674922304
2 0.18374539970674425 0.31947139970954974 0.034116050429541335 0.056142992142117175
4 0.7783375254419133 0.43566171153464606 0.053753521030899164 0.1334332382131757
4 0.7952483864777612 0.48657139412346934 0.04463082654882307 0.1080693651776464
4 0.661413376300996 0.32057390487683624 0.041758132066747146 0.08299659057054054
4 0.7414793345778818 0.36189457174989376 0.03707063206674714 0.08277826674922295
1 0.19825163500742318 0.2817723465663966 0.03164614767057934 0.06849744292790545
4 0.7266732061291794 0.34554182567883523 0.042085680687265994 0.08924659057054055
2 0.16882308457788184 0.33522267824559704 0.034197937584671045 0.057705492142117086
4 0.7571176226829512 0.422142867035164 0.0466846494796016 0.11751713978475227
4 0.6740650260077402 0.6320764851082946 0.05777927973732631 0.15076628742738746
4 0.6405564851891372 0.6438294683590715 0.068880554047586 0.1544007096771285
4 0.623652268205824 0.6226800603773542 0.06213923111680728 0.14473461124870504
4 0.7271058960886997 0.4418902868037057 0.05868668249628843 0.1383390620344933
1 0.08115158695273106 0.48385492328319835 0.07127521370395287 0.1108690334984459
1 0.046953649368059985 0.5386494311410811 0.08054839439121898 0.19858735731976368
2 0.01517466276638516 0.636684516749223 0.03034932553277032 0.13535961124870505
4 0.7917792277259054 0.41827515839149293 0.04233134215265544 0.09393409057054054