3 0.9520406261555461 0.8515433389811765 0.05354620031656907 0.12507914558877847
2 0.13795802342347202 0.3696685572166855 0.023739028371529924 0.0654643136950905
2 0.14751487984996273 0.3640193345145814 0.025483384798020658 0.07181444324473976
2 0.1594836824363875 0.3561765561369513 0.02561977711788872 0.07650194324473984
2 0.21699831723440816 0.28941865514950227 0.02654577962517113 0.05472707279438911
4 0.7871480296916782 0.4660600146456277 0.03506898495630519 0.1332525909929864
4 0.8084259846271008 0.5417807078903676 0.02960859514371954 0.10638970234403847
4 0.6924924107287751 0.3566769177925452 0.03200616943775678 0.08158996144333716
4 0.7369039887837359 0.41744323950720014 0.02992684389007838 0.11732720234403846
2 0.19848399795493593 0.30701716532853507 0.026591243731793845 0.056289572794389106
4 0.7746707617449895 0.46447772824843325 0.031489343890078555 0.11742733189368763
1 0.24208088526023905 0.26128316316906675 0.025528848904643374 0.07337694324473984
1 0.22723713526023906 0.26033193244739816 0.020659492478152595 0.06682655459579187
2 0.019671682007422562 0.5853960818936879 0.039343364014845124 0.11590440468807692
4 0.8144235835317442 0.47015603176449094 0.029199418184115443 0.09232720234403846
1 0.21536762107447407 0.2916622755998529 0.020704956584775225 0.06838905459579188
4 0.7980627976383668 0.467542171493173 0.02630173871722885 0.09993944324473994