3 0.96875 0.81484375 0.0625 0.11875
2 0.15625 0.33515625 0.01796875 0.06328125
2 0.165625 0.334375 0.01953125 0.06875
2 0.178125 0.328125 0.01953125 0.07421875
2 0.2375 0.2609375 0.021875 0.0515625
4 0.8125 0.45234375 0.02421875 0.1296875
4 0.82265625 0.5046875 0.02109375 0.10390625
4 0.70859375 0.3203125 0.025 0.078125
4 0.784375 0.37421875 0.01953125 0.0796875
1 0.25625 0.225 0.01640625 0.06484375
4 0.771875 0.35625 0.02265625 0.08515625
2 0.22109375 0.275 0.02265625 0.053125
4 0.79296875 0.4359375 0.021875 0.1140625
4 0.7421875 0.625 0.0453125 0.16875
4 0.675 0.61875 0.025 0.146875
4 0.6515625 0.6328125 0.03515625 0.1484375
4 0.62890625 0.615625 0.03046875 0.13828125
4 0.7609375 0.4515625 0.02890625 0.13359375
1 0.1046875 0.48671875 0.0453125 0.20859375
1 0.06328125 0.478125 0.03828125 0.19140625
2 0.01640625 0.55234375 0.03203125 0.1296875
4 0.82734375 0.43671875 0.021875 0.0890625
4 0.73671875 0.46171875 0.025 0.13671875