3 0.7579521696191577 0.8996509744680996 0.10888296312533612 0.11060284200867017
2 0.22271160827820274 0.208777947595043 0.043651447033792846 0.06790013154179624
2 0.23108683699087926 0.21140241865584786 0.04721348960843983 0.0743321420651399
2 0.24525859763454103 0.20902087130080121 0.050666271539425004 0.07920165258848362
2 0.32784150469157697 0.16297335295553692 0.042995883171822416 0.05852513154179624
4 0.7671728943965619 0.5007430376081619 0.07781863342392406 0.1336917315135615
4 0.7558422744662912 0.5737633086548491 0.06357046312533629 0.10796368942018653
4 0.7314753310387946 0.3658821901966455 0.05724405347041035 0.08425317363517104
4 0.7514111366028917 0.44797435337905994 0.0811621547112475 0.13699874203690499
2 0.3021859408296066 0.1738044371422865 0.04466764381548423 0.060178636803468064
4 0.7576175779367015 0.4927408218090289 0.06891352698730664 0.1176117052052021
1 0.3234435817950992 0.1702321161097165 0.05724405347041017 0.084253173635171
1 0.29726349404791524 0.16631045555813798 0.053791271539425 0.07938366311182729
2 0.02546490370284129 0.3720801263507115 0.05092980740568258 0.1089647472985769
4 0.7922985805345915 0.5086164507905763 0.05789961733238051 0.09362817363517095
1 0.25094586892186455 0.20557735288494974 0.06425887797604232 0.09555469468185844
4 0.7766571550402237 0.4986345060381307 0.05833665990702741 0.09987817363517096