3 0.877163734178278 0.9475477375046154 0.08820120373287814 0.10490452499076923
2 0.19299247483949186 0.2798538880306391 0.03239548863591431 0.06762759099298643
2 0.20234020130054153 0.28201716532853505 0.03406708279171564 0.0739777205426357
2 0.21647088514791735 0.27901208127537896 0.03571140340856667 0.07876535009228505
2 0.2892731854722289 0.2304930405592477 0.03376707386326192 0.056790220542635786
4 0.8006611043053663 0.5510858567183483 0.05229097727182861 0.13445414558877822
4 0.8048616347441755 0.624092560142121 0.04404210064862317 0.10895349784053163
4 0.7365049212687694 0.41792410085825227 0.04204322402541756 0.08385336829088241
4 0.7734088575517772 0.4992835248246606 0.05547052434972919 0.13777940468807692
2 0.2663851103911511 0.24232241208933258 0.03379434740221221 0.0583527205426357
4 0.7890650852306429 0.5433036350959785 0.047330741882325354 0.11852875693983034
1 0.2893004590111793 0.22893054055924772 0.042043224025417644 0.08385336829088237
1 0.2658084119332786 0.23055359731450792 0.04039890340856669 0.07906573874123302
2 0.023085123783831655 0.45092095234403845 0.04617024756766331 0.10496690468807693
4 0.8271281469190402 0.5582568090623867 0.04223413879807012 0.09479086829088246
1 0.22673622930371873 0.2734129233480995 0.04692163879807003 0.09509125693983034
4 0.8093094013832671 0.5485115692414195 0.04078073295387128 0.1009407387412331