3 0.96875 0.81484375 0.0625 0.11875
2 0.15625 0.3421875 0.01796875 0.06328125
2 0.165625 0.3359375 0.01953125 0.06875
2 0.178125 0.328125 0.01953125 0.07421875
2 0.2375 0.2609375 0.021875 0.0515625
4 0.803125 0.43046875 0.02421875 0.1296875
4 0.82265625 0.50625 0.02109375 0.10390625
4 0.7109375 0.32265625 0.025 0.078125
4 0.75390625 0.3828125 0.02109375 0.1140625
2 0.21796875 0.27890625 0.02265625 0.053125
4 0.790625 0.42890625 0.021875 0.1140625
1 0.27578125 0.22265625 0.01953125 0.0703125
1 0.2625 0.22109375 0.01484375 0.06484375
2 0.02421875 0.55859375 0.04765625 0.1109375
4 0.83046875 0.434375 0.021875 0.0890625
1 0.24296875 0.2546875 0.015625 0.06640625
4 0.8140625 0.43203125 0.01875 0.096875