3 0.9326499088230868 0.9259741292170961 0.10420875212603206 0.12921588001272682
2 0.23930084243335298 0.23963302263686498 0.04129442182065048 0.06604317067154523
2 0.24880338819098752 0.24108643463559237 0.044929604851188645 0.07232953333863605
2 0.2618933195545357 0.23858814330045605 0.04687474212409217 0.07703521467218159
2 0.33462944682549967 0.19082225795672927 0.04052914727484325 0.05666817067154524
4 0.85707724229327 0.5366394565563687 0.07165134364130096 0.1319590720082724
4 0.855881275174027 0.5890468412237778 0.058673111519148335 0.10683180267345413
4 0.7859202351662684 0.38341500656432287 0.05350737939699588 0.0817954400063634
4 0.8463472942598225 0.4530911598902323 0.048819879396995704 0.08174089600572713
4 0.8313441765317563 0.4321519512253686 0.054017562427534214 0.08804544000636341
2 0.3121485400077587 0.20281372795991093 0.04221919303247788 0.05824885200509069
4 0.8420103516863865 0.514918997891505 0.06412588606495576 0.11626134667409058
1 0.26933915773582495 0.2244256459659561 0.05350737939699588 0.08179544000636332
1 0.23907770182646945 0.21773984130331953 0.049999742124092174 0.07707157733927247
2 0.06453944274261372 0.40744887332909113 0.07091802000387934 0.10385225334181776
4 0.8749344219898283 0.5254837805538234 0.054400199700437565 0.09273294000636341
1 0.17496714652593723 0.2849551606460919 0.06855829454968654 0.11319089067472685
4 0.8036336357750915 0.456716146562732 0.07257611485312836 0.12416475334181776