3 0.9678690485408186 0.24514867642456828 0.03158373195336779 0.128888891832632
2 0.016533536717963995 0.370729162251052 0.03306707343592799 0.09237103847458741
2 0.08608071658280636 0.5915103990042081 0.034660265146847016 0.06666171034428636
2 0.09449686782756181 0.5935540486413885 0.03825886182749909 0.0730208377489479
2 0.10784897280658368 0.6024379753204107 0.04498245850815121 0.07948909255827133
2 0.14332360890449214 0.6689880690598085 0.035393970955705845 0.05577877404661713
4 0.7429935674126433 0.5701288621740833 0.06162642946385706 0.1346131021769182
4 0.7754042483263929 0.5331546518297969 0.04867614357108572 0.1076686562606021
4 0.6516805605641661 0.654352583951115 0.052653248550107536 0.09845734736759475
4 0.6160264804802535 0.6929984217000629 0.04521925684847723 0.08261409255827132
4 0.6463786765408501 0.5906447480162654 0.04521925684847723 0.08261409255827132
4 0.7204072497762855 0.6316938447508881 0.04377515601864026 0.08412202885594056
1 0.15543252259680224 0.6942782457388308 0.039584563487173076 0.06995040145127866
4 0.6848240246713947 0.6796874006486707 0.03648287427505377 0.049583337748947895
4 0.6873579514359593 0.6359646824998361 0.04533765601864026 0.08417659255827133
2 0.1293678526807148 0.6577876742319516 0.03707487012586883 0.057395837748947895
4 0.7135312103590291 0.5579116043695349 0.050475441911411775 0.11084821996293322
4 0.7038504022704407 0.44916408694633975 0.07876730788809568 0.17572917549789596
4 0.6436232972914189 0.4419170713372432 0.058287941911411775 0.1111210384745874
4 0.6490813145128583 0.3801710394860777 0.07879061867597628 0.15547123920022682
4 0.6074023773753314 0.40578116389551455 0.07014932448483524 0.1442609206885724