3 0.9876761039910168 0.20649574752330985 0.024647792017966453 0.12801799214211718
2 0.15875256205786833 0.6021895845746845 0.028854175497895974 0.0668621683207995
2 0.1675918487183572 0.6088205742356024 0.0321428666048885 0.07169521753501122
2 0.17888401278350777 0.6184674019858614 0.03236112141421192 0.07794521753501123
2 0.2314757886442234 0.690357364558474 0.030034729581579978 0.05599744292790554
4 0.8119594076113646 0.5741135488044361 0.046770850995791945 0.13321491439185812
4 0.8391369773041453 0.5008558312694248 0.039647831758498245 0.10792381596343467
4 0.708983229751216 0.6728122220876345 0.03877481252120454 0.08292381596343468
4 0.7579093138719669 0.617322047356694 0.04153771397248338 0.11737159057054054
2 0.21357896051392228 0.6708453852366383 0.03165179328391084 0.05763271753501122
4 0.7994594076113646 0.574695745661283 0.0415377139724832 0.11737159057054054
1 0.26503482230948733 0.7326154851128038 0.0321974303072194 0.07325771753501123
1 0.25172629045832196 0.7324528192732036 0.025729175497895974 0.06671661910658777
2 0.04984132041057083 0.37407104673301234 0.06659227767481418 0.12009848428423427
4 0.8393031576113646 0.5728399931800837 0.0375396947351895 0.09222604135632899
1 0.23640882530471224 0.6971702907371563 0.02734623920022683 0.06835189371369381
4 0.8228969076113646 0.5736041265546952 0.03625001324684405 0.09996576674922295