3 0.9194478209258335 0.13690004084062576 0.08558224317557475 0.12841724715020839
2 0.21819592162605925 0.713684559554896 0.03118153349844599 0.06627961664125
2 0.22857049544737684 0.7186084488975697 0.03296235731976358 0.07100348423243048
2 0.24214284387580026 0.7251675734226043 0.034815955748187036 0.07728985182361114
2 0.31433036703516404 0.7838171812301391 0.03223461124870504 0.05537848423243048
4 0.8344265814698033 0.5399503460271188 0.0498630669968918 0.13226829255305556
4 0.8386003511145106 0.46200718398302154 0.042448673283198346 0.10712282218833344
4 0.7658478635205074 0.6593166354460422 0.041284279569504534 0.08212282218833344
4 0.7955674427185084 0.593674104860834 0.04444782092583353 0.11653418977951394
2 0.2917640082676584 0.7684642849536114 0.0338698858558109 0.05697735182361115
4 0.8228897679875681 0.5435838390932646 0.04444782092583353 0.11653418977951394
1 0.3499061480524107 0.8103985182361114 0.033035131926869445 0.07256598423243048
1 0.3352079472666224 0.8131780261198962 0.02805653349844599 0.06620688145888912
2 0.05061450764848587 0.5170244990500695 0.0585830955329393 0.11842399810013901
4 0.8606252084342743 0.5327560950771881 0.04015842721213971 0.09146145459715278
1 0.31436675433871697 0.7845984312301392 0.029764582712657715 0.06936824905006951
4 0.8452185322555916 0.5370799191653827 0.03895980024766885 0.09923758700597211