2 0.04604366499079802 0.7092137980932343 0.06464568787965286 0.09437004809323427
2 0.10938403885024266 0.4737326550794759 0.040589938829583394 0.06698909255827132
2 0.11730564162378435 0.46931797359113026 0.0438604091943056 0.07334821996293321
2 0.12927896476204823 0.45878970135861163 0.05181837955902786 0.0798710384745874
2 0.15991267534312467 0.38558037985173244 0.04037173328250008 0.057614092558271414
4 0.7483212119122566 0.40065486377929965 0.07965374525034719 0.13548612141421187
4 0.793270036000451 0.4178622111468945 0.05868662860909737 0.10665179328391083
4 0.6863862159963192 0.30701150198373456 0.053744555470833434 0.09555060217691817
4 0.624468097455208 0.27982895389050033 0.053453614741388836 0.08305060217691826
4 0.671977570669722 0.3549852105139223 0.053453614741388836 0.08305060217691818
4 0.7360407238801039 0.323601290458322 0.0519274823325695 0.08455853847458741
1 0.17217628600045107 0.39617313947037924 0.055270687879652856 0.09404266587924912
4 0.6964340164331595 0.2784326341977197 0.03237739532659738 0.04952877404661713
4 0.7188889382609025 0.35505962158384796 0.063483231382639 0.1115029843909034
2 0.1470671832269094 0.39998762023308554 0.04197060087368061 0.05923115626060227