3 0.858828513345873 0.05150604638472559 0.09890702669174586 0.10301209276945118
2 0.2478113251695023 0.7452429891794473 0.03861151384016441 0.06667067445232178
2 0.2588761591618911 0.7480497404330886 0.04199118182494201 0.07301160266556703
2 0.27309782665237703 0.7515468134734844 0.04374468281352524 0.07774456677218958
2 0.35157033653820885 0.7961940722489731 0.038229511862998146 0.057295674452321775
4 0.8296383508354838 0.4545518607161398 0.06628552768032883 0.13302310015828459
4 0.8233300010257641 0.3765177889293852 0.05432935574121878 0.10770485141192579
4 0.7786727115196183 0.5858760685545563 0.050185683802108375 0.08261392319868044
4 0.7992451966908707 0.5148816069552161 0.057836357718385044 0.11717077962517113
2 0.3276553340667509 0.7851572838483133 0.03985567885919252 0.058903638558944496
4 0.8181106018240669 0.4595803415158099 0.059398857718385045 0.11721624373179385
1 0.4105288424697079 0.8226369003039338 0.042054848821136345 0.07457410266556712
1 0.38965792695638823 0.8287194157433401 0.035486513840164415 0.06657974623907634
2 0.05730970608241083 0.5810537717076123 0.07208985870696816 0.1222674565847754
4 0.8541608483640258 0.44210568501017694 0.05063135277546919 0.09355142319868044
1 0.3678320065001527 0.8113644311827463 0.03717634783255317 0.06975021034569906
4 0.8396035998469007 0.4495688440230924 0.05088602076024671 0.09980142319868043