3 0.9502394746211529 0.874380784506722 0.07103063836729007 0.12548338479802085
2 0.17056352663638372 0.3166288735152496 0.022247704722264318 0.0646989974927175
2 0.1799385266363837 0.3169016581549856 0.02540906615858276 0.07103992570596293
2 0.19240671037960505 0.3117966210079671 0.025436337235821636 0.07572742570596294
2 0.2561010508368805 0.25037939937949705 0.02530907220870695 0.053852425705962936
4 0.8096583637740096 0.47504471107061474 0.03357609016268777 0.13220474623907635
4 0.8241708365484506 0.5527976380302189 0.02873405405833438 0.10550585391920819
4 0.7246197675611974 0.35852714931299 0.030151108313060605 0.0805513180258309
4 0.7640731530016209 0.42685125197855706 0.036710180521767555 0.1338581744523216
2 0.23588854478675633 0.2669758659934022 0.02688066256778665 0.05546038981258565
4 0.7963725685944697 0.47387701616432204 0.030360186571891747 0.11648881802583091
1 0.2677425327847038 0.23743913017916712 0.030087475799503237 0.06961381802583091
1 0.24741185206654456 0.23372309679307227 0.023837475799503148 0.06943196159934022
2 0.02487481849627385 0.5162614974927175 0.044313602262936305 0.098147994985435
4 0.837038475210328 0.48209033293651177 0.02865224082661797 0.09144335391920819
1 0.23363569837755255 0.28253266983346814 0.02865224082661779 0.09144335391920819
4 0.8206094993126289 0.4777067098169736 0.025572692622015936 0.09916492570596276