3 0.9844148648541641 0.20429442988506324 0.02886131908544911 0.12820059471009326
2 0.13243316657480736 0.5944262922345491 0.028506795081343926 0.06726309471009344
2 0.1402047599589491 0.6010025159261898 0.03009656615858276 0.07204159997176518
2 0.15186442262493158 0.610476226463651 0.03169542759490129 0.07838260523343692
2 0.1990797902095701 0.6834818159826597 0.03000566256778665 0.05641659997176518
4 0.7846951033430908 0.5704940954865522 0.044513590162687855 0.13379814732681172
4 0.8163632598607531 0.49679899025311514 0.03811814441741399 0.10843412628012424
4 0.6763508173369333 0.6681797085419097 0.03797269867214013 0.08343412628012441
4 0.7289990943661003 0.6127872822759027 0.03973518657189175 0.11790013154179632
2 0.18279626005714494 0.663343621230214 0.031577252926866264 0.05807010523343692
4 0.7721996485226306 0.5704408875799268 0.03973518657189175 0.11790013154179632
1 0.23399060051442042 0.723621697595043 0.03010565651766246 0.07360409997176517
1 0.2175798053348806 0.7253585028425975 0.025381795081343927 0.0670810841867496
2 0.03692172043675003 0.36569361845820375 0.06474427693097133 0.12091871572854576
4 0.8128201033430908 0.5688560007764589 0.03646474082661788 0.09271812101845249
1 0.20522979625969434 0.7003052949359722 0.02696247579950315 0.07029708944842135
4 0.7956326033430908 0.5698570586548491 0.034947692622015934 0.10043961575678076