2 0.13574756419840023 0.5388818195619536 0.0409719924781526 0.06835651609154336
2 0.1436964565182683 0.5441156227802623 0.04427884890464333 0.07482503737886681
2 0.1541482232113157 0.5549820669640635 0.04754024122451135 0.07973105866619043
2 0.18783055291562917 0.6407610298372982 0.04069920783841652 0.05898151609154336
4 0.7788336376345075 0.7218506728196032 0.07252352084968265 0.13449496832111638
4 0.8209014656894684 0.6670974708421318 0.05929609514371981 0.10862088317182242
4 0.6551664685924623 0.7857114410048336 0.0539266335443795 0.08485560124083733
4 0.7288480095004044 0.7456434519005969 0.07573944906292791 0.13783848960843983
2 0.17542984131628894 0.6165040750098353 0.04230717194503919 0.060653276735205
4 0.7647711376345075 0.7208673270266476 0.06425637978345566 0.11832366510280767
1 0.162983665610326 0.5906846201823722 0.05392663354437941 0.08485560124083733
1 0.13704329123714665 0.5834130695619535 0.05066524122451135 0.0799495799535137
2 0.08008127124539395 0.2870572396084398 0.07804609514371963 0.10993201089576328
4 0.8041518863808663 0.734536343118191 0.054199418184115444 0.09423060124083733
1 0.11369906795932394 0.5045943008725201 0.06049488229073816 0.09623014381548423
4 0.7845069761143095 0.7292643350724193 0.05438127461060631 0.10048060124083733