3 0.9537478720015236 0.8279804463543627 0.08952724672063965 0.13391581411407208
2 0.2040069058111797 0.2719357121169301 0.03156426051544958 0.0675916915859112
2 0.21391749434579044 0.26653801793312876 0.035016809135968587 0.07406021287323465
2 0.2269121393028363 0.26014055246200407 0.03682497060135788 0.07885697351689647
2 0.2942767017181652 0.19897382349722598 0.034116050429541286 0.0568727128732347
4 0.836322518090223 0.42766872593955957 0.053753521030899164 0.13452781930985194
4 0.8458856258467107 0.5054113136867435 0.04463082654882307 0.10898151609154336
4 0.7572381264125376 0.3100930958698302 0.041758132066746965 0.08387225544788164
4 0.7831289190401627 0.37022756653673505 0.0466846494796016 0.11846577673520509
2 0.2731796296918979 0.21534722250849025 0.034197937584671045 0.05843521287323465
4 0.8009681942549335 0.39642407977828686 0.0466846494796016 0.11846577673520517
1 0.40313272331489125 0.12157580715358103 0.03082727611928182 0.05352919158591122
1 0.3866822077110591 0.13684017423386013 0.03008364767057934 0.06904493094224948
2 0.05141525158187969 0.47236131905775053 0.0592665366347314 0.12090236188449896
4 0.8625541474434367 0.43445967531914087 0.04233134215265544 0.09480975544788173
1 0.3773857728399215 0.15395661841766142 0.030165534825709096 0.07060743094224949
4 0.8466425424004825 0.4300835317557582 0.041096390773174105 0.10095049480421991
2 0.2883951939162491 0.20644211607187293 0.02942855042954129 0.05654493094224955