3 0.9450915480609183 0.6648431246216291 0.032462431457091864 0.1297270727943891
2 0.11085013985782702 0.39529510873015833 0.03194722099021767 0.06742733189368781
2 0.11907216353535036 0.3877632109819118 0.035436242036905076 0.07387759099298644
2 0.13060119773621737 0.37690605413436656 0.037271757821920645 0.0786652205426357
2 0.18193545555813798 0.2973396676448869 0.034435184158514695 0.05669009099298643
4 0.7646499740445766 0.3284910217515668 0.054519441980435346 0.1342538864894796
4 0.7925404846385075 0.3975321159837557 0.04525085779368574 0.10875323874123302
4 0.659726526590708 0.24570640500184396 0.042232273606936134 0.08365310919158367
4 0.7098483529555368 0.29386450031376704 0.047359389363716885 0.11822836829088237
2 0.164300634525568 0.3194847779162048 0.03452618942018657 0.05825259099298643
4 0.7521044714137407 0.33007330814876135 0.047359389363716885 0.11822836829088237
1 0.23024342391751967 0.22964222547988125 0.031128173635170953 0.05336483189368781
1 0.20833062656247306 0.24505647440014705 0.0304757262518895 0.06888970234403846
2 0.02015964501361811 0.637971566934293 0.04031929002723622 0.12139294108527139
4 0.7920392266754126 0.32595750463270373 0.04286931043863902 0.09459060919158375
1 0.19680929763739533 0.2691448164728677 0.03056673151356133 0.07045220234403846
4 0.7755874740445765 0.32779011490402155 0.04167083148532633 0.1007404796419344