2 0.09308775447582018 0.4485097019917898 0.04014294108527148 0.06583407825883114
2 0.10188176357511883 0.4453347050168519 0.043668459283868755 0.07210225897699055
2 0.11268885564783941 0.4351193676828344 0.04709384793281672 0.07680793969514976
2 0.15388315700442878 0.3528790394240032 0.04110466378737554 0.05646816861791084
4 0.7451089343023247 0.34006788369190766 0.07091088217054295 0.1316136143631847
4 0.7826601966408259 0.3999832391762978 0.058271179826504496 0.10498748184962743
4 0.6290216617847907 0.26264738652057806 0.05364423658176456 0.08153180113146821
4 0.6977926457456618 0.31066673000291567 0.07413601172019231 0.13319429508134392
2 0.1391500285345136 0.3756125574761799 0.04120479333702489 0.05803066861791084
4 0.7318276843023247 0.34014515174408444 0.06365958667404978 0.11595225292686617
1 0.1391500285345136 0.37561255747617994 0.05364423658176469 0.08153180113146812
1 0.11790608421003963 0.37807902732375476 0.050218847932816724 0.07682612041330898
2 0.027420187772239847 0.6949579759958949 0.054840375544479694 0.10353406615858277
4 0.771440896825396 0.331324142767094 0.05434514342931003 0.09246930113146812
1 0.09611262492617086 0.4500540212736306 0.05913277297895929 0.09405907220870695
4 0.751759452500922 0.3337815222555892 0.05474566162790726 0.0987193011314682