3 0.8764797877546734 0.9348825423893838 0.09138859016268767 0.13023491522123223
2 0.028167469258399653 0.41045624200349984 0.052098831185697435 0.09278748400699968
2 0.21240104781181848 0.25401698002863504 0.034756795081343925 0.06602498933799979
2 0.22100388817089806 0.255679477363135 0.03635565651766246 0.07229317067154524
2 0.23740104781181842 0.25430788136536214 0.04420451795398091 0.0786340773392725
2 0.30355276775758916 0.21133058804104357 0.03469316256778665 0.055087489337999784
4 0.804698673882468 0.5483895241088131 0.060147680521767555 0.13350339067472702
4 0.8166764991162372 0.593057134110404 0.0474931444174139 0.1067954400063634
4 0.7634282583878151 0.4369793094366316 0.050563602262936415 0.09745680267345432
4 0.7498697524358869 0.38916851810149533 0.044222698672140126 0.0817590773392725
4 0.7262373305965222 0.4896679574315409 0.044222698672140126 0.0817590773392725
4 0.8152680143397436 0.4852355434436313 0.04266928903121965 0.08330339600572696
1 0.3276760689872532 0.19520614871099795 0.03947156615858276 0.07076703333863614
4 0.8071282614128773 0.428894636775904 0.03622839149054764 0.050418170671545325
4 0.7870430203898678 0.4677207794398132 0.044231789031219645 0.08332157733927233
2 0.285611288834828 0.21580900270527095 0.03627384328594587 0.058230670671545234
4 0.7718770835233885 0.5464452161043589 0.049073825135573304 0.10993862133990895
4 0.7083372791704665 0.6355435314289956 0.07757152985783762 0.1743283853437269
4 0.6488577400410509 0.6168838907542687 0.056886325135573304 0.11002952800763595
4 0.6226224929679172 0.6728248080839961 0.07745335518980241 0.15401588534372673
4 0.5981719388113869 0.6326992474140417 0.06957722267624522 0.14298747867599956