2 0.12820435157556526 0.5522357566836356 0.036319295081343926 0.06604317067154533
2 0.13528559855050315 0.5609113226845901 0.039480656517662416 0.07232953333863605
2 0.14550548106406044 0.5719670013526355 0.041070427594901295 0.07703521467218159
2 0.18269692973620058 0.6536442626909535 0.03626475292686626 0.05666817067154532
4 0.7733446556338996 0.6644230567711316 0.061701090162687856 0.1319590720082724
4 0.8135787701934761 0.5977082714433131 0.0506181444174139 0.10683180267345413
4 0.6542542880492611 0.738813434754905 0.04734769867214013 0.0817954400063634
4 0.7125844176359521 0.6941827347628593 0.05379768657189175 0.11624316534054521
2 0.16928386952954613 0.6308334713558171 0.03783634328594587 0.058248852005090515
4 0.7608310200952803 0.661933856102768 0.05536018657189175 0.11626134667409058
1 0.2261338332288009 0.7346129993634533 0.03311248184962743 0.051944308004454244
1 0.20883724891984548 0.7156630046944533 0.03319429508134399 0.06600680800445424
2 0.06427262002052544 0.3054147533418178 0.07882495764913058 0.12122156667727228
4 0.8007111315315987 0.6686474801081769 0.04741133118569749 0.09273294000636341
1 0.19776793871319104 0.6928794853596352 0.03477497579950319 0.06914998933799979
4 0.7842912459929792 0.6661128261059497 0.04744769262201594 0.0989829400063634