3 0.93984375 0.21652960085305892 0.071875 0.12888386182749906
2 0.171875 0.7075551587179326 0.0234375 0.06583848755244545
2 0.18125 0.7074843037389108 0.025 0.07220688672260848
2 0.19453125 0.7139594466852965 0.0265625 0.07701278589277134
2 0.259375 0.780591762247062 0.0265625 0.05513778589277152
4 0.815625 0.5821168668250986 0.0359375 0.13397318091374952
4 0.82109375 0.5294062639206691 0.0296875 0.10693708423309758
4 0.72578125 0.7135901645407247 0.03125 0.08205548340326044
4 0.79453125 0.6609872280278977 0.0265625 0.08326278589277152
4 0.77734375 0.6776535871561045 0.0296875 0.08974958423309758
2 0.23828125 0.7625871234498611 0.0265625 0.05670028589277152
4 0.79765625 0.5987240263682236 0.03125 0.11799298340326062
1 0.17734375 0.7095320558135032 0.0328125 0.08217388257342365
1 0.146875 0.7134732719953243 0.0296875 0.0772495842330974
2 0.02265625 0.49312303796736384 0.0453125 0.1018710759347277
4 0.83125 0.5973633585267287 0.0296875 0.0928745842330974
1 0.09375 0.6133539502097815 0.0359375 0.1199106809137497
4 0.75546875 0.6455272487738221 0.0328125 0.12436138257342363