3 0.7574813753525481 0.8777666960373747 0.10869007775694435 0.1246466477202702
2 0.20564724137583382 0.22189462032636156 0.04324144354388879 0.06846658008391257
2 0.2168581434493523 0.21794082613522034 0.046913247690925794 0.07495337842423862
2 0.23119404552287084 0.21375023360375317 0.048885850801203556 0.07975927759440164
2 0.3132150250705096 0.16329902509560196 0.04242123732333329 0.059091580083912555
4 0.7627599464650936 0.4714817298555536 0.07710788708777763 0.13622276514684692
4 0.7496748946271309 0.5500803265362058 0.0622839694628702 0.10871307178554268
4 0.7219674340712509 0.3434168520560149 0.055545953911481406 0.08492037427505376
4 0.7368412868987047 0.412912213258814 0.06779167568342573 0.11844326929603181
2 0.28803936781319484 0.17607171223312884 0.044120438360092426 0.060772479254075584
4 0.751519650093751 0.4669009736317763 0.06792837672018485 0.12000576929603177
1 0.40511885254463 0.11520322198139107 0.0388861342130554 0.05416728174358654
1 0.3756657983975929 0.12364360662940703 0.04011644354388873 0.06822978174358654
2 0.021037086993241066 0.39805806908625047 0.04207417398648213 0.12575886182749904
4 0.7858850881710195 0.4821465427180267 0.05792866013203692 0.0944137734452168
1 0.3543963911402781 0.13612029584152635 0.041815644580648036 0.06991068091374956
4 0.7716564928364362 0.4762400848345754 0.05861216531583313 0.10222627344521662