3 0.9962971689592919 0.7575479901336302 0.007405662081416154 0.12692612667090888
2 0.15014142077339052 0.3859658666852264 0.028854175497895974 0.06593408267027252
2 0.15946185707105967 0.3845124546864991 0.03214286660488854 0.07065794533736351
2 0.17009925670823994 0.37604597402131723 0.03236112141421197 0.07690794533736342
2 0.2175074808475243 0.30240902669477143 0.030034729581579978 0.055014764003817974
4 0.8043750529873757 0.40294975477399503 0.046770850995791945 0.13174089600572708
4 0.8363542284852716 0.46892020011135854 0.039647831758498245 0.10666817067154533
4 0.6946875397405318 0.3032759240929048 0.03877481252120454 0.08166817067154523
4 0.7592882422802697 0.3641594274347226 0.05000497840045348 0.13490225867281785
2 0.20102930897782545 0.32252153202577155 0.03165179328391084 0.05659544533736342
4 0.7909846755827139 0.3996702134388587 0.0415377139724832 0.11606135200509068
1 0.2256647212288775 0.29000902402927137 0.036775802902557685 0.06914998933799979
1 0.20217265752654662 0.2881738040260897 0.035267866604888544 0.07069430800445434
2 0.055119130569522626 0.616797148671227 0.05974207694917477 0.10065452800763594
4 0.8307738618803832 0.39857133744426765 0.0375396947351895 0.09102498933799978
1 0.19648814191744998 0.3490203973583625 0.03753969473518963 0.09102498933799978
4 0.8112153300292176 0.3975628207749496 0.03625001324684405 0.09881930800445433