3 0.9547623758058361 0.8218674330479903 0.07402960957707663 0.1259474303072195
2 0.0266008250777826 0.4939037674231951 0.037492091720169374 0.09031746515360979
2 0.17720697686479148 0.29946674274360585 0.024555715096963925 0.06488095553496284
2 0.18659561363426663 0.2999206105296207 0.026227309252765264 0.0711855192372937
2 0.20212515624794042 0.2939062235063122 0.03258640340856669 0.07765377404661714
2 0.25898308238467854 0.23719986652007047 0.02748980032431154 0.05405258293962447
4 0.8155133206135557 0.45775534774611293 0.04604097727182861 0.132777783665264
4 0.8318747061652149 0.49939721072280446 0.031514827109672794 0.10572421034428636
4 0.7621916773512588 0.35877469992303124 0.0376011858759707 0.0965674651536097
4 0.7293558579522237 0.31379950582081373 0.032640950486467445 0.08077877404661712
4 0.7247149967502938 0.4062052606301371 0.032640950486467445 0.08077877404661712
4 0.8104888555165918 0.3938292570019401 0.031105724025417825 0.08228671034428618
1 0.2691666059236289 0.2384077024549199 0.03129663879807003 0.09322421034428627
4 0.792360418422805 0.34052320772757955 0.028943206168510115 0.047857146641955416
4 0.7807058981302657 0.3893972173462264 0.03266822402541756 0.08234127404661713
2 0.2419455868489054 0.2463938172457099 0.02751707386326192 0.05561508293962456
4 0.7606621793798537 0.4502900773276929 0.03315914772652384 0.11046627404661713
4 0.7751104630650738 0.4271154721555498 0.03250458279171564 0.07296627404661712