3 0.9954624731165825 0.8125436231157863 0.009075053766834883 0.12515650889724847
2 0.15999800806277062 0.37145053015178686 0.026421258891340126 0.06501750494291585
2 0.16930023345566475 0.3702700321289532 0.02827485731976358 0.07133117193911023
2 0.18069149772368842 0.3637162846004111 0.03005568114108117 0.07608233893530461
2 0.23121372849326605 0.2932565459691176 0.029036836641599173 0.054207338935304605
4 0.8268259431327932 0.45788400353440323 0.04205056699689216 0.13271434091247106
4 0.8440712551672865 0.51005133999825 0.0345633986760923 0.10589717292769336
4 0.7063057737785364 0.33132947931411544 0.034961504962398846 0.08096083992388792
4 0.7889577619917121 0.3814833296181266 0.030346779569504535 0.0823323389353047
1 0.2451285252262784 0.2571744659310615 0.02493153349844599 0.06651633794672147
4 0.7740947413135476 0.3637228266523771 0.03376287799792799 0.08870967292769345
2 0.2163164745643246 0.3082448760071737 0.029109611248705036 0.0557698389353047
4 0.8050772216688404 0.44296199908577893 0.03663532092583353 0.11689833992388773
4 0.77992532609312 0.6228431586675995 0.06738020678164425 0.17429434585538672
4 0.7099210411469319 0.6098537273369491 0.03939644789030403 0.10921317391627668
4 0.6913187444139195 0.645744806386422 0.0554966368892682 0.1535361768820261
4 0.6688251602535197 0.6315722184397006 0.04873721463952716 0.14234400889724858
4 0.7754453796505578 0.4596892426599883 0.04695639081820957 0.1375928419010542
1 0.12868600371954445 0.536265105246927 0.0739598465663966 0.21511034684397004
1 0.08706142989822688 0.5298904298477757 0.06371155128112634 0.19597834486680377
2 0.050346988003778737 0.5954544214448186 0.049863066996892025 0.13303267589344295
4 0.8393430597581817 0.44201892300205553 0.03390842721213971 0.09183467292769354
4 0.7533713265074047 0.47126607121516956 0.043976940032421294 0.14059050790866542