3 0.9859273678792262 0.19548422445696886 0.025745409444528633 0.1300193867226084
2 0.029041042743652896 0.37731951659673946 0.04896474082661782 0.09429537427505377
2 0.12930816657480734 0.5922798205361429 0.028506795081343926 0.06775618506293454
2 0.13866953103618793 0.5939131755151648 0.031668156517662416 0.0742429834032606
2 0.15189623888171022 0.6022817825687791 0.0379545179539809 0.08096658008391255
2 0.19369285344128667 0.6662725049743775 0.031568162567786606 0.05705548340326061
4 0.7863985039088248 0.5323367194825914 0.04921018052176755 0.13648287427505376
4 0.816295082167656 0.4941496352494939 0.03968064441741399 0.10920997925407576
4 0.7023229648776053 0.6214835750863131 0.044313602262936416 0.10019017676456468
4 0.6700690010801545 0.6621920080746552 0.03797269867214013 0.08409158008391274
4 0.6909769195998694 0.5583090688625358 0.03797269867214013 0.08409158008391274
4 0.76885193472518 0.5953578603543846 0.036419289031219645 0.08553568091374952
1 0.2060610432346322 0.6879815616130733 0.03321247579950322 0.07123638257342346
4 0.7381059287732517 0.6453228941725636 0.033094301131468204 0.050923882573423465
4 0.7368025040070207 0.6009100433427267 0.03798178903121965 0.08565408008391255
2 0.17891728113438382 0.6556785470909261 0.031577252926866264 0.05861798340326061
4 0.7560024767814617 0.5221455033007704 0.041261325135573304 0.11245337842423879
4 0.7277416422761147 0.41339838794878625 0.06507152985783762 0.17829186597668395
4 0.6754342537124332 0.41111476014924764 0.049073825135573304 0.11304537427505376
4 0.6757933228960781 0.3493960101492476 0.06495335518980258 0.157979365976684
4 0.6358041271508041 0.3774151889884047 0.05863972267624522 0.14656826929603195