2 0.1365000704666064 0.47221231763011956 0.0409719924781526 0.06676160266556704
2 0.1424772858268703 0.4626554612036289 0.04427884890464333 0.07310253087881229
2 0.1515113050272002 0.45066392656389276 0.04754024122451139 0.07788095909205772
2 0.18032897532288678 0.36616089443143907 0.04069920783841656 0.057386602665567034
4 0.7673144982841403 0.30451240828799964 0.07252352084968265 0.13168792069139795
4 0.8144682946023589 0.3664751991959419 0.05929609514371954 0.10632420783841648
4 0.6411180596460537 0.2401580547645028 0.0539266335443795 0.0827503155185485
4 0.6930813764182434 0.27930547129926564 0.06425637978345566 0.11583560015828454
2 0.16929218692222697 0.3899393752311092 0.04230717194503919 0.05899456677218966
4 0.7216610174844702 0.2941121173800574 0.06425637978345566 0.11583560015828454
1 0.22603862892552593 0.27100150712613597 0.03743781551854841 0.05260817445232169
1 0.20379155588513004 0.2857232366721648 0.0394094924781526 0.06671613855894432
2 0.09765784547292404 0.7227722587754887 0.08787573620994645 0.12276756175762475
4 0.7944763918576496 0.2974667864221027 0.054199418184115444 0.0921253155185485
1 0.20150764185764963 0.31472041488541025 0.04101745658477531 0.06832410266556703
4 0.7781838021242062 0.3018504095416409 0.05438127461060631 0.09837531551854842