0 0.7244939224285398 0.4474808006917542 0.11340903590796181 0.16280237884037324
2 0.10492124493183444 0.6249251343138065 0.059847698672140126 0.08470819994353036
1 0.6034870517206434 0.3053604611021585 0.052062469749379045 0.08894067363517104
1 0.5428268076725716 0.2612534163073606 0.041043156517662285 0.07424113680346807
4 0.6452796419815271 0.2365425716678545 0.05516019867214013 0.0844351841585147
4 0.736449542645457 0.2718437638600513 0.048982921544777014 0.0965711631118273
4 0.7636751179774219 0.29056367178079395 0.05210792154477702 0.09675317363517104
4 0.550107521666414 0.35220463999900137 0.052117011903856716 0.09831567363517105
4 0.5711017985973854 0.23383407159726727 0.03790906615858276 0.07249662628012439
4 0.8140473018188391 0.35791850077645887 0.07100336729005088 0.12284523677523325
2 0.10387637451852552 0.6702831369446424 0.07241133118569745 0.09637374203690499
4 0.5789188437769252 0.2325977952889081 0.041061337235821685 0.07736613680346807
4 0.07283545277735673 0.6361657421780794 0.056768150467538206 0.09233868942018653
1 0.568553515518094 0.26912682948977507 0.04259656615858276 0.07276964206513999
4 0.12289454011137424 0.6230973238045803 0.06785109621281209 0.1179757262518896
4 0.5422404795119363 0.3620346663073606 0.04738406010845857 0.09023015785015547
4 0.722437039620395 0.264069061215098 0.04579428903121965 0.08545165258848364
2 0.17577968735745864 0.3927504001694092 0.03935339149054773 0.052275131541796235
1 0.09356104323463221 0.6982184211455094 0.07257495764913058 0.12449874203690499
1 0.10765483861056376 0.8262601211596268 0.11693401170746495 0.23173438936371688