0 0.8344966065229056 0.5756837752228232 0.12000994355406328 0.17163973734881743
2 0.12361367022523637 0.5855187819860006 0.055962312521204496 0.08186816534054504
1 0.6715451948200076 0.40797974924414043 0.06217759618646852 0.1256727093411815
1 0.6080432008104575 0.3352513212524128 0.04686013103285873 0.0895715773392725
4 0.6851761304847046 0.28355191390836787 0.05127481252120454 0.08181362133990877
4 0.7504216737686155 0.3390655698997773 0.056562513246843873 0.09905566534054504
4 0.7790848763083533 0.3989127372295048 0.058561522865490725 0.11157384667409058
4 0.7939633426430894 0.3549718332272776 0.045515885842182156 0.09580339600572696
2 0.21538447485707451 0.3710830173058649 0.03773810217691827 0.051980670671545236
2 0.20633685707105967 0.3805671053071376 0.04124504809323426 0.06295453333863606
4 0.5815823937315485 0.3832348352562308 0.05343751324684405 0.09901930267345423
4 0.6057242434613961 0.2688450712524128 0.033759930307219396 0.07223862667090888
4 0.8374702951828275 0.4146462778883233 0.053055567330527964 0.0880818026734543
2 0.11355911314632747 0.6333113919875915 0.06878969473518963 0.09138861600890866
4 0.6158804934613961 0.26872689258436744 0.03543155771188111 0.07538180800445433
4 0.10759928982534976 0.6193125266550006 0.06573910580511533 0.1382090720082724
1 0.6293552056197809 0.3412558732495493 0.0384474303072194 0.07229317067154524
4 0.1525472020764018 0.5859636773154099 0.06023315027015248 0.11471702800763595
4 0.716609668959292 0.33320646857100444 0.04891370435383653 0.10365225867281787
4 0.8938716065229055 0.5749928845480964 0.08963296279135698 0.19627611067790873
4 0.9287103979927178 0.5878741452100966 0.10327880054030487 0.229234061346272
4 0.5679564033501954 0.3958984672581398 0.04217263103285873 0.08951703333863614