0 0.9893849700477511 0.8399172444878481 0.02123005990449798 0.16671602773541672
2 0.12002487875542409 0.5757650258355557 0.05278274881887364 0.08085126291777786
1 0.874558611332229 0.6112811385801743 0.0839087524470706 0.16744337955902786
1 0.7850571125133553 0.5295752372696534 0.08552581614940155 0.16904224715020835
1 0.7105556203179036 0.4973972104841673 0.07264387023308565 0.15781380642076392
4 0.7214608600662846 0.36260463639597285 0.05263890507947586 0.1214398953265973
4 0.6986210715916972 0.3121136739150353 0.040282748818873594 0.08056032218833335
4 0.7824182074338794 0.409299104860834 0.05343751324684405 0.09960126291777774
4 0.7638839730429761 0.3479797451534381 0.03801092068857255 0.06021145459715278
4 0.8059003474524129 0.38876905252413263 0.04239088584218216 0.09622168977951392
4 0.8234152296663979 0.39854409602711877 0.05549108656782167 0.11370013050895836
4 0.8613740758528664 0.5243259992375007 0.05688989546082901 0.10904899810013902
4 0.1477927254900467 0.4991304438635765 0.06045140507947586 0.12162173328249999
4 0.19627237630835337 0.4120493243725349 0.04373513103285882 0.09000805737069442
4 0.21444202295030879 0.44057436787552107 0.03910219473518965 0.09146145459715278
2 0.219717310791924 0.36809995583142374 0.036121038474587405 0.05080008700597229
2 0.20986116115474368 0.3764573164887502 0.03968254809323426 0.06337282218833336
1 0.7297594881039184 0.4884768053739242 0.0652678798517325 0.1701319684648613
4 0.5949454892850448 0.40571624391916716 0.05031251324684387 0.09952852773541672