0 0.6281074825710743 0.37422113564641385 0.05593292574646931 0.06490156203449331
2 0.13268499397104067 0.5722988391227986 0.05400979282674849 0.08194351282028159
1 0.5733328652386936 0.28134012282613236 0.045071835401395435 0.0877568651776464
1 0.539515240112643 0.24316588068401518 0.03249542574646931 0.06380994292790546
4 0.7014467935830531 0.3316933413946009 0.04943155347041017 0.083287688998964
4 0.7814510038583977 0.3844780471427879 0.04616444183801285 0.1033818651776464
4 0.8159570438351548 0.41022506389201097 0.044164899263365864 0.09705909057054055
4 0.6022987354210659 0.4283071681114026 0.04816398441265975 0.10970463978475227
4 0.6315659823189728 0.3011838959854961 0.03315098960843983 0.07318494292790537
4 0.8523258685928884 0.4960191687305751 0.06142880891829172 0.12122433664159918
2 0.127259802637231 0.6172110787837163 0.06872785668871888 0.09197348428423417
4 0.6409956126408036 0.30240179362813124 0.034932010895763276 0.07638271753501122
4 0.15129860015555646 0.5155415709258334 0.05274222376899802 0.10836046360606985
1 0.5558504342964442 0.25404987675507373 0.03783848960843983 0.07340326674922296
4 0.5920167992830363 0.43717274586166155 0.05128898441265974 0.109850188998964
4 0.7342100170999496 0.3659249462331651 0.051758877976042325 0.09429796360606986
2 0.22240378578938297 0.363112237798891 0.03619957995351379 0.04996576674922295
1 0.23519871673163245 0.39018416004863193 0.041979686390131124 0.06580909057054055
1 0.24484151450205954 0.36104246960192593 0.040526447033792934 0.06729881596343468
2 0.16303377564992433 0.5051862677826804 0.049792186390131124 0.06617296360606986
4 0.837722783191493 0.4096814083914929 0.043727856688719056 0.09080909057054054
4 0.7938417432147361 0.3834977439996348 0.045399617332380515 0.0924443651776464
4 0.15344025436260086 0.5016246201400452 0.05117972376899797 0.10828768899896399
1 0.1002491884069435 0.654109611248705 0.1009390591703934 0.196262877997928