0 0.6739685785743192 0.5869612344895343 0.05127570967712849 0.0643245799535137
2 0.12053105541495553 0.5684443613802959 0.047388730355292855 0.08118429802252862
1 0.6624746145539647 0.6935772212479826 0.02562073821317572 0.04851390965492612
1 0.6469052725356821 0.7126932080064308 0.02791098428423435 0.06424817029858776
4 0.7578876602535198 0.5544440294099697 0.05098891935425698 0.12504355866619044
4 0.816132499790603 0.4923703643071621 0.041395595532939214 0.11970049480421992
4 0.8390413068626976 0.4625518243304052 0.03568925103345748 0.09749771287323483
4 0.628125231593638 0.528247152190232 0.03783394789030421 0.11010697351689629
4 0.7150687675732833 0.6279797183979909 0.026785131926869356 0.07351390965492613
4 0.8356744042576636 0.3734346940085743 0.0524058701400449 0.12202781930985207
2 0.09605544023730908 0.5309661407133911 0.06181510339082215 0.08998014381548422
4 0.7234441937519657 0.6226912848578514 0.02849318114108108 0.07674817029858776
4 0.16931746587787225 0.6230336723922747 0.0440111732831983 0.10898151609154336
1 0.6655824979285763 0.7098195802824899 0.03139985731976367 0.0722791915859112
4 0.612699284736791 0.5167851283050184 0.042448673283198346 0.10887225544788173
4 0.7787609323794262 0.5145785000768746 0.05142556699689216 0.13441855866619026
2 0.3001201637681764 0.722050690577505 0.03187073821317572 0.04895095222957302
1 0.326391565339753 0.7139432596352555 0.028202082712657717 0.07049817029858776
1 0.35355553287476427 0.7418279590148369 0.031035984284234354 0.0644666915859112
2 0.18003664205655467 0.6175813478866425 0.04509848428423426 0.06545003737886682
4 0.8606615957378271 0.4555534253191409 0.035398152605034025 0.09124771287323466
4 0.8311217990048145 0.49445738819237556 0.036960652605034026 0.09135697351689628
4 0.19473484284234294 0.613418371771856 0.042448673283198346 0.10887225544788173
1 0.11382729114693188 0.5759672842767737 0.04848034946188071 0.10462179802252862