2 0.060922627332315606 0.4047294679217421 0.05384675287472207 0.08269138648947968
1 0.616409084118519 0.20909707896825233 0.022851031102777596 0.048076554595791854
4 0.6999557330344915 0.35523279688999443 0.05441268086722193 0.12467862739018098
4 0.7517239931192602 0.4117343183277942 0.049315077756944346 0.11969073874123307
4 0.5659717122993063 0.3948936790605374 0.04693237153638883 0.11021560919158375
4 0.6581092770967599 0.29188049815429873 0.03128824769092571 0.07347707279438911
4 0.7617155648439363 0.5284013841823529 0.06038927879370348 0.12195414558877822
2 0.0334349154804865 0.4445627259413065 0.066869830960973 0.09130492288667429
4 0.6636757719129636 0.2992924799557014 0.03156164976444433 0.0766020727943891
4 0.11774811724754697 0.34126894278331454 0.05148317049962943 0.10895349784053163
1 0.6336355403390745 0.19867071869693445 0.024960335249814846 0.05442668414544114
4 0.5539406040052324 0.40809458590808256 0.050057371536388826 0.11041586829088242
4 0.720229276813936 0.3632560479697286 0.042499149764444334 0.0773029796419344
2 0.25220988308175973 0.23398976403654412 0.03535103110277769 0.048877590992986344
1 0.3267115970780097 0.2082399899778507 0.03271404665416657 0.07201470234403846
1 0.3528831178131948 0.1754880467331109 0.027948634213055445 0.05306444324473984
2 0.12395916102699142 0.3501933598098925 0.0493547425071295 0.06686612739018098
4 0.7862849208289362 0.44292495913621044 0.045428660132036926 0.09302810919158375
4 0.7668411451927787 0.40765808760612565 0.04372945909527761 0.0913654796419344
4 0.14877323331731543 0.31519779611480203 0.04236244872768502 0.0757404796419344
1 0.13982816880268584 0.337523379088224 0.04562414976444433 0.07750323874123302
1 0.06473254957537138 0.5210158019748982 0.06716695909527762 0.09286742288667416
1 0.6230787491515282 0.18614044031930438 0.02373002591898139 0.04036418414544114
4 0.693521222384075 0.4465389173403452 0.050194072573147966 0.11197836829088241
0 0.6126791999054635 0.26060951419342765 0.02896433006601846 0.04691457279438911
1 0.0024244965596300736 0.5579231215300848 0.004848993119260147 0.19665375693983034