0 0.6237320185789585 0.6387484912476402 0.042842028007635945 0.05674089600572714
2 0.08209050592777604 0.5310040046546824 0.038372704010181335 0.07543635200509069
1 0.5961150012333227 0.7296825739179129 0.019459072008272394 0.061155676002545255
1 0.575466146562732 0.7588251812540037 0.019459072008272217 0.061155676002545435
4 0.7098695132479584 0.6205610179026408 0.034212462682999246 0.12069430800445424
4 0.7776569972549582 0.5682167205601868 0.024782918682362976 0.1158977200031817
4 0.8052916485916853 0.5428985472231413 0.022965880012726723 0.09400453866963616
4 0.5869956345878673 0.5735598432527309 0.02311133068109026 0.10650453866963616
4 0.6559899879058225 0.686022933243186 0.01644316000954511 0.07049431333545435
4 0.8156938939370029 0.45450820922186874 0.03573860001590816 0.11758748933799978
2 0.06382231126673034 0.48981593065722767 0.050963610677908576 0.08339430267345413
4 0.6654104412396862 0.6820075952419133 0.01806020401018138 0.07519999466899989
4 0.11742802192077637 0.582148333983137 0.029343149347544804 0.10501476400381797
1 0.594279781230141 0.7531382552514583 0.022674978675999567 0.06900453866963616
4 0.5738780165897763 0.5596518845878673 0.027780649347544893 0.1049965826702726
4 0.7368501839195037 0.5843144352323683 0.034321550684271965 0.13006930800445443
2 0.23308828990295902 0.7120347339672287 0.025527258672817865 0.045603401336727245
1 0.25820646857100443 0.7015875826305017 0.0226204346753633 0.06431703866963616
1 0.27344966056655007 0.7342182692950472 0.022584072008272393 0.06119203866963616
2 0.13297120591982187 0.5889977706476828 0.036628390674726896 0.059793170671545326
4 0.8264217612587761 0.539528099220278 0.022893154678544646 0.08775453866963616
4 0.791655862587549 0.5735218385582777 0.024455654678545 0.0877727200031817
4 0.1361416592536855 0.5850551579805918 0.027780649347544806 0.1049965826702726
1 0.05894390726450316 0.5062767246578641 0.0456226773551808 0.1614465773392723