0 0.77075982103257 0.006832342852456305 0.14151964206513998 0.01366468570491261
2 0.1597331888554892 0.6450339742968374 0.06098227360693613 0.08354201186299796
1 0.7743607760965977 0.19946292285333136 0.09540204721387227 0.16600168479069155
1 0.7404778707361038 0.30343018125628834 0.09393055247554419 0.16750051779449712
1 0.7017408654038448 0.37783727365163405 0.09025952090551322 0.15799818380210837
4 0.7896342495058899 0.48858908984952576 0.06629139988706054 0.1211693458553869
4 0.8005864310335685 0.5421770048685538 0.049953768345264306 0.08153384288963732
4 0.8113657653614925 0.41800733441231824 0.06510833148532633 0.1008568458553869
4 0.8336194679358588 0.47739958045798564 0.0441742052052021 0.06259284190105419
4 0.8436700311465082 0.42138966099033326 0.053897815700310756 0.09572367688202607
4 0.8528252232681177 0.4037883255150697 0.06905237884037305 0.11504667984777565
4 0.8073545575960417 0.2819106669218323 0.07034186305535747 0.11042284684397004
4 0.22679886249066022 0.6939861274528674 0.07410389988706054 0.12148768083635879
4 0.32318801507914385 0.7354786076812039 0.05362479991529536 0.09103617688202607
4 0.320495654584035 0.7026979411793011 0.050499799915295365 0.09090884288963733