0 0.6976454719269117 0.5792939334128835 0.08044656847545255 0.11279540653397539
2 0.12065457047803729 0.4363613391227985 0.05354410703211539 0.08194351282028159
1 0.6494756870708767 0.7149189102535198 0.04456962523071262 0.0877568651776464
1 0.615841166712811 0.749182594290085 0.035855959283868796 0.07333049214211709
4 0.7253267882428959 0.7316933413946008 0.048956736581764734 0.083287688998964
4 0.8060971244555203 0.6793731701783172 0.04557092072720579 0.1033818651776464
4 0.824146217607975 0.6693089654635875 0.043607902528608376 0.09705909057054055
4 0.610855673191216 0.6227656435042968 0.047533938925803196 0.10970463978475227
4 0.659110305361759 0.7558713959854961 0.0327309592838688 0.07318494292790553
4 0.8550574537283143 0.5803941687305751 0.060734845773348665 0.12122433664159918
2 0.10915706353820698 0.3906485787837163 0.06820738433001132 0.09197348428423427
4 0.6684352405869344 0.7555267936281312 0.034493718383167504 0.07638271753501122
4 0.09830920110742078 0.41584763192686947 0.06395997532299773 0.1229323858558109
1 0.6329786019379864 0.7492018649682495 0.0374184592838688 0.07340326674922296
4 0.5971238402177941 0.6151158093438969 0.0506589389258032 0.10985018899896418
4 0.766122966528241 0.6876372803935649 0.05600777297895938 0.09607878742738726
2 0.2390598187799943 0.655299737798891 0.03591651603912895 0.04996576674922295
1 0.1590557364248812 0.45217042969333904 0.056708679826504495 0.10701628742738745
1 0.18674874228497734 0.5196682987999269 0.06099566162790722 0.10098461124870503
2 0.16021652066260744 0.5067487677826803 0.04941781153562212 0.06617296360606986
4 0.8427960880583256 0.6686197607488578 0.05112001387966032 0.09273546360606985