2 0.12996941329132478 0.5362147312169198 0.04330155933798818 0.07809050790866542
1 0.6655796396456154 0.7479216219784789 0.017496075934727705 0.04588550296574958
4 0.7692346680652096 0.5955858477581911 0.03880423610255281 0.12152217292769336
4 0.8285495458647482 0.5406635844123182 0.03387993776222657 0.11820617193911023
4 0.6369540417155634 0.5563071249442284 0.029926143571085716 0.10714133794672147
4 0.7183834857015675 0.6587835261230921 0.022515462657336015 0.07101283695813834
4 0.8618571081025216 0.4217570755150697 0.04012993776222658 0.11846083992388792
2 0.10730058528200466 0.49560431866934956 0.05783765601864026 0.08491351087441501
4 0.7248819394358339 0.6514657746402173 0.021308160167825108 0.07563666996194396
4 0.17869217843817178 0.6000570553234768 0.0376202444009226 0.10589717292769336
1 0.6811929842516751 0.7574730355146322 0.01808807178554268 0.05369800296574958
4 0.630135356652629 0.5283731259328116 0.03423513527271584 0.12289367193911023
4 0.7898548213845575 0.5884763433095669 0.03357136182749905 0.07302100593149916
2 0.299776118274991 0.7087542815974806 0.029996075934727705 0.046394838935304605
1 0.402523532592001 0.7719625943353311 0.0225387734452168 0.05076400395433271
2 0.18663473300227515 0.5911131368444076 0.040555067636357925 0.06240184091247088
4 0.8646996108018138 0.5109787430055557 0.037998752699292385 0.09033583992388791
4 0.8437484933752373 0.5447462479484716 0.031748752699292025 0.09008117193911022
4 0.20654541391602468 0.6263502998862693 0.033452962657336036 0.07145850593149916
1 0.21878438217243817 0.5913704634224225 0.05118583693238978 0.12046900889724857
1 0.19129615436825512 0.4561333003805609 0.06127123195336796 0.13022601087441482
1 0.6694033792726531 0.7673573714841873 0.020029080083912555 0.038200336958138334
0 0.666063969104828 0.6922618709898958 0.022065176764564674 0.04451400395433271
1 0.12226181183678789 0.44484031471501695 0.05975719875988892 0.19247134288963733