0 0.6273374575092121 0.5228091255444797 0.06536423871722885 0.10244268198597287
2 0.08138376299863073 0.4189922270210408 0.05231866943775674 0.08289164558877826
1 0.5756349020197935 0.6649255768087841 0.04312552586424747 0.08854086829088245
1 0.5317796019406511 0.6981478894241404 0.0333413489046432 0.07387759099298634
4 0.6561036520197934 0.659768905001844 0.047676633544379496 0.08415375693983015
4 0.7388085034317193 0.6045621684200793 0.043580166930474284 0.10416586829088229
4 0.7595529124446347 0.588416734274638 0.04183581050398359 0.0978157387412331
4 0.5528997471635131 0.5618902143779978 0.04527905925034226 0.10895349784053181
4 0.5865807622072079 0.6907371051864141 0.030216348904643198 0.07367733189368782
4 0.8035960806287502 0.4951383012089311 0.05970527210332373 0.12235466378737563
2 0.07567097209068849 0.3741303099944627 0.06665395407749282 0.09316781153562212
4 0.5967824763138306 0.6885237631136935 0.03343227711788863 0.07700259099298634
4 0.06166229638472559 0.39998141116648195 0.06287573620994644 0.12411742288667416
1 0.5536091378340285 0.6983085757290498 0.03646634890464338 0.07407785009228504
4 0.5384197100164946 0.5503414450996663 0.04844952335696497 0.11071625693983034
4 0.6884447905787379 0.6202663140088575 0.04960284639736088 0.09675388648947951
2 0.17667221628470073 0.6281088062938348 0.03422188730530311 0.0505402205426357
1 0.130201696226441 0.4564130814322624 0.05460859514371963 0.10799177513842757
1 0.1408831319615338 0.5181120450350679 0.05911423871722894 0.10204216378737563
2 0.11373561025392143 0.48632062692875566 0.04717652837152993 0.06696625693983034
4 0.7852659662847007 0.5891083467054242 0.04955738229073816 0.09519138648947952
4 0.7344081599373522 0.568193871843852 0.05551787727617317 0.13924177513842756