0 0.9815863432859459 0.2057087455019999 0.03682731342810826 0.16896816861791084
2 0.10552939997655889 0.4138812136992548 0.05359769867214013 0.08155907220870695
1 0.869641896951497 0.4269201492891879 0.07751698770335977 0.16450792759490124
1 0.7825691438282388 0.4998485891807293 0.07596357806243947 0.16606133723582167
1 0.7014736799325924 0.5259383905085891 0.07278403590796181 0.15666815651766247
4 0.7077560170702182 0.6658139567653677 0.053824957649130666 0.12062157220870695
4 0.6846003182016862 0.7141151013791736 0.041088608313060423 0.07992384933607007
4 0.7684389870159889 0.6224184807694728 0.05369769262201594 0.09874657220870695
4 0.7508202158405541 0.6824701916400573 0.03784543364502539 0.05959316861791084
4 0.7920037520431035 0.6444298361556671 0.042742011903856715 0.09555793969514959
4 0.8099225050681657 0.6359406252850828 0.05534200585373261 0.11281816256778665
4 0.8466998215213358 0.5119400439029935 0.058439734776493425 0.10814884328594587
4 0.13020266793053978 0.49214711426498886 0.06007495764913058 0.12065793364502539
4 0.18228786357761778 0.5822908461146162 0.04426815046753822 0.08931703005422928
4 0.20009753229372448 0.5550516352440319 0.039580650467538184 0.08928975897699054