0 0.6162167364949026 0.4805250619692142 0.07366038273097572 0.10417894354388864
2 0.05529546982500313 0.6149230795003706 0.05975737939699584 0.08589783524981467
1 0.6205060105816679 0.5895193531567606 0.05076501666989941 0.08976512902925915
1 0.5954583420949973 0.6398023171530105 0.04024210485118864 0.07488242280870364
4 0.7029037934624247 0.5303405513187978 0.0550698793969957 0.08548773213953709
4 0.758037445738238 0.4440715691792608 0.05360297424624481 0.10552683006601846
4 0.7708243592239385 0.420458411921946 0.049967791215706825 0.09900342799249988
4 0.5680662789185572 0.500251093071992 0.05398561151914834 0.11021433006601847
4 0.6499384190663988 0.5900470334583346 0.037117104851188645 0.07460902073518519
4 0.7726735148337316 0.32178646606898303 0.06919602333785928 0.12550713939685174
2 0.03373018605040812 0.5805965976436576 0.06746037210081623 0.09636644354388882
4 0.6589785792181196 0.5838264277561589 0.03893469636645772 0.07787072177194432
4 0.043273830885109575 0.6291612367576853 0.0602356115191484 0.11076113421305536
1 0.6153722293679008 0.6334060541935198 0.04180460485118864 0.07501912384546294
4 0.5519151204338263 0.49856145395796414 0.057110611519148334 0.11048773213953708
4 0.7189113017973744 0.48627819302472375 0.057652745458072016 0.09812443317629622
2 0.23425003300144312 0.7412143030157413 0.03832891848667064 0.05144492280870363
1 0.15343020982306346 0.6575316615926393 0.06323306576151388 0.10947203628657398
1 0.19105788451865185 0.6906961846368986 0.06741038273097573 0.10363213939685174
2 0.11487789285360162 0.6546991875116207 0.052231921820650486 0.0697260311027776
4 0.7950909066485631 0.40825164637055716 0.05596269970043757 0.09642523213953691
4 0.7552631321027559 0.42104417228953855 0.06125597758022465 0.12326113421305536
4 0.08469605633930237 0.6348453087651855 0.06192565727678292 0.11246033524981484