0 0.6793360913162889 0.6208704248649658 0.05181856426490725 0.06366376291777787
2 0.11578205667655286 0.5983849082443751 0.05075616943775674 0.0808148953265972
1 0.6731292069139797 0.7027016531134727 0.040000525864247474 0.08681032218833344
1 0.6555385416328581 0.7421089920193061 0.03177884890464337 0.07256598423243048
4 0.7615946618494023 0.6305922234019451 0.0461141335443795 0.08226829255305557
4 0.8109748847315137 0.5567923539109035 0.04045516693047411 0.10243532218833344
4 0.8310456923325032 0.5221270663918409 0.038710810503983596 0.09614895459715278
4 0.6233755963308539 0.5758475591736463 0.042199523356964974 0.10872168977951394
4 0.7115552094212622 0.6817358428929866 0.028653848904643377 0.07249324905006951
4 0.8229854882550105 0.432937279822709 0.055017772103323634 0.11995013050895835
2 0.0896909181176085 0.5603030267854863 0.06348348997087014 0.08891833605604163
4 0.7200125671013942 0.6772483646444798 0.03030727711788863 0.07565461664124999
4 0.14571124907556315 0.6342139586812154 0.04684155925034235 0.10726829255305556
1 0.6733936313663014 0.7386209693178825 0.03329588479802066 0.07103985182361114
4 0.6091994360642972 0.5716140008530213 0.04532452335696498 0.10879442496187508
4 0.77677338097059 0.5887865831093408 0.04799488229073816 0.09324216014423606
2 0.30001596733882097 0.7588171812301392 0.03417642319868044 0.04763871941479181
1 0.2722486685133199 0.7167926821800696 0.042534492478152594 0.06657055737069442
1 0.3079277557394807 0.7355797029816322 0.0378469924781526 0.06646145459715277
2 0.17739315808847864 0.6497850605048265 0.045614028371529926 0.06508079255305557
4 0.8498411564391259 0.5241259774860076 0.046386918184115444 0.09164329255305574
4 0.8226709026782023 0.5562838608447576 0.040136918184115446 0.09149782218833344
4 0.17130228246165805 0.6551083401401043 0.050012023356964974 0.10890352773541671