2 0.08315085147843279 0.4174142380961433 0.047585705331134064 0.07838862041330893
1 0.6284048301665319 0.2283360190341354 0.02011392319868044 0.04698408430895542
4 0.7220004028112162 0.39416957641211947 0.04568823620994635 0.12055793969514958
4 0.7780852667595545 0.45320823312617364 0.040909807996701096 0.11740566861791084
4 0.5932161732651874 0.4175712358566481 0.038528954077492725 0.08927157825883114
4 0.6747138773426803 0.32804967272312746 0.025528848904643197 0.07201135538619426
4 0.8034907805496079 0.5733525614832007 0.047205272103323724 0.11900453005422928
2 0.05857674881286577 0.45661309348233753 0.061920989970870144 0.0878454336450254
4 0.6814950747562556 0.33660251610726916 0.025619777117888633 0.07513635538619426
4 0.13570520163671737 0.3561813014260557 0.043716559250342346 0.10648634933607007
1 0.6403736327529567 0.21967409134103827 0.021858279625171305 0.053243174668035034
4 0.5900684412118761 0.41837066657480737 0.0329321719450391 0.057994307181592396
4 0.7428441002247915 0.4026406065645446 0.036511813011265916 0.07363748789975162
2 0.26209786856719164 0.2539006630587659 0.032613923198680436 0.0470568071815924
1 0.3734050930986556 0.1868580879231927 0.021812815518548412 0.05168067466803503
2 0.14248639905029262 0.36473414481019745 0.04400606426490725 0.06274543969514967
4 0.8115509846271008 0.484258245226422 0.04326191818411544 0.09086134933607007
4 0.7930199449727998 0.4499968747149173 0.036966454077492904 0.08926248789975162
4 0.15883882475625552 0.3396432412194013 0.03802884890464333 0.07208407825883115
1 0.1801909875300947 0.35748472619228666 0.05823370031656912 0.12219316256778665
1 0.14841448713438327 0.50998755747618 0.06276808762187222 0.17064884328594587
1 0.625112345605938 0.20726499493183442 0.016716138558944316 0.03759090359079613
1 0.11010214489365751 0.48443356645317037 0.07434208511458977 0.1925874757995032
1 0.3618538276592494 0.20801547043675 0.02154003087881238 0.04230567466803503