0 0.6894242639063516 0.5537658141128097 0.05483798620519007 0.06520227611928178
2 0.13160844188008422 0.5978842220716959 0.05261374491161734 0.08222600180902226
1 0.6893600661449153 0.6571774191557637 0.04356629353213641 0.08798467887824372
1 0.673438495023159 0.6971816214397558 0.03501680913596861 0.07351274310259512
4 0.7780297405006033 0.5702738834255434 0.048008132066747145 0.08354284034363317
4 0.8240172698992453 0.49109099446139143 0.04438516508343397 0.10360967887824372
4 0.841706058908826 0.4549111550222696 0.04249511646291495 0.09727779172311415
4 0.6371690451140161 0.5283021466545266 0.046275213703953 0.10994156603337349
4 0.7300326537750148 0.6260602159672605 0.031891809135968605 0.07334896879233561
4 0.83078849106643 0.3661762036427885 0.05934842378986112 0.12153416327441154
2 0.10464315015697019 0.5616944165537718 0.06716756784239584 0.09233798620519007
4 0.7383397987320606 0.6201410866140468 0.033618083446227943 0.07655585594746536
4 0.17847347580128214 0.640081688150498 0.05088082654882311 0.10862472749876276
1 0.6865969142904643 0.694141830621153 0.03657930913596861 0.0735946302577247
4 0.6236830772261917 0.5250919374731294 0.049400213703953 0.11010534034363317
4 0.790621593734535 0.5265272054518109 0.05014384215265526 0.09456222749876275
2 0.32244588308279987 0.7414284249215148 0.035351001809022266 0.050157130257724704
1 0.31620252713533464 0.7119865863869042 0.040857373360319825 0.06602779172311415
1 0.3424308344622809 0.7341138919048282 0.03937676051544958 0.06750840456798421
2 0.19508444368910652 0.6431281230216356 0.048669873360319825 0.06643722749876275
4 0.862431316710742 0.44677442842801784 0.04216756784239593 0.09102779172311397
4 0.8355722455889858 0.4873518407979184 0.04381195499752551 0.09267217887824372
4 0.18764043588719043 0.6505688087972843 0.049318326548823156 0.10854284034363318