2 0.06080618060169687 0.4484164885800393 0.04396884793281673 0.07860967887824373
1 0.5978310209763744 0.19680648518913726 0.01852875693983034 0.04613137155129756
4 0.6999373342100397 0.34095155359736 0.040522475322997666 0.12203213025772479
4 0.7590329295219627 0.3908010673921699 0.03563471622369914 0.11866146879233552
4 0.566765086369508 0.3899766310506943 0.030246309376153847 0.10747830732694626
4 0.6492049514211878 0.2820988540269013 0.023255829734219448 0.07129514586155708
4 0.791316898523439 0.5066816949363613 0.04188471622369914 0.11898901741285464
2 0.037840247535989864 0.490887271596726 0.05843186613141401 0.08559666327441154
4 0.655785618447766 0.28876161182881743 0.021993718383167504 0.07590075870642732
4 0.11027405691214369 0.38119801108127643 0.03952117982650451 0.10640713025772489
1 0.6125443630490951 0.1859132507929695 0.01902940468807692 0.05394387155129756
4 0.5602752544758202 0.4183472925160835 0.03447273442229637 0.12482958163720573
4 0.7205805012366178 0.34687732700310836 0.0342934592838688 0.07343085594746537
2 0.23149581971207017 0.2635014987568046 0.029466256939830338 0.04670458163720585
1 0.334088696022517 0.1934988579836302 0.02205427513842757 0.05254514586155703
2 0.11753584438907243 0.3893823253056277 0.04140505243632352 0.06290279172311405
4 0.7946805328534502 0.4177420256690558 0.03851988433001132 0.09078213025772475
4 0.773345753396086 0.38615783299600215 0.03226988433001132 0.09045458163720585
4 0.13780757403100682 0.35250312302163556 0.0342934592838688 0.07343085594746528
1 0.14961715916389712 0.3869223886254678 0.0529223457733484 0.12112472749876284
1 0.12142470311923081 0.5231022280645897 0.061335623071244336 0.13090916327441154
1 0.600645140346991 0.17719334803400752 0.01959060919158375 0.03840075870642727
0 0.5973513571889989 0.25289271087887777 0.023116127390180985 0.04481453301668683
1 0.05260485194721158 0.5399455693127339 0.06065330505721718 0.19316350180902225