0 0.6548995607958297 0.37787477312861795 0.11965903590796181 0.15832278896022584
2 0.12648717272312743 0.6866523405023534 0.06141019867214013 0.08231366801906326
1 0.6889604225267357 0.5667696777550006 0.05517837939029935 0.08532957386326193
1 0.6729309015476928 0.6360281923654971 0.04415906615858276 0.07107615909060953
4 0.7600496273471959 0.568791873777241 0.058285198672140125 0.08225912094116268
4 0.7973092537124332 0.4764640519425741 0.05366133118569749 0.09311480032431163
4 0.804463223560008 0.45549303286785053 0.05523292154477701 0.09470457386326174
4 0.6155820098607532 0.5553315714243346 0.056795421544777014 0.09473184740221222
4 0.71283828406125 0.6257861676087308 0.04103406615858276 0.07102161201270878
4 0.788625121002484 0.357550410708872 0.07569086729005096 0.12005912986961631
2 0.0938610250842596 0.6540483461843962 0.07553633118569744 0.0934966298696164
4 0.718334305138489 0.6211941249950571 0.04417724687674198 0.07420115909060954
4 0.09670876913233126 0.7017591432622969 0.05989315046753822 0.0900988944801128
1 0.687107031036188 0.6167424042160503 0.04572156615858276 0.07110343262956001
4 0.13984114559576438 0.6743841655834313 0.07252950585373248 0.11375458279171564
4 0.603867805040293 0.5543457698822071 0.05207156010845857 0.08840002678536116
4 0.784672898326239 0.4996833636309714 0.050472698672140125 0.08212275324641087
2 0.33599346204893477 0.8020393814911742 0.04091589149054773 0.05070911201270869
1 0.06814795277735673 0.6418795827917156 0.07726245764913056 0.12164890340856668
1 0.03765803952219906 0.5788068384737585 0.07531607904439812 0.19198867694751698
4 0.7187479164766115 0.550100374995057 0.058357921544777015 0.09475912094116268
4 0.7162001542781672 0.4508270779171564 0.06943177693097127 0.11838753571381488
4 0.7319342385871226 0.4323498133066598 0.08207722267624522 0.14360572402541774
1 0.09794453708631215 0.6236477800317721 0.1167976563212707 0.20358074188232517
2 0.19581843482337585 0.7222410129856435 0.05507838544042354 0.06814207386326192