0 0.7007138068760739 0.8584548083372141 0.1410749440483629 0.18606817599857095
2 0.10661709521022664 0.3714757982746301 0.05705163354437941 0.08507412252816068
1 0.6770503010035791 0.6493476061076413 0.08946697994174038 0.18090007475773362
1 0.6774654896416658 0.5812695954639795 0.076148626022532 0.15190098960843984
1 0.6609061269469688 0.5315755980618695 0.06627352084968266 0.1340579257464693
4 0.7472815476383667 0.4687256728196032 0.0523641335443795 0.08474634059717552
4 0.7632127730277606 0.566911800543544 0.05911423871722885 0.10237088317182241
4 0.7832608485754389 0.6043243192329775 0.06104045157021041 0.11498014381548423
4 0.8019653844688163 0.6071979469569182 0.04844952335696497 0.11098105866619043
4 0.7711974546062181 0.7498717660146689 0.08079066191590947 0.1506662715394249
2 0.3080014019532865 0.25717226969783963 0.0390003155185485 0.054184755447881636
2 0.29465195579335246 0.25858730422671483 0.04244356426490725 0.06534077673520518
4 0.6011052296125359 0.48825193295906183 0.05442673871722903 0.10204310124083733
4 0.6799863990502926 0.41391820449848693 0.04119931301126591 0.07616901609154336
4 0.8003741407370224 0.6618854469569182 0.0461141335443795 0.08430929802252862
2 0.07046063486452767 0.4033924337922411 0.07138691818411551 0.09543246832111638
4 0.694276219583406 0.4070890502914425 0.03811977711788863 0.07751299480421991
4 0.7556406507661523 0.7464354095780514 0.07256898495630519 0.1360574683211162
4 0.11125913110360397 0.37336608020561535 0.07275084138279596 0.14230746832111638