0 0.6501437775051782 0.4899570527500906 0.07849207694917482 0.1048062183831675
2 0.10078363984889742 0.663133450802879 0.062212312521204495 0.08505492288667416
1 0.6621675731513417 0.5920807572535973 0.05456350362819702 0.08924177513842757
1 0.6504562576349123 0.6372628493263179 0.0446974303072194 0.07457849784053164
4 0.7412127216073956 0.5160806593207805 0.05908731252120454 0.08485466378737563
4 0.7825495389379235 0.4261274853543722 0.05817957694917482 0.10350453423772628
4 0.7912077763240518 0.4014080876061256 0.05639882213985139 0.09715440468807693
4 0.5975272089935239 0.5011238926633428 0.05990576805616747 0.10829216378737563
4 0.6984597372164922 0.579621527611663 0.04151786660488845 0.07281573874123311
4 0.7766219758685649 0.3056845774270928 0.0760218413771451 0.1233559592838688
2 0.06989822759784539 0.6323736065706901 0.07665675843752048 0.09689358883351815
4 0.7064904920258156 0.5728708798634163 0.04480655771188111 0.07770349784053163
4 0.11279256652791972 0.6763949144056844 0.06615576805616734 0.10869268198597286
1 0.667698321337243 0.6345989242801754 0.046205366604888456 0.07311612739018099
4 0.5835465545470202 0.4996813086101867 0.06464783175849824 0.11015505243632351
4 0.7505802871238251 0.47104876157253395 0.06264882213985139 0.09755492288667433
2 0.30288679847175237 0.7686663502491686 0.04080853847458741 0.0525032387412331
1 0.22150287841615204 0.7107420311554072 0.06922620435383653 0.10733044108527157
1 0.27655247696487323 0.7415123673680317 0.047658739200226743 0.07009125693983034
2 0.16744286099295688 0.6962778153931335 0.05547123920022683 0.07059190468807693
4 0.8143005359426987 0.3874562091362105 0.0609771947351895 0.09432979333702489
4 0.7755282126217209 0.4039718831026189 0.06815477767481415 0.12129281153562207
4 0.15683274320694202 0.6876037222406788 0.0677728317584982 0.11035531153562221