0 0.65390625 0.37978943472518 0.046875 0.05964771077238851
2 0.09296875 0.4314903736347627 0.04375 0.07837953005422929
1 0.63984375 0.2986212479568965 0.0328125 0.08456589754067192
1 0.61796875 0.2604672629840112 0.025 0.07202044574527386
4 0.7359375 0.3660309408735 0.0375 0.07990566861791085
4 0.7921875 0.4367974379466338 0.03125 0.1017443071815924
4 0.81484375 0.4702593777399794 0.0296875 0.0954852168225127
4 0.60234375 0.4269644165748073 0.03125 0.1064318071815924
4 0.68046875 0.3171348986208265 0.021875 0.07200226502711464
4 0.81640625 0.5593127873808997 0.04375 0.11900453005422928
2 0.0703125 0.4714659338414172 0.05625 0.08626475292686635
4 0.6890625 0.3217724016458886 0.0234375 0.07513635538619426
4 0.11875 0.39384038270994903 0.0375 0.10490566861791084
1 0.63671875 0.26270192867505576 0.0265625 0.07046703610435348
4 0.5890625 0.4325104346269841 0.0359375 0.10645907825883119
4 0.75390625 0.40655140174408444 0.0390625 0.09241475897699036
2 0.26171875 0.26253986485416403 0.0296875 0.0470477168225127
1 0.24375 0.3040506539835796 0.0328125 0.06425339754067191
1 0.27734375 0.2788552112633679 0.03125 0.0658068071815924
2 0.14921875 0.3772568707078965 0.040625 0.06273634933607006
4 0.8359375 0.4748241578924045 0.0296875 0.0892352168225127
4 0.8046875 0.4390684650739969 0.03125 0.0892443071815924
4 0.140625 0.3718381176828344 0.0359375 0.10645907825883123