0 0.7138377723178391 0.561149856963518 0.11991485389503395 0.16239153663473135
2 0.11948598011120234 0.36140556874690705 0.062355724025417655 0.08444359905006031
1 0.6024617159044475 0.7090783446390463 0.054597771103318316 0.08715916327441171
1 0.5421515073003054 0.7418222455889859 0.043442082791715644 0.07408595318850324
4 0.6518128794592839 0.7639605964480685 0.057668224025417734 0.08419793758467123
4 0.7441407012939509 0.7321141321782887 0.05319891233702041 0.09645227611928178
4 0.7642895600602488 0.7238036651949755 0.05476141233702041 0.09653416327441171
4 0.5592105478853843 0.6459298914505429 0.05632391233702041 0.09661605042954129
4 0.5776759500761349 0.7647584565794053 0.04028980925276535 0.07235967887824372
4 0.8167775860348312 0.6453787720469519 0.07551028896022594 0.12259869629109836
2 0.11947629748164248 0.3161340123244719 0.07660913879807008 0.09611808344622812
4 0.5847208368456102 0.7659081987774892 0.04346935633066593 0.07564845318850325
4 0.08726381533854996 0.3487893820667471 0.059367091720169365 0.09209232473980081
1 0.5655344602224047 0.7399255529159321 0.04497730925276535 0.07260534034363317
4 0.13746836688067748 0.36312852103089915 0.0723034683433748 0.11774742198083885
4 0.5512344066516823 0.6361454556748941 0.05152731818121907 0.09012038896415202
4 0.7192634322192275 0.7378351876962127 0.04985572402541756 0.08378850180902227
2 0.18521394033690233 0.5943276113745322 0.039935253246410875 0.05204717887824373
1 0.11039162378053638 0.2875586329712583 0.07710006249917618 0.12424308344622811
1 0.1225273851446221 0.22262967378986112 0.11270237175194149 0.1963571008590826
4 0.6362191071381496 0.7202139184743359 0.05944891233702041 0.0967798247398008
4 0.7295094111159092 0.6540743413596859 0.08219666558343128 0.14792624491161738
1 0.14890469886161423 0.3028461182719372 0.11601828652459387 0.20745837516934218
2 0.1426564732113435 0.43677073891872353 0.054297762174864636 0.06997166327441154