0 0.8537184784863492 0.5809116701145401 0.1311250892845373 0.17336586935072643
2 0.1274929435833132 0.6365107593491356 0.06079322402541769 0.08194089067472703
1 0.6902581761334428 0.43450774275935944 0.08844666558343128 0.14474997334499945
1 0.5942814285690747 0.35059527207985997 0.057804591720169364 0.08971702800763603
4 0.653169459007884 0.2786390034213596 0.057668224025417734 0.08190452800763603
4 0.7252177828711458 0.33415375409767734 0.06421823295387127 0.09916475334181776
4 0.7685956359554009 0.35809124077017707 0.06753414772652384 0.11013861600890866
4 0.7768484667185217 0.338659988104677 0.056542100648623084 0.10688634667409058
2 0.19623544074393942 0.4131374413589988 0.041525026785361255 0.0520352146721816
2 0.18781896874711662 0.42319369402449886 0.04640344155801364 0.06302725867281786
4 0.5614104273512588 0.3916106234086329 0.06106595941492117 0.09756589067472685
4 0.572618888391033 0.2730151647437692 0.04028980925276535 0.07076703333863606
4 0.8176604273512588 0.39459236211008586 0.05936709172016954 0.08973520934118148
2 0.12286967329077374 0.6848846246817265 0.07504663879807008 0.09304202267663583
4 0.5827342280826076 0.27078959341181463 0.0434966298696164 0.07549089600572696
4 0.11560659820969585 0.6715215586807721 0.07737279788867957 0.13681020401018137
1 0.6215979050301245 0.3493509454169052 0.04497730925276535 0.0708215773392725
4 0.15633100973593733 0.6329408640197264 0.0707409683433748 0.11486247867599957