2 0.14438073586273079 0.3488708685287909 0.06335845391148132 0.08452618942018653
1 0.6973212252123144 0.2247937295885971 0.0291010311027776 0.048331084186749605
4 0.7850829397742121 0.3932182349208561 0.06990097983046262 0.12377069994353027
4 0.8386173343548602 0.45763007443986475 0.06480337672018521 0.11881018415851478
4 0.6491843959947676 0.41055619531714294 0.0560339694628702 0.10741765785015542
4 0.7403767410465271 0.32201036383181647 0.04052654665416657 0.07231461575678066
4 0.8595729662588415 0.5804760402389977 0.071190077756944 0.1207367052052021
2 0.11776900918981408 0.3857562185005561 0.07667866013203685 0.09462923151356133
4 0.7466656972670827 0.331066845415965 0.04079994872768502 0.07543961575678067
4 0.19917625113129572 0.29306891858526074 0.06554567049962942 0.10952618942018652
1 0.7139619210652773 0.21754267171020678 0.031210335249814848 0.05467208944842143
4 0.6397212131012954 0.4370199847796818 0.06535018086722193 0.12506018415851478
4 0.8048581975499065 0.40384492178079395 0.051874149764444245 0.07763915258848364
2 0.330417397738194 0.20454620292730202 0.04017523213953691 0.050530621018452515
1 0.437869021300833 0.15824107934860074 0.03433533524981467 0.05485409997176509
2 0.20631480787023088 0.3028611475385733 0.05574144354388879 0.06853716837349921
4 0.8707360587187025 0.4926652270989356 0.05962786116879641 0.09519067363517095
4 0.8533927338364805 0.45598427445398215 0.05466695909527743 0.09179265785015538
4 0.229498738171805 0.27167206072098776 0.05173744872768502 0.07607665258848365
1 0.2364028490577772 0.2877597923051363 0.053573350801203554 0.07929265785015546
1 0.17035605843587875 0.4572903132812366 0.09286958812453676 0.13754477360693612
1 0.7027804132895829 0.2064154559110738 0.02841752591898139 0.040518584186749605
4 0.7592326307262027 0.4567570901542931 0.05724515494824054 0.08572466837349921
0 0.6920178620172679 0.2808540137894641 0.033788531102777596 0.04860409997176518
1 0.10472149651314729 0.44305277900978235 0.11695092855814777 0.19957433674699843