0 0.6877179217536963 0.4420781216417743 0.08180327792830404 0.10624974212409218
2 0.16633532394683131 0.6737249292375163 0.0651956320667471 0.08622428454774678
1 0.7321407083884276 0.5561407505797282 0.05910940637700666 0.08883910151720861
1 0.7216026780852742 0.6095686395196218 0.04743492198083885 0.07388378121376711
4 0.7923921336486268 0.4931626473955294 0.06207063206674697 0.08596919303247788
4 0.8229217593837959 0.4020116178487525 0.0629713907731742 0.10315669303247783
4 0.8286837584792848 0.37721891193939705 0.05960072930778502 0.0982141015172088
4 0.6470829556748943 0.49011687997672404 0.06486143939369349 0.10953423879011233
4 0.7566051198538168 0.5588512913363928 0.04430992198083885 0.07362868969849785
4 0.80173175486124 0.28212955254628047 0.08122342378986111 0.12487219636645772
2 0.1318441372666714 0.6443721401478415 0.07983134215265535 0.09830969636645755
4 0.7640900712332979 0.5519635625482202 0.047598696291098364 0.07700878121376711
4 0.12920713817118257 0.6689097545419278 0.06954893939369339 0.10991687606301603
1 0.7365316372666715 0.5950119319432764 0.048997421980838854 0.07401132697140156
4 0.6279235198992454 0.4838349290683384 0.06798643939369349 0.1097893303053814
4 0.7921973818396044 0.44453382875907765 0.06733134215265527 0.09728933030538141
2 0.38234650553860855 0.7682887748356713 0.04324538896415202 0.05331618969849785
1 0.25728455054108296 0.6874847981735306 0.07259205223856365 0.10860946757828494
1 0.3027541807988078 0.7167260169597636 0.07555327792830413 0.10573955909355401
2 0.23766809135968586 0.7024241430227794 0.05820864767057934 0.0716516015172088
4 0.8498627176606817 0.3621520213325135 0.0656869549975255 0.09559928454774687
4 0.8131406456344145 0.38005686951574236 0.0732471494796016 0.12110946757828503
4 0.1556877510160528 0.6651789766621408 0.08492163387576941 0.1360647878817268