2 0.0752804893633329 0.5275459899708702 0.044005879559027836 0.07935253087881229
1 0.5546290293509373 0.22018240017091983 0.016716027735416715 0.047329641066226814
4 0.6912724313270483 0.3617514377136498 0.03873780452090294 0.1213581744523217
4 0.7613842563651734 0.40600755456498183 0.03397756933854161 0.11809678213245363
4 0.573538764248958 0.4153956117702601 0.030234320288472283 0.09144335391920819
4 0.6284100618360068 0.30832490934211987 0.021985409194305562 0.07246603338609488
4 0.8182135249825343 0.5171101906166437 0.040227569338541616 0.1182786385589445
2 0.0617621968102773 0.5709322771178887 0.05665134992375007 0.08596624373179385
4 0.6368583414712845 0.31482496192854464 0.020495644376666712 0.07554556927947216
4 0.1105471485576385 0.4566484682632577 0.038374128609097294 0.10573317445232178
1 0.5620057714671527 0.20554323865072188 0.018423998100139016 0.053625105172849505
4 0.5643813165856594 0.4393643091838353 0.026927482332569495 0.08353992570596294
4 0.7138559461446873 0.3655356672596787 0.03295927678548623 0.07434678213245363
2 0.20653440862562475 0.32966608260730734 0.02917966014423614 0.04613085391920828
1 0.29945056686999977 0.23386550079142282 0.01995013050895835 0.05210806927947216
2 0.119758494397326 0.46395250290299384 0.04051720364722229 0.06363660266556703
4 0.8022813600886455 0.42908735339048293 0.038010452697291794 0.09010817445232173
4 0.7748291605254858 0.3993627494712746 0.031760452697291795 0.089926318025831
4 0.12822561103857605 0.43605482343610724 0.03448540919430565 0.07282974623907634
1 0.16185572862975656 0.4354698017284949 0.051237804520902853 0.12172188730530316
1 0.1863816435236454 0.5237426915410806 0.035756968464861136 0.06037521034569906
1 0.5472165728539234 0.20276757963780642 0.014935322188333443 0.03790917695960412
1 0.14486629075010374 0.5272253927155794 0.047894598973819535 0.11225595909205772
1 0.29354540577583316 0.2524563764182434 0.019695557370694415 0.04117056927947216
0 0.5677823395714234 0.25965407713052396 0.024637630508958352 0.05224446159934022