0 0.7723057664203001 0.6963244210248891 0.10165204721387226 0.16625635277546919
2 0.06326323733993057 0.5272575197716635 0.046737763083592454 0.07984400889724856
1 0.6681551346667424 0.5080511468046014 0.05837248407381015 0.14578734387822045
1 0.6090902187829048 0.40619021646253417 0.039471294653623444 0.08890067391627668
4 0.687548418726435 0.34987123227986494 0.042141268345264396 0.08121550790866543
4 0.73570592668953 0.42387907665237706 0.04470482622365459 0.0984666749048598
4 0.7688600609327493 0.4596865840667509 0.0454328683170294 0.11096667490485981
4 0.7830968661803037 0.4438215035344032 0.03293286831702939 0.1104573389353046
2 0.20667014504891174 0.3373248809500896 0.03250866311182732 0.04964717292769336
2 0.19527761874055244 0.3446917119767288 0.03470819994353027 0.06064833992388783
4 0.560804637226991 0.4284989565767024 0.041579826223654595 0.09833934091247105
4 0.6125785108056924 0.3194077994663398 0.024498742036904986 0.0727026709505271
4 0.802757647820922 0.5096202584773191 0.04250528939195171 0.08746550790866543
2 0.04187408475144694 0.5718060158173308 0.059601784130279854 0.08660334486680377
4 0.6234250055440205 0.32141596843970055 0.02624325256024882 0.07589133794672147
4 0.053615221554915014 0.5315630177944971 0.04863346302712272 0.1391553419010542
1 0.6325732214137407 0.40636397140545 0.030657736775233247 0.0713948389353046