0 0.6755538995075691 0.5317239352866491 0.09386171561506948 0.14592965186945542
2 0.08036672644555506 0.5821039502097815 0.051854747150208394 0.08347627344521662
1 0.6047718868741316 0.37844372470390536 0.04262521751493065 0.08901587842423861
1 0.565219730813958 0.32927159627966673 0.03292290919430556 0.07424298340326044
4 0.6696526576756942 0.34814184068058934 0.04720361474138883 0.08468357593472771
4 0.7542991081887844 0.4101225450395557 0.04298889342673604 0.10464087842423861
4 0.7728127188461109 0.42169958508151195 0.0412809230620141 0.09827247925407559
4 0.5588223008180899 0.4360068483542592 0.04131729065319441 0.09983497925407558
4 0.5981777011786804 0.3255079788530903 0.029797909194305562 0.07400618506293437
4 0.8090028323532288 0.5144441147505061 0.059013936929722274 0.12301237012586874
2 0.07228081630131893 0.6268836539440479 0.06613545269729175 0.09391686597668389
4 0.6051907673830901 0.32682202511882386 0.03299564437666671 0.07736798340326043
4 0.05365875608083285 0.58634116431701 0.04738545269729173 0.09249607593472771
1 0.5784827970183678 0.3310592392260525 0.03604790919430556 0.07447978174358649
4 0.5492654628621871 0.4431089533332811 0.038010452697291794 0.09178568091374953
4 0.7178349313270485 0.39640266454072465 0.04589568787965277 0.09550267676456467
2 0.18694795402847192 0.37417489627037803 0.03393989532659725 0.050923882573423465
1 0.05839950104683974 0.651658510997662 0.060612804520902876 0.12469326929603178
1 0.07435115615708278 0.6724329522843739 0.0774015674386807 0.17587726099766207
4 0.6518098878240621 0.40861739939387764 0.045932055470833434 0.09706517676456468
1 0.10511280651767314 0.5612828873473082 0.05854115824437508 0.10269987012586874
2 0.11636008425308986 0.515177481953368 0.04680357123840282 0.0674960759347277