2 0.08740246770627552 0.5586557049975257 0.041070427594901274 0.07869156603337366
1 0.612715043332828 0.801095426276252 0.015897710772388506 0.04769387155129756
4 0.722190558163551 0.6552240835577697 0.03507495764913049 0.12211401741285463
4 0.7842274707313376 0.603771126185395 0.030369276930971266 0.11874335594746518
4 0.5965911153451433 0.6173821675698248 0.030205650467538092 0.09061835594746519
4 0.6686973986208266 0.7157211702833581 0.019168156517662283 0.07285764586155707
4 0.8224183380213885 0.48698641790850894 0.036619276930971265 0.11907090456798422
2 0.06654506704234557 0.5169252284032739 0.05361587939029935 0.08715916327441153
4 0.6757741004162245 0.708277162481442 0.019186337235821683 0.07598264586155708
4 0.1331235129840112 0.6251338760738532 0.03498405405833438 0.10648901741285463
1 0.6274997059988106 0.8120296042499847 0.01593407220870695 0.05394387155129756
4 0.5934706605246831 0.6164371432595652 0.02845225292686617 0.057723968792335614
4 0.7433252147794093 0.6492983101520213 0.030114746876741982 0.07499335594746519
2 0.24888889266889813 0.7413907191310198 0.028388620413308897 0.04678646879233561
1 0.3485207331261736 0.8099127470593238 0.02061248184962743 0.05262703301668674
2 0.1409860099589491 0.616949561849502 0.03941702400410509 0.06298467887824373
4 0.8211143923743105 0.5767892243309442 0.03489315046753845 0.09086401741285463
4 0.7990439496540989 0.6092365541591276 0.02864315046753809 0.09053646879233561
4 0.15411272385459557 0.644208102668105 0.031668156517662416 0.07351274310259512
1 0.17845419370217042 0.6243836035726161 0.04757495764913058 0.12276911465389269
1 0.14972118140553028 0.4587652476251508 0.055678349139678306 0.17317855042954128
1 0.6149451638443328 0.8207495070089467 0.01896816861791084 0.03848264586155707
0 0.6146002510801545 0.7457085634313817 0.020567030054229284 0.044814533016686656
1 0.0965052778147341 0.47160608435073925 0.05580561416679299 0.19505355042954128