0 0.7012151255796704 0.6198367154280411 0.09306926483072289 0.15263519867918127
2 0.10078735782208117 0.405051674013363 0.04890110831306051 0.08025112133990878
1 0.675887351771957 0.4289299047580867 0.037999969749379046 0.08637385200509069
1 0.649678854895215 0.35519241275458685 0.030105656517662283 0.07222044533736342
4 0.7459998638722054 0.39537306476763173 0.044222698672140126 0.0817590773392725
4 0.8035129029034251 0.4788491834420405 0.03336701190385653 0.09569430800445425
4 0.8154134600850174 0.5102355434436313 0.036492011903856626 0.09573067067154514
4 0.6087498487468949 0.4367418574156326 0.036501102262936236 0.09729317067154515
4 0.6871424934588964 0.34937876475967755 0.02698065651766246 0.07218408267027261
4 0.8213867250139362 0.5970179281110404 0.05225336729005088 0.11934998400699967
2 0.076005526439992 0.4422607726766358 0.061446560108458594 0.08820907200827226
4 0.6934106741770557 0.35257649009385933 0.02856133723582168 0.07532726400381798
4 0.06792486084714329 0.3960761160089087 0.0427056504675382 0.08955339600572695
1 0.6669936199223295 0.3772674074235868 0.03165906615858276 0.07067612667090888
4 0.11646689997655887 0.41460848734881744 0.05066359621281209 0.11464430267345418
4 0.5970492794650542 0.43973049741404174 0.03333065046753827 0.08944430800445442
4 0.795609499312629 0.46313327677431315 0.03329428903121982 0.08319430800445424
2 0.2795658219141194 0.2508925273710892 0.033085210772388504 0.04725680800445433
1 0.05345381556940761 0.4599658933402269 0.055387457649130556 0.12094884667409059
1 0.02054184250037894 0.5767624946689999 0.03570219242562418 0.22852498933799978