0 0.691743647673882 0.39545363271558065 0.11942697921687966 0.14565914772652383
2 0.17470823902736213 0.6751209565755473 0.06661905347041026 0.08231366801906326
1 0.7318491136492098 0.5551053222449994 0.05902507475773362 0.08530230032431163
1 0.7198132893956792 0.6178916944039778 0.04721348960843983 0.07261138555165907
4 0.8016699407527319 0.546846762992234 0.06193155347041035 0.0822318474022122
4 0.8327235627766896 0.45400469805742594 0.05811813861970414 0.09465002678536116
4 0.8397876637654254 0.431979693593199 0.05968063861970414 0.09467730032431158
4 0.6562099752816073 0.5360883153451406 0.06124313861970414 0.09470457386326192
4 0.7572204542463853 0.6047234926996946 0.04397922896477802 0.0709943384737585
4 0.8113023948238904 0.33783027313850383 0.08174130891829172 0.12003185633066593
2 0.14043714583229655 0.6436488141240293 0.08144637797604237 0.0934966298696164
4 0.7623067919935693 0.5991592853133685 0.04732275025210164 0.07417388555165924
4 0.15047306353299428 0.6864948331987527 0.06404035668871888 0.0900716209411625
1 0.732384345211878 0.6075036193229001 0.048666728964778014 0.07107615909060953
4 0.6444365949597763 0.5355116168872681 0.05611859604505724 0.08837275324641088
4 0.8225890921097847 0.4768654995995535 0.054119053470410086 0.08209547970746059
2 0.3913872766583305 0.7871049391256768 0.04255884059717552 0.05068183847375849
1 0.11378181068300268 0.6315988275167099 0.08341306956195357 0.1216216298696164
1 0.1039479887752606 0.6028289452114616 0.11169088887180564 0.16893300649282175
4 0.7589525630287912 0.5288195117744181 0.06436813861970414 0.09475912094116268
1 0.18664015647595827 0.6444067447249943 0.10645708565349699 0.1610386858759707
2 0.24602586415341293 0.7106396708617323 0.057823207677454566 0.06811480032431164