0 0.6672024352013608 0.44879594905060516 0.04329862141421188 0.079403276735205
2 0.10513151033643704 0.4663841066887189 0.04017362141421192 0.07918475544788173
1 0.6409176989963589 0.3433054197175101 0.02950893992586625 0.08623243094224949
1 0.6148537068009071 0.3110884994189223 0.022767866604888453 0.0717328883676025
4 0.7381399285779389 0.40465781898087594 0.035540685116542826 0.08041947351689646
4 0.8022049177781657 0.4761611144055144 0.028492076949174817 0.10174817029858776
4 0.8291047236759482 0.5099951650259331 0.026765885842182157 0.09695140965492595
4 0.6116617633316619 0.46517506587878277 0.028710331758498242 0.10799817029858776
4 0.6779911130615094 0.3560292948435609 0.019642866604888454 0.07151436708027906
4 0.8392461047088069 0.5995493379224108 0.04002977767481397 0.11970049480421992
2 0.08704619844820471 0.5064245986429473 0.05445437622353535 0.08641810124083733
4 0.6874752404661711 0.3598098587055313 0.021369057711881113 0.07631112772394086
4 0.12901295443865451 0.43610102698730663 0.033343268056167344 0.10676345222957302
1 0.6320412068009071 0.31229036649920144 0.024330366604888454 0.07184214901126432
4 0.5994072999921508 0.4713322307294889 0.031835331758498245 0.10821669158591121
4 0.7613790211362103 0.4452499679921402 0.0359771947351895 0.09291947351689647
2 0.25513396641955405 0.29840392105489244 0.028144847367594837 0.04716993094224957
1 0.21809032340579568 0.35348490496334906 0.03499504809323426 0.06479447351689646
1 0.25296383121034405 0.3255291497675689 0.030362111795565118 0.06602919158591121
2 0.1554836852013608 0.41301308825138705 0.038065484390903404 0.06345049480421991
4 0.8469097825689555 0.506564162428043 0.03436013103285873 0.09124771287323466
4 0.8138963859270003 0.4761993192329775 0.028110131032858733 0.09081067029858776
4 0.15093259445718793 0.4165915563204018 0.03646826805616734 0.10698197351689646