0 0.5153158274324984 0.7154578194242756 0.06240144703379293 0.06865482473980081
2 0.08280823809583053 0.3744411572815178 0.06505655347041021 0.08436171189493055
1 0.4508602075022276 0.785002357529345 0.041870425746469306 0.06446529172311397
1 0.41902569945645596 0.8029368080043149 0.041870425746469486 0.06446529172311406
4 0.5999968300303884 0.7379303629564118 0.07883483020561535 0.12555992198083885
4 0.6835030987198218 0.7211356886007239 0.06746028763096845 0.11873671189493056
4 0.7195334338691157 0.7104781495911433 0.05811813861970414 0.09645227611928178
4 0.5120212186500925 0.639226190071062 0.062007963125336116 0.10755355042954129
4 0.5231011942606758 0.7723219730877486 0.042416728964778015 0.07227779172311415
4 0.7679652160522024 0.6346050463572115 0.0786163089182919 0.12243492198083886
2 0.08519554676202086 0.3290877137039529 0.07832137797604237 0.09595430913596861
4 0.533202813938845 0.773635489596092 0.04586951089576328 0.07712906603337366
4 0.091773692671192 0.43685594810012063 0.06825796312533625 0.10788109905006031
1 0.4384476888127942 0.8055228974434367 0.04710422896477802 0.07252345318850324
4 0.5061918357303716 0.6216701978729781 0.06680472376899793 0.10936171189493056
4 0.6406436093634835 0.7173212918346558 0.08094363342392405 0.13345430913596842
2 0.13638743412121723 0.6062101356847917 0.04255884059717552 0.05204717887824373
1 0.16373118412121723 0.6076431608995623 0.04688570767745457 0.06939845318850324
1 0.16272605899516646 0.6444437980546921 0.0434329257464694 0.06454717887824372
2 0.10183710752189812 0.4499291581860289 0.057823207677454615 0.06997166327441154
4 0.7402447716162996 0.717052376185395 0.05622785668871888 0.09168288896415219
4 0.6937304045360205 0.7318651486866321 0.05779035668871888 0.09176477611928177
4 0.10674312880922159 0.4470498196514182 0.06669546312533625 0.10779921189493055
1 0.07441658388878615 0.3598873343507393 0.09064641535490921 0.13863313206674716