0 0.7409035339891055 0.2624494867284892 0.12554457352223167 0.17502385771838502
2 0.15151887045375517 0.6343670242202878 0.057857273606936134 0.08341467787060922
1 0.7150445022073129 0.4741708953217266 0.08190098933548207 0.14830484882113631
1 0.6991226415710298 0.588872723876908 0.05362479991529536 0.09103617688202625
4 0.7920759810194513 0.6191597431542799 0.05316977360693613 0.08322367688202607
4 0.8097269416274994 0.5341454145990985 0.0604208314853266 0.10066584486680377
4 0.8266190390390159 0.48962875205152845 0.06271137357870131 0.11322951186299815
4 0.8451793232398828 0.500517172507764 0.05002936305535784 0.10959517589344295
2 0.35452131506502643 0.7743566487445867 0.040503173635171044 0.05309050790866543
2 0.3410580545416827 0.7706904792769343 0.04426521046687393 0.06415534190105418
4 0.6465058757860142 0.5820523795043959 0.05729583148532651 0.10053851087441501
4 0.73505941254713 0.6706148138007958 0.03699874203690499 0.07321200692008212
4 0.8388768443571575 0.4324529220134723 0.05674979991529554 0.09116351087441496
2 0.11514175469697449 0.5985913503040112 0.07246580517696724 0.09336268083635879
4 0.7441613967621145 0.6663093157779623 0.03874325256024882 0.07640067391627667
4 0.14058137045375516 0.633921355246927 0.07050846302712274 0.14004667984777566
1 0.7204971126318347 0.5811703118236295 0.041686242036904984 0.07340300790866543