0 0.6794797458190283 0.49315918475959597 0.07754573138263901 0.11330558344622813
2 0.11281630983923643 0.3773670041838715 0.05341724715020839 0.08238977611928178
1 0.6845458394745142 0.3411463054063823 0.04418771751493065 0.08814845318850324
1 0.6621428561920142 0.286001782000634 0.03448540919430556 0.0735946302577248
4 0.7592919195466322 0.3599129155377191 0.04876611474138883 0.08370661465389259
4 0.8121279384483338 0.44553283299600216 0.04455139342673613 0.10377345318850324
4 0.8242467319513199 0.46210617933252907 0.042843423062014094 0.09744156603337366
4 0.6181772634864587 0.41345839665452655 0.04622299620027785 0.108542840343633
4 0.7088003038553128 0.3078048609243063 0.031360409194305564 0.07343085594746528
4 0.8202697064001047 0.560089977953048 0.06061280452090294 0.12334232473980081
2 0.08710844823197952 0.4154778358210772 0.06769795269729176 0.09250176051544959
4 0.7167400904244448 0.3128641751486575 0.03455814437666671 0.0767196302577248
4 0.08645383159072949 0.38735283582107727 0.06373780452090287 0.12350609905006031
1 0.681855944147917 0.2927906925615121 0.03604790919430556 0.07367651741285455
4 0.602570447282049 0.415058518205824 0.049384363791458344 0.11026911465389264
4 0.780241505602674 0.41982682609859723 0.055307055470833436 0.09653416327441153
2 0.2976971900638544 0.2214058519907364 0.0355023953265972 0.050239017412854546
1 0.17108275151861144 0.3602337358665058 0.05556162860909728 0.10747166327441153
1 0.20840026035232667 0.3168212505658269 0.060103658244375066 0.1014673247398008
2 0.17422528210381974 0.3272165179786814 0.048402438829583394 0.06808161465389251
4 0.8408711874984032 0.4706213642036666 0.05058318787965277 0.09472600180902227