0 0.7369581511618011 0.831546996614321 0.13136993217453857 0.17534219269935675
2 0.08587526406313586 0.4081719387450242 0.052149004962398715 0.08166117688202608
1 0.6744710754784566 0.6270558147893789 0.07697353060296201 0.17936384783255335
1 0.6722236788692788 0.5408636468046014 0.06472608767505647 0.15079317885919252
1 0.6521316567433723 0.5016910588578799 0.05611306699689198 0.13328734387822044
4 0.7310978728306414 0.4195908246752107 0.04753427956950453 0.08303267589344294
4 0.75563764640429 0.514518664104807 0.05145980024766903 0.1003475098858317
4 0.7782917423515141 0.54909925254582 0.05204199710451594 0.1128475098858317
4 0.7978229923515141 0.54989508999825 0.04103172249741007 0.11083934091247087
4 0.7792634292835634 0.696292587526792 0.06926803846084476 0.14785917984777566
2 0.27638260173819235 0.26721531079786526 0.035141287427387445 0.05133700692008229
2 0.26291941522042767 0.27058039133021294 0.03877570967712849 0.06240184091247105
4 0.5876175465281246 0.4583602115196183 0.04833480024766903 0.10022017589344294
4 0.6563740086864523 0.36018930836358837 0.034597631926869356 0.07314833992388783
4 0.7999633811028092 0.6047735909868331 0.03972177956950453 0.08271434091247087
2 0.052878673492595285 0.4443985988211364 0.06501287799792801 0.08998301285158128
4 0.6725983221686878 0.36476406182362947 0.03161818114108108 0.07614600593149908
4 0.756318234907916 0.6679619990857789 0.06392556699689197 0.13360567885919253
4 0.10889538709866516 0.4012826101898429 0.0627269400324213 0.14135451186299813
4 0.13311413709866515 0.402269448630856 0.0486986732831983 0.10803267589344294