0 0.65 0.45234375 0.04375 0.090625
2 0.0875 0.48203125 0.034375 0.07421875
1 0.6390625 0.3234375 0.02265625 0.0828125
1 0.6046875 0.284375 0.01640625 0.0703125
4 0.71796875 0.3421875 0.02890625 0.0765625
4 0.7859375 0.40859375 0.01953125 0.09921875
4 0.80234375 0.428125 0.01875 0.09375
4 0.590625 0.41953125 0.01875 0.10546875
4 0.65703125 0.30078125 0.01328125 0.0703125
4 0.821875 0.525 0.03046875 0.115625
2 0.0703125 0.52421875 0.046875 0.08046875
4 0.66640625 0.30390625 0.01484375 0.07421875
4 0.05703125 0.50390625 0.025 0.103125
1 0.62578125 0.2875 0.01875 0.06875
4 0.57578125 0.42890625 0.02265625 0.1046875
4 0.73984375 0.38515625 0.028125 0.0890625
2 0.234375 0.29453125 0.02421875 0.04375
1 0.15390625 0.440625 0.0296875 0.1
1 0.1796875 0.390625 0.0359375 0.09296875
2 0.13671875 0.421875 0.03359375 0.05859375
4 0.828125 0.43125 0.02734375 0.0875
4 0.771875 0.44296875 0.02109375 0.13515625
4 0.08203125 0.49453125 0.02734375 0.13046875