0 0.725984110227024 0.5636996230140039 0.09680069863085591 0.15684080517696727
2 0.11319495015091179 0.5591845551769673 0.05012201680591395 0.08241765785015538
1 0.6590300790866539 0.4124941678088018 0.03943918479069151 0.08803062101845249
1 0.5895041462731287 0.3320639441877482 0.031053681824942104 0.07351309471009326
4 0.7000105647521979 0.34707356513561355 0.045434516805913816 0.08214464206513998
4 0.784333826615196 0.40810134137338566 0.035133686767857955 0.09713260523343692
4 0.8028755795809456 0.4232104018826119 0.03825868676785795 0.09731461575678071
4 0.5896089170333754 0.4302739310335686 0.03832235376405215 0.09887711575678075
4 0.6280254768054764 0.32105782572954444 0.027928681824942105 0.0733310841867496
4 0.8401938488583174 0.5165732650085567 0.05483869171077345 0.12166216837349922
2 0.10563445954245194 0.6031697736069361 0.06294035178688592 0.09095819994353035
4 0.6350885603035736 0.3222485994070678 0.03118101581733086 0.07663809471009327
4 0.07976036764139775 0.5611341920510224 0.04425401878308031 0.09142863680346806
1 0.6116974812541007 0.34115051785115413 0.03255251482874755 0.07204159997176518
4 0.13129103414330057 0.5633561156861935 0.053085190722190576 0.1168836631118273
4 0.5805204185162502 0.43675914946353755 0.03644151878308026 0.09097361049510884
4 0.7611682406456409 0.39428176507914386 0.03462435079830275 0.084632605233437
2 0.2163504891627661 0.3555351813865045 0.03316000988583172 0.04869510523343692
1 0.09180938148156222 0.6273052236210536 0.05802735870696814 0.12340667889684287
1 0.09295272881982383 0.6936204683593817 0.07827087452429896 0.19940773677523324
4 0.6773516561589605 0.3839442335797 0.042882519771663394 0.09602513154179623
4 0.7568255919382352 0.4789829887707846 0.05442219764227278 0.1496961631118273
1 0.13227521399107622 0.6257651104245217 0.07878021049385406 0.21190773677523325
2 0.14870668581645577 0.49344543408792757 0.046360346843970036 0.06661064732681173