0 0.6228223640729997 0.4425744905509892 0.06906251324684387 0.10072917549789598
2 0.07630448422126736 0.5924454495445131 0.05596231252120452 0.08310516587924895
1 0.5780232739617992 0.31429323392756725 0.046751003628197195 0.08746528366526399
1 0.53606395245492 0.2838864821134687 0.0368849303072194 0.07307540145127885
4 0.6593551195152954 0.3147867964487717 0.05127481252120454 0.08294147477225647
4 0.7405579902965351 0.3637724226723071 0.04885914065150558 0.10314484736759474
4 0.761133385124392 0.37935278265377365 0.045515885842182156 0.09678571996293313
4 0.5524925059056318 0.41821684209493526 0.04902283175849824 0.10783234736759476
4 0.5906696069014237 0.28813996169504863 0.033759930307219396 0.07296627404661712
4 0.8018005359426986 0.4691618163190376 0.06357640507947586 0.12238592068857254
2 0.06925338685367252 0.6375669765863551 0.06878969473518963 0.09291667549789598
4 0.6008258569014236 0.2884946257601992 0.03543155771188111 0.07614583774894798
4 0.051830273876981095 0.6213144940095502 0.055272831758498196 0.10805060217691817
1 0.5572395480084162 0.28227934209493527 0.0384474303072194 0.07312996515360962
4 0.5379389325846541 0.43178826877395754 0.05214783175849824 0.10794147477225646
4 0.6901314043616857 0.35184285234655427 0.05327382213985139 0.0954960384745874
2 0.1776934025475872 0.3769692716843644 0.03606647477225655 0.049637901451278846
1 0.13047611824935101 0.5419295835725967 0.05834326805616734 0.10659722958158006
1 0.14583078893792353 0.48301837504240897 0.06281251324684392 0.10051092068857255
2 0.11079110082615587 0.5232515054422956 0.049166675497895926 0.0672619110699257
4 0.7870510443802191 0.37634683374223277 0.05165675843752062 0.09387897477225655
4 0.73458824329176 0.4003274815653145 0.05943454210278443 0.13784722958157988
4 0.07346966090028964 0.6064261039910168 0.06557541469812274 0.1349404843909033