0 0.7389536033345243 0.1524233101520214 0.15108117080279088 0.1791629568065479
2 0.07642257223671822 0.6563871981001206 0.06193155347041022 0.08419793758467105
1 0.6774158977507565 0.38207983265325857 0.10209736758448215 0.1688119549975257
1 0.6652658229930228 0.46612728403273956 0.09261310694082034 0.16675813206674714
1 0.6348299239817585 0.4864873716628392 0.09206680372251164 0.15894563206674697
4 0.7205928253388114 0.5607680766603648 0.06767880891829173 0.12186171189493056
4 0.7270888437761431 0.6136440931687082 0.050884792826748536 0.08206222749876275
4 0.7475812962578179 0.5112151339873111 0.06625842055068923 0.10154921189493056
4 0.7696201872233104 0.5100178041591276 0.061680181194351036 0.10286605042954129
4 0.785392652694435 0.4975144821328602 0.05499313861970414 0.09628850180902226
4 0.7967507697747143 0.4808592486412036 0.070366766343645 0.11577548620519007
4 0.7588404963937038 0.3165610532546164 0.10675201659574647 0.1908507293077851
4 0.23064054265152154 0.7609153250784851 0.05466535668871888 0.09160100180902227
2 0.2702986223529338 0.7880853346894235 0.04266810124083724 0.0536096788782439
2 0.2571266329965955 0.7858267938708206 0.0465579257464694 0.06471095318850324
4 0.5798367853620545 0.5776988698538169 0.061570920550689225 0.10130355042954128
4 0.6564760589951664 0.6703201390756937 0.04565098960843983 0.07400406603337348
4 0.7952700332683675 0.42354139359824944 0.052556553470410175 0.08370661465389265
2 0.042779545753614666 0.6216912935321364 0.07664961733238063 0.09430992198083885