0 0.8493390822993023 0.10755549732392958 0.12632183540139544 0.09505423610255286
2 0.061933737339525896 0.5968768452307596 0.052447292826748496 0.08323947510489074
1 0.7808247570373655 0.33483912512346825 0.07553486758448216 0.16891686597668398
1 0.7186911077739996 0.42594845458268094 0.07408162822814397 0.17036096680652105
1 0.6602505410620376 0.4867074332120566 0.07030106436617345 0.1607491684661948
4 0.7139550592472681 0.6172246500185776 0.05060056956195354 0.12350927759440164
4 0.7094043170409382 0.6710717004334961 0.03994729282674854 0.08229228174358649
4 0.75520812595923 0.5551632805174086 0.05219592055068922 0.1018710759347277
4 0.7602127002127606 0.6183736755383867 0.03696440445914586 0.06186138257342364
4 0.7850213120972596 0.5668470643355876 0.04103989926336595 0.09791728174358667
4 0.798559288212046 0.5529505076968918 0.054741766343644825 0.11605197510489074
4 0.7888232913141392 0.4226234676549355 0.05597648441265975 0.11148287427505377
4 0.11314132223671822 0.6620175157715469 0.05986630891829189 0.12265717261537964
4 0.1941456677775723 0.7278452705454317 0.04216535668871888 0.0917856809137497
4 0.20034639129446874 0.6953287684708392 0.03914961733238061 0.09311138257342363