0 0.6683227905914603 0.40524310493141247 0.06609639077317446 0.10163109905006032
2 0.1227347308896648 0.5630964642697798 0.05261374491161734 0.08222600180902226
1 0.6148591966297825 0.2670337760077402 0.04356629353213641 0.08798467887824372
1 0.5718152035271876 0.23795378561867858 0.03501680913596861 0.07351274310259504
4 0.6961910837849123 0.26433814394099303 0.048008132066746964 0.08354284034363299
4 0.7793211663266293 0.31090220545181085 0.04438516508343397 0.10360967887824372
4 0.7997122314554916 0.32628486601268897 0.04249511646291495 0.09727779172311406
4 0.592960942445911 0.37237305122251085 0.046275213703953 0.10994156603337349
4 0.6267893085701417 0.24055648518913725 0.03189180913596843 0.07334896879233552
4 0.8443054364530174 0.4148217435568803 0.05934842378986112 0.12153416327441154
2 0.11651570838842762 0.6088593436229934 0.06716756784239584 0.09233798620519007
4 0.6362052521477066 0.24084641225835876 0.033618083446227943 0.07655585594746528
4 0.10266457032878669 0.5837331908640314 0.06255531094499088 0.12326043758467105
1 0.5928270663720578 0.23528580902442692 0.03657930913596861 0.0735946302577248
4 0.5787722896869492 0.38565097919624347 0.049400213703952825 0.11010534034363309
4 0.7286251255080265 0.3002413444159629 0.05014384215265544 0.09456222749876275
2 0.2162036906368888 0.34354752487608636 0.035351001809022266 0.050157130257724794
1 0.17064660843385612 0.5206323253056278 0.055486439393693396 0.10730788896415219
1 0.18065237222866606 0.45743628448702484 0.05984639077317437 0.10130355042954128
2 0.15428794606395574 0.49250400327936034 0.048669873360319825 0.06643722749876275
4 0.8261519007227971 0.32254903437548316 0.050061954997525505 0.09299972749876276
4 0.7742142644721784 0.3479894476498947 0.055561682496288255 0.13847600180902236