0 0.6401440223963096 0.37176792322545393 0.06278526514684693 0.06966764381548422
2 0.09282058173429776 0.3338836910817081 0.06396925684847725 0.08529264381548422
1 0.645803871776254 0.2765646838691157 0.05651195435896632 0.08943384059717552
1 0.6440646956363892 0.22772834612193177 0.04067346680652086 0.06501299480421992
4 0.7262707765454944 0.3735164575022277 0.05928175684847723 0.08496486188449906
4 0.7591173201119357 0.45281619141068424 0.0591400468904336 0.10360560124083733
4 0.7711194900280232 0.48927821529589777 0.05710395020978147 0.09724634059717552
4 0.5797859402378046 0.40940431704093816 0.061176143571085716 0.10996486188449897
4 0.687860394596771 0.31636487520292533 0.041265462657336015 0.07282549480421992
4 0.7457391364988938 0.5780893430198386 0.07774833693238996 0.12355746832111639
2 0.05980624957579274 0.36960802363311196 0.07886055103961842 0.09721348960843983
4 0.6951992979161188 0.3220685719846167 0.04474566016782511 0.07773151609154336
4 0.14566216181821032 0.2928873504845326 0.0673077444009226 0.10883940445914594
1 0.6547178531049221 0.24097139129446873 0.04595296265733602 0.07315327673520508
4 0.5618880452168264 0.4199811841212172 0.06586364357108572 0.11029264381548423
4 0.7323305997809297 0.4166108936402573 0.06335395020978148 0.09768338317182242
2 0.30391421493242116 0.1940078180493443 0.041288773445216795 0.05262225544788164
1 0.30784377572030186 0.21393790579652822 0.048722765146847015 0.0686842980225286
1 0.3319208157622581 0.19360362646343307 0.04884116431700995 0.07024679802252858
2 0.16224601057345484 0.2893963637260844 0.05665366431701004 0.07079310124083724
4 0.7898811454219634 0.49806870725012614 0.05518625269929238 0.0924495799535137
4 0.7704808726014466 0.45668423658322127 0.05674875269929238 0.09255884059717552
4 0.15652880683918846 0.28280215630073136 0.06586364357108562 0.11029264381548423
1 0.045570302589757264 0.38345735618451576 0.09114060517951453 0.1983825056999832