2 0.119833842421215 0.32487904342445273 0.06282861474138897 0.08231366801906326
1 0.68800326738309 0.29259183806342615 0.029216027735416716 0.04736592370110611
4 0.7409067957840968 0.47093107223511355 0.07151393692972227 0.11995003571381488
4 0.7806401365897913 0.5435288210172976 0.06515483415618065 0.11515344155801373
4 0.6042244133752774 0.4669821375769588 0.058650261017916705 0.10410684740221221
4 0.7106393739563538 0.39459071468663154 0.040699041603125076 0.0709943384737585
4 0.776967663090937 0.6677339342478223 0.07147756933854162 0.11838753571381488
2 0.08705705680201359 0.35635118587597076 0.07714568787965286 0.09349662986961631
4 0.7151086684092706 0.4040475353034826 0.04077177678548623 0.07411933847375848
4 0.18498737015663172 0.27912225852141664 0.06649912860909728 0.10580571509696393
1 0.7052998701566316 0.28820434699187986 0.03248649810013902 0.053670470779006864
4 0.5895982157119788 0.4909554257264057 0.06682643692972227 0.11986821509696384
4 0.7585482374634719 0.48530721793304243 0.051745644376666886 0.07587275324641088
2 0.33111879416857626 0.2128950608743231 0.040226262917777866 0.05068183847375849
1 0.44587227840100685 0.18519852921769792 0.03557513050895835 0.05216251785690749
2 0.18943848081395812 0.2893603291382677 0.05468880642076392 0.06811480032431154
4 0.8055303806058676 0.5822600844099781 0.0614843202884721 0.09166139448011297
4 0.7954838865897912 0.5437879196373258 0.055197952697291795 0.08998980032431163
4 0.2189811636596178 0.262521139608849 0.0517092767854862 0.07431025324641087
1 0.22088850256545114 0.28131204991727443 0.05490701196784729 0.07748980032431155
1 0.12184832446944407 0.4398046140413038 0.09371624525034736 0.13439436525911966
1 0.6962339946816665 0.27475945575817784 0.02903418977951393 0.03955342370110611
4 0.7028060773192356 0.5296651440697805 0.058177482332569495 0.08379434740221221
0 0.6711235854873608 0.3462253526739227 0.033903527735416716 0.047447744317957154
1 0.052576873290763756 0.4127005974022122 0.10515374658152751 0.19415119480442447