0 0.6465872462869849 0.3685827004983372 0.11439486061443879 0.15075906847545256
2 0.10369038503957399 0.6691831917035803 0.0637748125212045 0.08515505243632351
1 0.6687648027329216 0.5370928686046493 0.05607143992586625 0.08777940468807692
1 0.663030668704838 0.5896869424787727 0.04469743030721922 0.0745784978405318
4 0.7429389127143882 0.5112930297711313 0.05908731252120454 0.08485466378737563
4 0.782958766705405 0.4144087353543723 0.05968751324684405 0.10204216378737559
4 0.7930158129845406 0.3942767080564763 0.05639882213985139 0.09715440468807693
4 0.5988714541842004 0.5072737631136934 0.05796132213985139 0.09725453423772627
4 0.692509837579312 0.5714282958102602 0.04151786660488845 0.07281573874123311
4 0.7744419169755574 0.3011472717515668 0.0775843413771451 0.12345608883351807
2 0.07277769093735656 0.6392045974713915 0.07821925843752049 0.0969937183831675
4 0.69816956053747 0.5656090923864876 0.04475199400955034 0.07614099784053163
4 0.078308439123258 0.6817227644979695 0.060922631032858776 0.09276729333702498
1 0.6728148964723194 0.5773674151808768 0.046205366604888456 0.07311612739018099
4 0.5871799860353659 0.5072434847360634 0.053055567330527964 0.09070414558877822
4 0.7544964608076224 0.44819225247323535 0.06895338584218216 0.09951794108527157
2 0.30824642106709066 0.771440896825396 0.04080853847458741 0.0525032387412331
1 0.04743295055600339 0.6283567350406052 0.0792014050794759 0.12511871838316752
1 0.07292402387698109 0.6126921622462161 0.10583831614940156 0.17359579117755644
4 0.694330287123825 0.4746534253599096 0.06108632213985139 0.09745479333702498
1 0.1555703435697617 0.679110101790328 0.07224207694917477 0.1044057001845701
2 0.1711581380347989 0.7014962415190101 0.05547123920022683 0.07059190468807693