2 0.11309092886476957 0.42661643693052503 0.052149004962398715 0.0825086631118273
1 0.5696728384991168 0.7603734557698995 0.02249573821317572 0.04805806840173403
4 0.7136154294839422 0.6384012032802379 0.05411391935425698 0.1246961631118273
4 0.7870143881276133 0.5996579507199892 0.04920809553293939 0.1197356473268119
4 0.596768223735755 0.5684365847514469 0.042448673283198346 0.10843412628012424
4 0.646158255786459 0.6869821874246351 0.03147263192686935 0.07351309471009326
4 0.8525601513621796 0.4932189639447559 0.05553087014004525 0.12166216837349922
2 0.10238671525869972 0.3818044658697201 0.06664815260503384 0.09270271046687402
4 0.6552785446615885 0.680967405854604 0.03005568114108108 0.07654708944842134
4 0.1423653600058507 0.5001148501129394 0.050261173283198304 0.10888915258848364
1 0.5820101726595166 0.7729721663073607 0.024349336641599172 0.054399073663405774
4 0.5978020308078497 0.5401750768589391 0.047936693961362666 0.1258946420651398
4 0.7354540421803891 0.636345879616832 0.04255568114108108 0.07727513154179633
2 0.22774855003827205 0.6345815843985111 0.03506851282028158 0.05034861049510884
1 0.30849558994685883 0.7199660765765905 0.02740156203449331 0.05301858418674961
2 0.1514492615774273 0.4933188185429084 0.04829625889134013 0.06670165258848364
4 0.8300002547530017 0.5807035533931774 0.04797092721213971 0.09317314732681173
4 0.7999146484666955 0.6075236586266144 0.043283427212139715 0.09290013154179633
4 0.16108112675507374 0.5319262922345491 0.04248290653397531 0.07571263154179633
1 0.18317229652361539 0.5016549633094713 0.0666139193542569 0.1254242052052021
1 0.1857064834556648 0.3542339317394403 0.07649834160399789 0.13690773677523316
1 0.56745752108794 0.7800867162932432 0.023694365177646403 0.040336573663405775
0 0.5859485018575177 0.7061563926298373 0.027110463606069855 0.046768584186749604
1 0.12494876592065349 0.32800463168297056 0.08395127667402046 0.19655575256024874