0 0.927061290512231 0.13242764573394422 0.11713733887551356 0.1672417663436449
2 0.08089201801319565 0.46213973105846506 0.04602320533113406 0.08118429802252862
1 0.7920401181714802 0.3515978988360373 0.06727373119538153 0.1684329257464694
1 0.7286930205204781 0.43867156393884504 0.059461231195381534 0.16788662252816064
1 0.6648662012410059 0.46184662000714527 0.05610891066226813 0.15985560124083734
4 0.7066325009244367 0.580553061340955 0.041000736209946355 0.12293475544788172
4 0.6879446854058884 0.6333174284212341 0.031960705331134064 0.08020095222957302
4 0.7612578164429854 0.525275699456456 0.04344377461060631 0.099715776735205
4 0.7500642521780782 0.5884312633184263 0.0329321719450391 0.05999771287323465
4 0.7880559971635132 0.5421136381923756 0.0324608105039836 0.09738845222957301
4 0.8039992459098718 0.5300835317557583 0.04385295157021041 0.11377827673520499
4 0.8362076553184987 0.36098397049167785 0.06478522868809904 0.19008940445914596
4 0.11492002553504306 0.5252517362542451 0.04876777210332377 0.12191855866619025
4 0.17556435735092754 0.6114516801859449 0.03535848997087014 0.08979447351689629
4 0.18970942537675847 0.5808354647148202 0.030716454077492815 0.0910291915859112
2 0.2032658085254265 0.6508366082782027 0.031096887305303068 0.05051345222957302
2 0.19253289700522858 0.6445701827838348 0.03302310015828458 0.06312271287323483
1 0.6950848986545812 0.4683097874557414 0.05495558762187223 0.17380884059717552
4 0.573144051003579 0.5594807266958641 0.04031877461060631 0.09949725544788172
4 0.13962450884199562 0.5336598159556574 0.04482441818411553 0.09357503737886681
4 0.5981774917532368 0.663764035109953 0.028653848904643377 0.07373243094224939
4 0.8258802575883545 0.47475689338815563 0.033568669437756785 0.08187271287323483