0 0.7051507234688879 0.5106350097882829 0.08374886635259245 0.10261905771188111
2 0.15299431823782345 0.33324406433530307 0.06648345391148132 0.08332342068857254
1 0.7276812514141197 0.4031598156860655 0.05908105702175916 0.08773810217691821
1 0.7075451172010642 0.3510516786627568 0.048475747690925886 0.07334821996293303
4 0.7990087387374528 0.46172877303512677 0.0633584539114814 0.08321429328391083
4 0.8449452467959713 0.5505655837422327 0.06343636635259245 0.10190972958158007
4 0.8548766128657398 0.575057152253887 0.06132706220555519 0.09560516587924894
4 0.6570358522153231 0.4770214124206881 0.0654089694628702 0.10665179328391083
4 0.753052398303842 0.3993726167745245 0.045214046654166395 0.07167659255827141
4 0.8453833271448137 0.6713046696770821 0.08226427879370349 0.1212599303072194
2 0.12383379000976782 0.3649380084375205 0.08150286116879614 0.09475199400955026
4 0.7614117024508789 0.4058954352861788 0.04874914976444433 0.07647321996293317
4 0.12928341616430492 0.3293006088003402 0.07165896946287019 0.10687004809323426
1 0.7256211739399994 0.36180812938839624 0.04990154665416639 0.07184028366526399
4 0.6397506073991195 0.4842064298438832 0.07023317049962934 0.10837798439090349
4 0.8107172182850917 0.506532841546781 0.06757706220555519 0.09582342068857255
2 0.34885503944412 0.22169647304297602 0.043436933176296225 0.051364092558271415
1 0.24570949853939758 0.30688495017748524 0.07464726842611089 0.10541667549789598
1 0.28594422780421247 0.2771354519915838 0.07749886635259244 0.10240080290255768
2 0.2176822433556013 0.29811758538669525 0.05900314458064804 0.06904266587924912
4 0.8786264711598137 0.5883483259376845 0.06574116013203693 0.0926438569862416
4 0.8391149118289803 0.5729490152305784 0.07431507775694399 0.11942461179556503
4 0.16735961460916604 0.32829366950744615 0.07900257775694426 0.11958830290255769