0 0.6864770789886041 0.4619277546853605 0.08122007485477489 0.10222774122451135
2 0.1451692206353832 0.31182874709700614 0.06472177956950458 0.08302310015828454
1 0.7105074303125116 0.3563991687128409 0.05861732878371626 0.08596624373179385
1 0.6972047555815714 0.3059361674591997 0.04702485731976367 0.0715854949854351
4 0.7839856257216165 0.42232203391482026 0.06159677956950453 0.08293217194503914
4 0.8232536410230974 0.50958034151581 0.06239730024766885 0.1001196719450391
4 0.8314128974332382 0.5335945030360079 0.05905397642635144 0.09534124373179384
4 0.6395464210068867 0.4453001958307296 0.06425089867609231 0.10641513605166182
4 0.742012141437382 0.3609586365803873 0.04389985731976367 0.07149456677218975
4 0.8140499230738012 0.6311060005287255 0.08053087014004498 0.12093227711788863
2 0.11384860008105328 0.3448147433360824 0.07929370181924558 0.09436977711788863
4 0.7501157398658055 0.3669813160472739 0.0471704065339754 0.0747104949854351
4 0.14863882299274805 0.30234008683044944 0.06893839867609244 0.10655152837152997
1 0.7163186286171005 0.31320309817972747 0.04858735731976367 0.07163095909205772
4 0.6255566956139926 0.4472718727903337 0.06737589867609231 0.10650606426490725
4 0.7923097020241333 0.46667142748832957 0.06679370181924557 0.09400606426490725
2 0.3501220862273144 0.1939950747562555 0.042953787427387445 0.05118206677218975
1 0.2521255419755014 0.2735127416867298 0.07199062406898663 0.10507995658477531
1 0.3005972752262784 0.23924539027480402 0.07497007485477489 0.10204588479802065
2 0.21309942927905431 0.27543059435229683 0.057816808105551856 0.06877874373179385
4 0.8539064815936379 0.5462392555432903 0.06515842721213971 0.09239810015828454
4 0.8157151228261323 0.5324866441022348 0.07257282092583353 0.11757995658477541
4 0.17874369995721878 0.29364103675130715 0.07213617328319825 0.10820495658477532