0 0.7013002994811481 0.7972648250863132 0.14948289129415607 0.19093542116548717
2 0.13170750049097932 0.3140956209510614 0.06141019867214013 0.08586756763635801
1 0.6736303383159761 0.5869552097343291 0.10100902985783762 0.1810150468904336
1 0.6858445128858153 0.5009109659581064 0.08522040339440444 0.15170605518880328
1 0.672808702580965 0.45972985890449214 0.07418290944452863 0.13368976099766208
4 0.7638245880213885 0.38567520703503677 0.05672269867214012 0.08551237012586892
4 0.7718501905789126 0.48268026159914007 0.06463519262201593 0.1032918659766839
4 0.7888195219610017 0.5188778707273469 0.0678238251355733 0.11446616431700996
4 0.8075467960633027 0.5213633306853905 0.05686814441741399 0.11051237012586893
4 0.7653178685665971 0.6659071586947107 0.08989881303532474 0.1504987526992924
2 0.3424864400879331 0.19113968256413472 0.04092498184962743 0.05464087842423861
2 0.32920064490839335 0.19292732551052044 0.04567611436318471 0.0659335759347277
4 0.6168723199692119 0.410085979030361 0.06150110226293641 0.10149256763635801
4 0.700961494539051 0.31859537342663924 0.04573065651766246 0.0753085759347277
4 0.8009786334955159 0.5765244273660427 0.050463608313060515 0.08347627344521662
2 0.09324898848892678 0.3474651506200555 0.07553633118569744 0.09787066016782511
4 0.7157597927436529 0.3252830813100905 0.04261474687674216 0.07663427759440164
4 0.7467542209277294 0.6352966987366669 0.08044199980360815 0.1357258576783142
4 0.15516318120913858 0.3091946333986161 0.08204086123992678 0.14209425684847724
4 0.17856886495235988 0.31288739584617076 0.06467155405833439 0.10954186597668399