0 0.8245197167469192 0.9585544060266831 0.12285848997087001 0.08289118794663394
2 0.09116793995823487 0.41153746369925476 0.049193669437756736 0.0799602107723885
1 0.7788819224737646 0.7304355138487642 0.06883623119538154 0.1644352047222643
1 0.7261864829777481 0.6348003061014378 0.06731919530200407 0.1659886143631848
1 0.6697068139357029 0.5618031676359522 0.06392141066226813 0.1565954336450254
4 0.7403268539857153 0.4442253030763757 0.04568823620994635 0.12055793969514964
4 0.7411141156641978 0.3903145078968359 0.03669366943775678 0.07988748789975161
4 0.7751588435608741 0.5092826765147468 0.04817673871722885 0.09870112041330899
4 0.7863524078257813 0.44683721866922443 0.03454013605166182 0.0595658975406721
4 0.8059003782006101 0.5000849385167994 0.037148310503983595 0.09551248789975161
4 0.8179684691876947 0.5150014113894363 0.050148415676832855 0.11277271077238851
4 0.7954676803913234 0.6437985770804808 0.051574523356964976 0.10809430113146803
4 0.14840979011651942 0.3509226714465812 0.05501777210332377 0.11904998184962742
4 0.23529367616818134 0.29204309601642037 0.038528954077492905 0.08927157825883114
4 0.238245179929105 0.3248783219141194 0.03544941818411544 0.09081589754067201