2 0.1196794373806342 0.3430521790741666 0.06188292934436311 0.08408820967712849
1 0.48412702943981323 0.7622515194398194 0.030232940006363406 0.04825771753501122
4 0.6465628474299501 0.6819903229972573 0.07639996268299924 0.12380568114108108
4 0.7291753527609502 0.6609457688206468 0.06695223734881743 0.1171190334984459
4 0.7649855834261321 0.6483344528572121 0.055778380012726635 0.09629711124870503
4 0.555573673416587 0.587737362905844 0.060593149347544714 0.10745293507002263
4 0.5719082927673135 0.7151710041383385 0.04144316000954511 0.07220463978475226
4 0.8109787887491781 0.5703699646440363 0.0763817813494537 0.12224318114108108
2 0.1207146787078163 0.2976669044670607 0.07607269867918123 0.09568068114108116
4 0.5820281801002227 0.7115729691921503 0.04146134134309047 0.07376713978475227
4 0.12997259472467915 0.4215217814315314 0.06528064934754481 0.10767125889134022
1 0.4921395241088131 0.77907514640429 0.03186816534054522 0.054580492142117264
4 0.5498958380808144 0.5700233240307145 0.0637181493475449 0.10759848428423435
4 0.6861611494270866 0.6590408205160578 0.07961586935072643 0.13176373035529282
2 0.18018277474536 0.5716095186112498 0.041206802673454224 0.05189213978475227
1 0.2269128714194506 0.624150167701627 0.04298747867599957 0.07071491439185813
1 0.23287251742517762 0.6660829565767565 0.03497498400699968 0.05316354135632899
2 0.14164589139081554 0.4170697218782375 0.055469297342454114 0.06973461124870503
4 0.7861611494270866 0.654383245661283 0.054143154678545004 0.08997433664159918
4 0.7402310314289956 0.6705925965709059 0.05572383601209037 0.09160961124870504
4 0.14132826539622437 0.45694985918179043 0.05241702267663593 0.07583906203449331
1 0.1631845367202248 0.3871446273787555 0.08928177068745358 0.157200377997928
1 0.20105561203054406 0.21575762489755612 0.0860295013526355 0.14611732878371625
1 0.4757878181094496 0.7845267797789015 0.028579533338636054 0.04037244292790554
4 0.7240151380887687 0.6205390926419645 0.07173064401654479 0.12514985731976366
0 0.515676474100859 0.7193533899941492 0.033357940006363405 0.04840326674922295