0 0.6906012119023668 0.5508456380347988 0.07460736364988385 0.1461508029025577
2 0.06814523315690499 0.47194443266947206 0.03899351581733079 0.07625496515360979
1 0.6410826674533049 0.3684622131698751 0.02681185079830275 0.08363095553496284
1 0.6055072647915665 0.3033927738769811 0.020052514828747547 0.07091270072563942
4 0.7062102603429423 0.32093988322547545 0.03280718281352506 0.07759921034428627
4 0.7736259120160975 0.389578266620587 0.021071186767857953 0.09591270072563933
4 0.7896037390884041 0.4186655658949475 0.024132519771663575 0.09445932813030104
4 0.5753794130046807 0.39182035681660565 0.024196186767857952 0.09602182813030105
4 0.6420177677573161 0.2880753087233714 0.016927514828747547 0.07080357332097771
4 0.8065100547920041 0.5015499877646464 0.03752385771838505 0.11677083774894789
2 0.049270557757753616 0.5139508833951115 0.05174818380210836 0.08294147477225663
4 0.6489216837649273 0.29095477206288256 0.018681015817330858 0.07554563702330856
4 0.03546006714929377 0.46996527041842 0.03162668479069153 0.08691964664195542
1 0.6258688443353311 0.3206249138955145 0.02311384783255317 0.06945932813030113
4 0.08507806517212743 0.4775942319438327 0.0357703567298018 0.11202877404661712
4 0.5642190785180002 0.39767105273292164 0.022315351786885883 0.08815476442797028
4 0.7640108314837498 0.3766516806857375 0.02206068380210837 0.08190476442797028
2 0.22647102220594037 0.28152278539454445 0.026782675893442943 0.044623019237293705
1 0.02884796981103213 0.5365079296742472 0.03915002471457936 0.11838790145127884
1 0.006763358669787098 0.6626537674231952 0.013526717339574196 0.2278174651536098