0 0.9183615059520847 0.14220211518215564 0.115504303722512 0.15956339867609243
2 0.1280578421097848 0.48625852357364857 0.044416271539425 0.0783818651776464
1 0.7892195812140216 0.3802201536430004 0.06292560694082035 0.1649015620344933
1 0.7538937224316157 0.4578935434277526 0.07084736758448215 0.16682793507002264
1 0.7153446746611886 0.489473183212505 0.05456680372251164 0.15672518899896398
4 0.7715014755337088 0.5863995330886704 0.0395538089182919 0.12020549214211726
4 0.764169576774546 0.6384714553384114 0.03202553218308672 0.0793621683207995
4 0.8099576881548419 0.5422835060003652 0.0427116599070275 0.09854881596343468
4 0.8317616323386432 0.5514572988044362 0.03813342055068958 0.09989299214211726
4 0.8508558397639963 0.544297616215613 0.03155563861970414 0.09491439371369381
4 0.8656613849365332 0.5318511201445544 0.04369500569998337 0.11261131596343468
4 0.8718299854210659 0.36226421216283705 0.06300201659574647 0.18826628742738744
4 0.2487577442231422 0.6319091637726857 0.034243596045057154 0.08880994292790553
2 0.27966889063651645 0.6704429708447801 0.031512079953513794 0.04974744292790554
2 0.2682397177400387 0.6639211430945211 0.03383940445914595 0.060757717535011226
4 0.632253305235121 0.5678036985139859 0.03958665990702759 0.09840326674922295
4 0.6779096486822882 0.6714894706398924 0.028463489608439828 0.07296661910658778
4 0.8790247624083726 0.4763630994663899 0.03213479282674854 0.0809246683207995