0 0.9534987725197779 0.7911551922228279 0.09300245496044432 0.15680327792830404
2 0.1305012869416786 0.4904402142697798 0.043183160167825155 0.07696529172311414
1 0.8240638780232533 0.5654701967453836 0.06063261452679143 0.16347600180902228
1 0.7692920224195315 0.4844149485544058 0.05293851369695446 0.16462906603337366
1 0.7121064844521676 0.4646656925615121 0.049221517846139304 0.15665279172311397
4 0.7614534437855115 0.3499171178217112 0.03556083693238978 0.12014208163720577
4 0.7488933215850502 0.29802374717492486 0.02923905933798814 0.07779080732694625
4 0.8045531709649947 0.39079774536590256 0.040034849379944504 0.09703213025772488
4 0.8257177759440164 0.38027632519408605 0.03558414772027056 0.09991146879233552
4 0.8450005722097501 0.386324929332529 0.028978950209781473 0.09489642017181658
4 0.8615135659859728 0.39722480778123154 0.039537941911411426 0.11101274310259494
4 0.8860786259486609 0.5661419041177583 0.057721102079236884 0.18666784034363298
4 0.16801201972023916 0.4265105110812765 0.0448174377622268 0.11907090456798426
4 0.23577801494635434 0.3374646212126132 0.031511954358966324 0.087247694482076
2 0.2617834852773603 0.29766845884271287 0.030114475104890737 0.048267081637205764
2 0.25131958195801235 0.3044916689286211 0.03106166846619498 0.06076708163720577
1 0.7439009361118416 0.4598620058813522 0.04872461037760658 0.1706334045679842
4 0.6300617338274678 0.37562752600774013 0.0369098493799445 0.09686835594746528
4 0.19242002386942403 0.41738781659920043 0.04100535352912935 0.08930151741285446
4 0.6589661385967082 0.270578177862191 0.027202962657336016 0.07145892017181658
4 0.8806196861118416 0.45269687980749895 0.030919958508151168 0.0794351944820761