0 0.7045784388295578 0.5210833271265772 0.09073910580511538 0.14150260339082213
2 0.10996783247628839 0.5581271772121397 0.04965774881887364 0.08187073821317573
1 0.6287550048941414 0.3599959698068137 0.038938503628197195 0.08761131596343467
1 0.5929613486335391 0.3177699284504848 0.03063493030721922 0.07318494292790545
4 0.6982217675080131 0.33905207712657726 0.04497024881887359 0.08165241439185814
4 0.7822991563454202 0.4014664939996348 0.039484140651505586 0.10323631596343467
4 0.8006771341129018 0.41402215198135217 0.037703385842182156 0.09691354135632882
4 0.5872966803920374 0.4235832808078497 0.0377579495445131 0.09847604135632881
4 0.6263641256753811 0.3138658325032607 0.027509930307219398 0.07303939371369372
4 0.8374628606992568 0.506993056034128 0.054146841377145094 0.12107878742738745
2 0.1021478979927178 0.6022217795695045 0.06243056733052792 0.09026543507002245
4 0.6334226575265467 0.3149745682352371 0.03074405771188111 0.07630994292790536
4 0.08356902358328096 0.5615775088913402 0.043735131032858775 0.09095463978475227
1 0.6070511304847046 0.3192061499144375 0.03214286660488845 0.07169521753501122
4 0.5781672170525262 0.4301778831652145 0.03592263103285873 0.09059076674922295
4 0.7459251467267733 0.38729267803620004 0.04228175843752062 0.0940068651776464
2 0.21434776451278825 0.3531743116202085 0.032886911069925674 0.048330492142117175
1 0.08817716723001148 0.6265304208019989 0.05732640507947591 0.12278683664159917
1 0.10935276278350776 0.629856627997928 0.07157244355406327 0.1733690334984459
4 0.6800099700477511 0.3982622572342011 0.04233632213985139 0.0955693651776464
1 0.13549362213200214 0.5296768455329393 0.055000013246843914 0.1008390620344933
2 0.14587556142489616 0.4919414050862333 0.04598711179556512 0.06610018899896417