0 0.6655035590626435 0.6790090643358929 0.048948420688572546 0.06183161465389251
2 0.11280265579726609 0.5728410357302203 0.04647818511654278 0.080417840343633
1 0.6500546630536602 0.7725576684743359 0.023511911069925694 0.048021420171816584
1 0.6334946456304651 0.7896256597679085 0.025565484390903493 0.06216580732694617
4 0.7486508757601993 0.6482747207128995 0.04800596878180663 0.12416784034363318
4 0.8091320187739577 0.5937377069180896 0.03690477767481406 0.1189071302577247
4 0.8331771539831676 0.5677041514001656 0.03301588584218216 0.09686835594746519
4 0.6199703150530932 0.6033196675698248 0.03496033175849824 0.10788774310259512
4 0.7041766786627568 0.714568106059007 0.0243849303072194 0.07302142017181659
4 0.8316295229503087 0.47872353855529537 0.04789684137714474 0.12104284034363318
2 0.08875503138782928 0.5318099219808389 0.05925100362819706 0.08888543758467105
4 0.7126067375557643 0.7103309854122205 0.02605655771188111 0.07622830732694616
4 0.1593800446346732 0.6337685696514181 0.041155768056167344 0.10665279172311415
1 0.6521900819281342 0.7890458056294657 0.029017866604888455 0.07170458163720568
4 0.6054713054344465 0.590082683173657 0.039647831758498245 0.10813340456798422
4 0.7715055332019277 0.6104814716174106 0.048333350995791946 0.13354284034363317
2 0.2874182537978331 0.7496535984842334 0.031324411069925694 0.04843085594746519
1 0.3186136900955022 0.7497288415868285 0.025838302902557685 0.06997830732694617
1 0.34640387339794654 0.7862771732240341 0.023675602176918175 0.05270892017181659
2 0.17093510352768063 0.6296952233148913 0.04280754809323421 0.06462906603337366
4 0.854107212876175 0.5641221279944173 0.03279763103285873 0.09061835594746519
4 0.8241121780297848 0.5984218848918221 0.03436013103285873 0.09070024310259513
4 0.18658738537884606 0.6312953448661889 0.039647831758498155 0.10813340456798422
1 0.1127034520764018 0.5923313421526554 0.04411707694917477 0.10212906603337349