0 0.6919183011997058 0.45845261728441933 0.07193316162790708 0.0995829886359143
2 0.13033115669066173 0.37763585064862315 0.058331736581764694 0.08217730032431154
1 0.6883346213732013 0.35381966436232004 0.049257125230712615 0.08670115909060953
1 0.669956058757845 0.3105781789728166 0.0389809592838688 0.07247501785690744
4 0.7774459885843495 0.41702482223511356 0.05364423658176474 0.08209547970746053
4 0.8311402899409389 0.4999015519425741 0.05182092072720579 0.10235343262955983
4 0.843529668410854 0.5227487167152265 0.04829540252860838 0.09604888555165925
4 0.6394744216500565 0.45597645372958295 0.05212130937615385 0.10704093262955983
4 0.7254538895717986 0.360710592527653 0.035855959283868796 0.07242047077900678
4 0.8436378948135859 0.621858372559425 0.06708497532299766 0.1213488944801128
2 0.10534045110742078 0.4138773137169921 0.07143251387966063 0.0917704886359143
4 0.7343980929955712 0.36632934699187986 0.03761871838316751 0.07557274431795716
4 0.14026736119416852 0.3622017654212755 0.05837130937615385 0.10715002678536126
1 0.6871435587578449 0.31087818790127036 0.0405434592838688 0.07250229139585782
4 0.6256622455241798 0.4596372418790299 0.055246309376153845 0.10709547970746058
4 0.7926995511997058 0.46021176054671625 0.05600777297895938 0.09462275324641087
2 0.31179430289774884 0.23799447240056457 0.037479016039128954 0.049037517856907444
1 0.2406690769564423 0.3093279557614731 0.06139617982650449 0.10564207386326192
1 0.28962820866555994 0.26960298254683435 0.04336807063492083 0.06786933847375849
2 0.1907086497508314 0.33342792897611184 0.051080441085271475 0.06644320616851011
4 0.8676180104835746 0.5333140697994816 0.05434514342931003 0.09303297970746058
4 0.8279547331856787 0.5232572313257231 0.05917234577334831 0.11965002678536116
4 0.18125330659837666 0.34418815097293465 0.0600339389258032 0.10873980032431155