0 0.6599856167008757 0.5422460487320606 0.056804511903856714 0.09826043758467122
2 0.09709525214129931 0.5799132293077851 0.04420451795398088 0.080417840343633
1 0.6663134056338997 0.6901889037750149 0.03487496974937905 0.08773901741285464
1 0.637661685688129 0.7324239914051145 0.026980656517662283 0.07326708163720567
4 0.7411406888113868 0.6644319872212429 0.0395261083130606 0.08173467887824373
4 0.7992981015755652 0.5925027555386085 0.03340337334017516 0.1032821302577247
4 0.8124520865484506 0.5713237963572114 0.03180451190385689 0.09695024310259512
4 0.6040810503459012 0.5986731111473895 0.03343973477649378 0.10953213025772471
4 0.6875253303019347 0.7116068803692664 0.023855656517662284 0.07310330732694617
4 0.8181293939264347 0.47321384497773045 0.04756586729005088 0.12120661465389268
2 0.07421174316430888 0.5396633655584038 0.05831246974937898 0.0889673247398008
4 0.6960918092246958 0.7073697597224801 0.02543633723582168 0.0763101944820761
4 0.06418275819142352 0.5610060990500603 0.039680644417414014 0.10829717887824372
1 0.6579378242518105 0.7272385244218011 0.028534066158582762 0.0717864687923356
4 0.586071393730043 0.5907001588633974 0.0381181444174139 0.10821529172311414
4 0.756502068398078 0.6199383587725403 0.041161331185697494 0.09431656603337366
2 0.2699338302037388 0.7545458163720579 0.02996021077238851 0.04843085594746519
1 0.16600887860473243 0.6116412641334942 0.04434996369925477 0.105417840343633
1 0.20145602009528024 0.6634837251239136 0.04900110226293626 0.09941350180902227
2 0.15443557435000632 0.636027110470021 0.042551114363184706 0.06471095318850324
4 0.8374157251121321 0.5663839908392875 0.03958974082661797 0.09267217887824372
4 0.780361749214433 0.5594888596770515 0.039862451599006296 0.13954717887824372
4 0.08999582444820217 0.5678259871097012 0.04608518052176751 0.13518722749876275