2 0.12594386080870532 0.3838323935710856 0.0573831320667471 0.08527557178554286
1 0.6745340897778063 0.2946732985640407 0.025894114653892686 0.04865098755244537
4 0.7651601690401628 0.4797363054125179 0.06099281094499087 0.12445647095570589
4 0.8201209859780475 0.5484872280278977 0.05457903663473118 0.12085787427505376
4 0.6360868227036359 0.4816279242889869 0.04545634215265544 0.09526587842423861
4 0.720028053481759 0.40550497740319774 0.03501680913596861 0.07424298340326044
4 0.8429963212332978 0.6731679193146094 0.06091092378986111 0.1228939709557059
2 0.10052445895425448 0.41847915809323266 0.0703744549975256 0.09559776514684697
4 0.7259881264125376 0.4152943744987684 0.03518058344622812 0.07736798340326043
4 0.18010906037916402 0.333466463282036 0.057130826548823156 0.11015717261537983
1 0.6856796296918979 0.28462379234026336 0.027784163274411532 0.0550193867226084
4 0.6206632185651929 0.4991347330022752 0.0418400192218769 0.08565408008391255
4 0.7852646291260711 0.4921537950395557 0.04611808344622812 0.07819677759440165
2 0.3090761861143331 0.25530834233097455 0.03691350180902227 0.05104228174358649
1 0.4254957242194024 0.20499087884844588 0.027702276119281777 0.0534568867226084
2 0.1868503833099425 0.3433150599626881 0.050314260515449585 0.06917697510489074
4 0.852432196968467 0.5859522618460766 0.0531869549975255 0.09429537427505377
4 0.8348828488229177 0.5480495201444464 0.048499454997525504 0.09394017676456468
4 0.20280957598299626 0.32117995083448136 0.04603619629109836 0.07663427759440164
1 0.2354140360689045 0.3345446338228234 0.07209408525525038 0.12841026514684692
1 0.23395443464399496 0.42547728714217126 0.04546298620519007 0.06569677759440165
1 0.6727701939162491 0.27586409897895914 0.020715291723113972 0.038920790041956276
1 0.18954933740295699 0.4096621103776066 0.0669152623244719 0.11868006763635801
1 0.4131971200809595 0.2227344859020602 0.02721095318850324 0.0440818867226084
0 0.6759637929663095 0.3368015989789591 0.032389776119281774 0.05381208423309749