0 0.8009473640729998 0.4678172465927052 0.12157244355406327 0.17704688936371685
2 0.09050093739397749 0.41234735253201393 0.055962312521204496 0.08434417889684287
1 0.6349800797747637 0.6248954572713407 0.06524803248413776 0.1269867052052021
1 0.5699428676163788 0.6939114968044667 0.04842263103285873 0.09170165258848365
4 0.6470212335882952 0.7508510125188951 0.05127481252120454 0.0840711631118273
4 0.7130207450210405 0.699113478247441 0.05812501324684387 0.10162268415851479
4 0.742437915709613 0.6413310703266982 0.06012402286549072 0.11421368942018653
4 0.7565351320443491 0.6859911229434168 0.04707838584218216 0.0978606473268119
2 0.1783109283234848 0.6327424234939967 0.03930060217691826 0.05374662628012441
2 0.16926331053746996 0.6228213919239656 0.04280754809323426 0.06486613680346806
4 0.54504456053747 0.6447081573560454 0.055000013246844046 0.10144067363517095
4 0.5668426602673174 0.7602722441736308 0.0353224303072194 0.07378611049510883
4 0.8007960527329218 0.6290732650085566 0.05467263103285873 0.09206567363517096
2 0.08122763031506859 0.36405406570031096 0.07035219473518964 0.0945382262518896
4 0.5769989102673174 0.7608637783744978 0.03699405771188111 0.07700211575678076
4 0.0752950888452563 0.37701679728445947 0.06730160580511532 0.14114021046687392
1 0.5912275905745368 0.6896713178370366 0.04000993030721922 0.07405912628012441
4 0.11940718739397749 0.41403094987294303 0.06179565027015248 0.11742969468185845
4 0.6792360220628826 0.7026256151214962 0.05047620435383635 0.10585515785015538
4 0.8602950822218343 0.4720566965362355 0.09275796279135698 0.20031778939195172
4 0.8958878418404812 0.4616043149238521 0.1079117368379741 0.2323868367469984