0 0.8531004279907426 0.7328301366803133 0.1343069128671175 0.16689917211208344
2 0.05526934708163742 0.5616479744487848 0.05447585767831422 0.08081489532659739
1 0.7111883829744088 0.5503053113578479 0.08274441286711749 0.16569904160312507
1 0.6695821460466634 0.47968303362243114 0.07336941286711748 0.1654808360560418
1 0.6339998435571526 0.47415907902527826 0.07277741701630233 0.15766833605604166
4 0.6849605375431566 0.36969043778274363 0.05442923610255299 0.12136716014423614
4 0.6715618109883733 0.31929039427975753 0.0419758576783142 0.08052395459715278
4 0.7286271045548146 0.40279453172257007 0.054334147720270565 0.09952852773541672
4 0.7488095499907113 0.394655376612327 0.049765046890433595 0.10098192496187508
4 0.7687668524802221 0.39981565529767427 0.04315984937994451 0.09614895459715286
4 0.785243957459244 0.4095906988006604 0.056962240251737836 0.11362739532659734
4 0.8110340950070449 0.5753254547845841 0.08452040041956295 0.18913654160312507
4 0.15910750994875494 0.3997129785328474 0.04424875269929238 0.08993532218833336
2 0.18496053754315658 0.35805280860496547 0.0366012734452168 0.05076371941479163
2 0.17415309210725996 0.36641016926229186 0.040555067636357925 0.06177395459715278
4 0.5492589132681028 0.41505487632798654 0.05120914772027056 0.09945579255305556
4 0.5854826010303297 0.29850380917364633 0.036696361827499045 0.07260235182361115
4 0.8047150852587827 0.46247996266836877 0.04209425684847723 0.08208645459715277
2 0.036932821561828214 0.6073962323325695 0.06756785352912935 0.08891833605604163