0 0.5775888064100962 0.35064587060714725 0.06054776217486459 0.0696068458553869
2 0.12453158481701525 0.6491471072240934 0.062355724025417655 0.08373301285158127
1 0.5121762662320544 0.2706917737631772 0.054597771103318496 0.0865396778706093
1 0.4733495454530476 0.2378819323564146 0.04015344155801355 0.06409167490485981
4 0.6437671854689336 0.29557105144350615 0.05766822402541756 0.08354201186299814
4 0.728728566556366 0.3326028192380033 0.05796823295387128 0.10072951186299814
4 0.7657609622542949 0.35206774364857146 0.05476141233702041 0.0959146778706093
4 0.5575450876596844 0.409942616158523 0.05963982710967279 0.10704317885919253
4 0.5708654736183807 0.27854803612046697 0.04028980925276535 0.07190417490485981
4 0.8131774788933864 0.429727170036306 0.07551028896022567 0.12174234882113635
2 0.1261037674465751 0.6944914407221906 0.07660913879807008 0.09524351581733086
4 0.5810080868489054 0.2781806215957304 0.04346935633066593 0.07515650889724856
4 0.1343917800284768 0.5878740261974541 0.0658898271096728 0.10729784684397004
1 0.4914410263783241 0.24564535281265015 0.04497730925276535 0.07209517589344294
4 0.5516087333576133 0.42765669817374546 0.06432732710967279 0.10723417984777565
4 0.6809359488616142 0.3228484758540743 0.06257391233702041 0.09623301285158128
2 0.18224112459131528 0.42197445357377183 0.039935253246410875 0.05159167490485981
1 0.19902920413662 0.444517957033813 0.04802048863591426 0.06753500988583169
1 0.20311668627971255 0.41033395802239614 0.048047762174864596 0.0690975098858317
2 0.14511109171687409 0.5758196951708149 0.054297762174864594 0.06935217787060939
4 0.7867456180984934 0.34667724809719574 0.05308981818121907 0.08960101087441492
4 0.7403791327089901 0.3291740717094612 0.05467959172016936 0.0912271778706093
4 0.13492756817792376 0.5738433596955513 0.06432732710967279 0.10723417984777565
1 0.10421117653718462 0.7373182692773719 0.12207737175194149 0.1954636917107738