0 0.6243369312453302 0.3437541645846856 0.056856215728545934 0.06468066534054513
2 0.12921195997276377 0.5809221886537279 0.056203768345264304 0.08028748400699967
1 0.5691041286991988 0.25449221725813986 0.047192789391951706 0.08642839600572697
1 0.5339177866199414 0.22753936592936688 0.03699874203690499 0.07225680800445433
4 0.6905919918251435 0.2866950952419133 0.051607273606936135 0.08179544000636332
4 0.7714016470444631 0.33187977856464107 0.04810284200867017 0.10205339600572705
4 0.8063604759695409 0.354926379893414 0.046176320961982854 0.0957852146721816
4 0.5935188417263215 0.39180131325591266 0.04993835779368574 0.1067590773392725
4 0.619559155007558 0.2617229145846856 0.033873742036904984 0.07222044533736342
4 0.8447320022073128 0.4365667312221869 0.06481990514873245 0.12098520934118148
2 0.1256011125612474 0.6263074139879097 0.0708122999152954 0.08982611600890866
4 0.629760907638394 0.2623859859166402 0.03718075256024882 0.07538180800445433
4 0.14689301266006943 0.5220829906508644 0.05462585779368574 0.10681362133990877
1 0.5469715234657618 0.22347857459423062 0.03856124203690499 0.07227498933799978
4 0.5839541259271885 0.40207574192395806 0.05315436305535766 0.10835794000636341
4 0.7244433470585806 0.31757237790423165 0.053897815700311116 0.09431362133990877
2 0.21343722860037678 0.36260744597391026 0.037196163111827295 0.048837489337999786
1 0.22445032331047005 0.39062335797263764 0.04288472099021767 0.06607953333863606
1 0.23430346544619712 0.3584557479710468 0.04297572625188959 0.06764203333863605
2 0.15871047319753057 0.5102187899825008 0.05069722099021767 0.0661704400063634
4 0.8280534654461971 0.3515468412237778 0.04581229991529554 0.08953521467218159
4 0.7837651391519553 0.32939057789627746 0.04746580517696728 0.09111589600572696
4 0.1484177153050228 0.5079932186505463 0.05462585779368574 0.10681362133990877