0 0.6553398257290498 0.5306426095053507 0.08753717766703631 0.15188147748246603
2 0.062038013575118824 0.44028623612033935 0.045531347932816726 0.07916586829088246
1 0.6393305012366177 0.34338244139903856 0.035094495681063265 0.08627746144333717
1 0.6057355536729412 0.28484805059062224 0.0264809592838688 0.0732768136950905
4 0.7080700092561821 0.31485812076411773 0.04094397748246603 0.0804279796419344
4 0.7672261613233655 0.38731530922849555 0.02954540252860873 0.09681444324473984
4 0.780187236277223 0.4036016432816517 0.032670402528608734 0.09701470234403846
4 0.5707714659191573 0.3812316972591347 0.032670402528608554 0.09701470234403846
4 0.6472919979974152 0.2798508675249152 0.0233559592838688 0.07307655459579188
4 0.7902853246493157 0.5009877830103339 0.048134716223698956 0.11979086829088245
2 0.03834089528423647 0.4822629850406052 0.05853199568106334 0.08777940468807692
4 0.6533417388981165 0.28257534932631795 0.026681218383167504 0.0764018136950905
4 0.028794716998891447 0.43697027143779976 0.03998225478036199 0.08970285009228504
1 0.624415702500922 0.29687768122000574 0.029505829734219446 0.0719145727943891
4 0.07794361582687222 0.4470473758490215 0.04627182757475112 0.11500323874123311
4 0.559583642045034 0.3858388541066799 0.03070738433001132 0.09066457279438911
4 0.7496777159191573 0.36976686382428736 0.030306866131413913 0.0844145727943891
2 0.23570245836101816 0.25565401295680995 0.031028756939830336 0.047114831893687814
1 0.020812692012734748 0.5038771691860464 0.041625384025469496 0.12145349784053164
1 0.003911040254705904 0.6003108806293834 0.007822080509411808 0.23062823874123312
4 0.6724736682631958 0.3482609060815781 0.03725777297895938 0.09575259099298643
4 0.6961533952842365 0.440108444638241 0.040522475322997666 0.12241522054263569
4 0.7156147941122173 0.4520880104927999 0.0469121776670363 0.1492781091915837
1 0.038481795191951405 0.5164877907161312 0.0663421005537104 0.20965440468807692