0 0.6186694262930552 0.44650207895902716 0.07576502583555556 0.1047060888335181
2 0.09390124316305501 0.6382090037006278 0.06126611474138897 0.08505492288667434
1 0.5597691646095484 0.3214532117478789 0.05356271751493065 0.08924177513842757
1 0.514239112272847 0.29428064003322396 0.04229790919430556 0.07447836829088236
4 0.6404924877478123 0.3156723835548189 0.05657861474138883 0.08475453423772628
4 0.7271014817638886 0.3595608883351809 0.05545252583555573 0.10340440468807692
4 0.7487037248300344 0.3726814520302714 0.053744555470833434 0.09705427513842765
4 0.5463404846136802 0.42778355490033365 0.057124128609097366 0.10819203423772628
4 0.5689993474552082 0.2946601742709502 0.039136541603125075 0.07271560919158375
4 0.7998830587018746 0.4596796067183483 0.07307643692972228 0.12325582973421945
2 0.09206533301881888 0.6834714389258032 0.07402068787965285 0.0967934592838688
4 0.5791737812507984 0.29452976634367073 0.04237064437666671 0.07760336829088228
4 0.07208014133944389 0.6681072547803619 0.06337412860909733 0.10859255243632351
1 0.5354419650463887 0.29094488895348974 0.0438240416031249 0.07301599784053163
4 0.533494992497465 0.4418262685031391 0.06184799620027785 0.11005492288667415
4 0.6756662683330206 0.3507878631967533 0.05999455547083343 0.09745479333702489
2 0.16874216147541632 0.4145397686600226 0.040226262917777825 0.05250323874123306
1 0.14134059403673566 0.5833503254152828 0.06649912860909728 0.10879281153562222
1 0.14979018009277736 0.5228634083887048 0.06951502583555565 0.10430557063492074
2 0.11984745374413149 0.5655422617201923 0.05468880642076392 0.07059190468807693
4 0.7746304451947568 0.36808358959948523 0.05839568787965277 0.09579216378737554
4 0.7254655933711456 0.3962295735603563 0.07187761284152785 0.1387807001845701
4 0.09281086863802028 0.6514401889258032 0.07492987765916678 0.1358559592838688