0 0.6928098299252307 0.5629861586802771 0.07354768268618095 0.14500458279171563
2 0.08172742659932128 0.4976210681812191 0.038372704010181335 0.07565456493480802
1 0.6419302246180931 0.36909010835596556 0.025963610677908554 0.08324887662320543
1 0.6011057772915473 0.3183673595737816 0.01956816000954511 0.0706397824674041
4 0.7086091946212749 0.34681173376135505 0.032159066677272106 0.07867047077900677
4 0.781255806612048 0.41606234009202103 0.01985906134627218 0.09563978246740401
4 0.7974802432765935 0.43197371225099956 0.022965880012726637 0.09413182954530477
4 0.5827546719446388 0.4180673506453278 0.022984061346272 0.09569432954530477
4 0.6410040712921837 0.31437533481701524 0.01644316000954511 0.07058523538950343
4 0.8166745912635488 0.528422018257354 0.03573860001590825 0.11778751785690744
2 0.06482118992682154 0.5403034460222405 0.050963610677908576 0.08368525324641088
4 0.6480080492918655 0.31684181574229175 0.01806020401018138 0.07530000892845372
4 0.047361517266094 0.49623980032431164 0.030705654678544914 0.0880181972400564
1 0.6174665739576838 0.3225599817327601 0.022674978675999567 0.06913182954530477
4 0.0988422012651395 0.5041710771096728 0.034121556015272024 0.11307274431795715
4 0.5717444466104571 0.4241264358726754 0.021330654678545002 0.08785455600635447
4 0.7603438699475025 0.40006914731619136 0.021257929344363193 0.08160455600635448
2 0.22380748062541098 0.3078745499172745 0.025527258672817865 0.04574887662320544
1 0.0465888105904126 0.5626460503243116 0.03886360001590836 0.1178420649348082
1 0.041374051917594704 0.6078767297074605 0.0459863040260897 0.19295115909060953
4 0.6785126146165024 0.3814497865212986 0.027635198679181273 0.09265115016215582
1 0.09362744259232161 0.5494017564928217 0.046131754694453256 0.20545115909060954
2 0.12932058927436635 0.4367205243497292 0.03662839067472694 0.06000229139585791