0 0.6851158505364625 0.5096580813100905 0.08024748407381015 0.14919636182749904
2 0.058605829419187926 0.48946339647087067 0.04186825256024875 0.07784158008391255
1 0.6292207082595611 0.334221296042019 0.02982327886860805 0.0847068867226084
1 0.5908099266189428 0.27257432363642065 0.022845236775233247 0.07173329004195628
4 0.6930248740022243 0.280384978405661 0.03580026308359248 0.08049298340326043
4 0.7625036451194989 0.34278896740799897 0.024301320961982852 0.09673329004195637
4 0.7796155504094056 0.36949317736604265 0.027335315700310937 0.09540758838228233
4 0.5637476267036474 0.363294412018703 0.02742632096198285 0.09697008838228234
4 0.6268762292356612 0.25428534230775257 0.019720236775233248 0.0714964917016303
4 0.7997922715407976 0.45041129064343427 0.041200394625388624 0.1197922817435865
2 0.03969693472321208 0.5336753377575824 0.05482327886860801 0.0866012734452168
4 0.6337709713431534 0.256096296042019 0.02155575256024882 0.07630239087179325
4 0.024276332050023847 0.49128692821445713 0.034783794653623544 0.08974958423309758
1 0.6116838687405524 0.2881042352541383 0.02587923151356151 0.07040758838228234
4 0.07542930837250053 0.4944110055990774 0.03936487884037314 0.11498638257342346
4 0.55244610565696 0.37037320620984415 0.025408794653623445 0.0890391892121194
4 0.7522941872128737 0.33111776159914014 0.025044773606936133 0.08278918921211931
2 0.20964322660482537 0.28667917074128 0.027639152588483616 0.0472068867226084
1 0.0212856528708323 0.5576931782144572 0.0425713057416646 0.12002908008391273
1 0.007083156852379771 0.6863868632773916 0.014166313704759542 0.2299960759347277