0 0.6570355011777785 0.39908987457907286 0.11509590263916643 0.1582341406515056
2 0.05163793581467713 0.6279290817584983 0.06023345391148131 0.08310516587924895
1 0.62928377365639 0.5908954286627568 0.05126855702175916 0.08746528366526399
1 0.6016967244103253 0.6643775686812903 0.040663247690925886 0.07307540145127885
4 0.6994110544763437 0.6223388908211417 0.055545953911481406 0.08294147477225663
4 0.7569979620164824 0.5373661792957292 0.04740126324231468 0.09667659255827132
4 0.7699565832700472 0.5056895933608796 0.050526263242314684 0.09678571996293321
4 0.5617251267666677 0.5838344076113646 0.05066296427907382 0.09834821996293304
4 0.6396362218184273 0.6696206293883963 0.03753824769092588 0.07296627404661712
4 0.776762240810186 0.4189435615097142 0.06990097983046262 0.12238592068857254
2 0.03214174512226904 0.5902554669677083 0.06428349024453808 0.09291667549789598
4 0.6462279744103252 0.6659326341977196 0.03937414976444416 0.0761458377489479
4 0.02341642931169038 0.6377480258607158 0.04683285862338076 0.09231647477225664
1 0.6193038894433345 0.6422669557045989 0.04222574769092589 0.07312996515360978
4 0.06743859307199192 0.6175099369306414 0.06622917568342572 0.11602679328391083
4 0.5494301783218066 0.5810541479927178 0.04685445909527761 0.09042659255827132
4 0.7493809516488898 0.5527729244864057 0.04630765494824054 0.08417659255827133
2 0.2297547909512052 0.7775546034428626 0.03861273213953691 0.049637901451278846
1 0.020583955230671788 0.57378472958158 0.041167910461343576 0.12249504809323426
1 0.0037128859564818117 0.45846726442797026 0.007425771912963623 0.22943452885594057