0 0.9297742690254523 0.6513470495069421 0.14045146194909536 0.17893529788867965
2 0.15529134381047885 0.6026358506486231 0.06131987939699583 0.08220457386326174
1 0.7643318907760613 0.5040475353034826 0.0986601248550679 0.1764727711033185
1 0.7131522859248728 0.43138160267392267 0.08386430121764618 0.14812958279171565
1 0.6744565766815374 0.4065219245085897 0.07308629788366652 0.13077844155801355
4 0.6912458507683027 0.29681568790127033 0.05663237939699588 0.08212275324641087
4 0.7664528869830395 0.3675606103845605 0.06428538273097573 0.09941934740221221
4 0.8054196631958366 0.3861839253193686 0.06686824879205204 0.1119466209411625
4 0.8210606386500295 0.3770952974783472 0.054113157276782786 0.10860343262955982
4 0.8914683466854167 0.5132879419584601 0.08842425546001173 0.1466489034085665
2 0.22974998349927844 0.38705748944669316 0.04170901000193972 0.05221706493480811
2 0.22114025804508564 0.39626884821299113 0.045726830305381404 0.06320911201270887
4 0.5959489394086338 0.40047074756107276 0.05959788273097573 0.09933752678536116
4 0.5956304618284092 0.28188438879477473 0.04505715060882309 0.07411933847375848
4 0.855228215621431 0.42293963148787883 0.050382379396995705 0.08201365909060954
2 0.14902523941833215 0.650114822645446 0.07614765394280303 0.09182503571381488
4 0.6116540745555056 0.2774832609537533 0.04205969636645772 0.07562729139585782
4 0.8552917306243405 0.5001742873320774 0.07946384364130096 0.1324500357138149
4 0.16951334047649894 0.5857210860381266 0.07997402667183913 0.1387000357138149
4 0.19043174729423992 0.5743841655834313 0.06336061151914843 0.10720457386326192