2 0.048804044674399034 0.45652723121691974 0.050585051837962816 0.07990767589344294
1 0.4864053321387514 0.7578669663509909 0.0212885311027776 0.047575336958138335
4 0.6332399588589365 0.6366711041839818 0.05597518086722193 0.1237213428896375
4 0.7116574847779178 0.5945525883666509 0.04619007775694435 0.11865184091247105
4 0.7446845982557881 0.5729667484427632 0.03958876324231468 0.09658583992388792
4 0.5260419049947234 0.5717557114080751 0.04224487153638865 0.10914950692008211
4 0.56487137620102 0.6885002010279517 0.029725747690925886 0.07283000494291585
4 0.7763535547591676 0.48682366000175004 0.05726427879370348 0.1206600098858317
2 0.0416941737036582 0.4132229001902804 0.06533105702175909 0.08829317885919252
4 0.5747248298296773 0.6826494490507855 0.028436649764444332 0.07589133794672165
4 0.07284784594671398 0.5287232247911291 0.04835817049962943 0.10784167490485963
1 0.49689377280791813 0.7714519638795331 0.023397835249814848 0.053889003954332715
4 0.5172526653623158 0.5565445468833387 0.046795670499629335 0.10777800790866543
4 0.6687181290757419 0.6048653472638995 0.05679538708777763 0.13309634288963731
2 0.1502907578221772 0.6579067060080487 0.033788531102777686 0.04808467292769336
1 0.20539863138481618 0.695362943650759 0.03101484561740726 0.06976867193911022
1 0.21910025494745514 0.7345063566926208 0.026386134213055447 0.05245383794672147
2 0.08361925061213064 0.5212781393158655 0.04765554147037023 0.06421900889724874
4 0.7664912477374085 0.5728566604960417 0.03904195909527761 0.09033583992388791
4 0.7243235801125012 0.6010426688989986 0.040604459095277615 0.09039950692008211
4 0.09035797469314924 0.559926803840602 0.040663247690925795 0.07327567391627668
1 0.09990792342083428 0.4863619698482132 0.06224430471268487 0.15978617688202626
1 0.10648798850111171 0.3132746383272823 0.06115069641861083 0.14728617688202617
1 0.4820110665873626 0.7813999668452827 0.023730025918981566 0.03989017095052709
4 0.69853205966014 0.5577210918266922 0.049998582940740555 0.12659167490485962
0 0.510242664796668 0.7078523788985611 0.027401830066018464 0.04626750494291585