0 0.6687001395681135 0.60234375 0.08316292848861018 0.1
2 0.1422979098618568 0.35546875 0.06756987939699584 0.08125
1 0.6179185027542518 0.7171875 0.060012470912264956 0.084375
1 0.5728291433611352 0.7390625 0.04805460485118864 0.071875
4 0.6986901416941452 0.73046875 0.06288237939699588 0.08125
4 0.7841653850261855 0.69609375 0.06428538273097573 0.0984375
4 0.8058650418439266 0.684375 0.06077774545807202 0.09375
4 0.6020865954774688 0.609375 0.06635806576151389 0.1046875
4 0.6271818035128561 0.74453125 0.04480205909355419 0.0703125
4 0.8554826624469307 0.603125 0.08313097758022465 0.11875
2 0.13938033289045526 0.31015625 0.08252519970043758 0.0921875
4 0.6374018263916733 0.7453125 0.048182150608823096 0.0734375
4 0.1201519718303488 0.3234375 0.07260806576151388 0.1046875
1 0.5935880535128562 0.74453125 0.049489559093554195 0.0703125
4 0.5907824336587579 0.5953125 0.07104556576151388 0.1046875
4 0.7328579765414546 0.69921875 0.06859024545807202 0.09375
2 0.22276588623413351 0.58515625 0.04314396424430509 0.05
1 0.19283978592487272 0.41953125 0.07404302000387934 0.103125
1 0.201337683199716 0.47578125 0.07691292848861027 0.1
2 0.17023133334949722 0.4296875 0.05860946757828502 0.0671875
4 0.8314389977532819 0.69140625 0.06677265394280311 0.090625
4 0.7818855368429567 0.65859375 0.08271638939893541 0.1328125
4 0.14114999804314596 0.34140625 0.08727634364130096 0.13125