0 0.859375 0.78515625 0.0953125 0.1484375
2 0.09375 0.48125 0.034375 0.07421875
1 0.740625 0.58046875 0.040625 0.159375
1 0.7078125 0.503125 0.03046875 0.16171875
1 0.6734375 0.49140625 0.0328125 0.153125
4 0.7359375 0.39609375 0.02265625 0.11796875
4 0.72890625 0.34375 0.02109375 0.0765625
4 0.775 0.43671875 0.0296875 0.09453125
4 0.79609375 0.43203125 0.02421875 0.09765625
4 0.81484375 0.43984375 0.01875 0.09296875
4 0.8296875 0.45234375 0.028125 0.10859375
4 0.8359375 0.621875 0.03671875 0.18359375
4 0.21484375 0.33828125 0.021875 0.0859375
2 0.2453125 0.30078125 0.025 0.04609375
2 0.23359375 0.30703125 0.025 0.0578125
4 0.596875 0.41875 0.02578125 0.09453125
4 0.64609375 0.30859375 0.01875 0.0703125
4 0.84296875 0.50859375 0.021875 0.078125
2 0.0703125 0.52421875 0.046875 0.08046875