0 0.7475556710652773 0.29580813998020483 0.13208791300675884 0.17645403663473136
2 0.17289317247939695 0.6428602866347314 0.061795953911481315 0.08411605042954129
1 0.7187641641380547 0.5089355817487474 0.0877131964186109 0.1492430834462281
1 0.7190559815274062 0.6100477023955337 0.05779195909527761 0.09168288896415203
4 0.8105011877479619 0.6241721573930594 0.05710845391148132 0.08387038896415219
4 0.824008030207823 0.5385588839873111 0.06486216531583304 0.10138543758467104
4 0.8387253496234252 0.49344777984886806 0.06751827360990745 0.1139673247398008
4 0.8575826563623602 0.5045457321328601 0.05474487153638883 0.11018722749876275
2 0.38175890749365593 0.781344011758645 0.04201113421305545 0.05352779172311397
2 0.368272605938517 0.778304220940042 0.04609304147037019 0.06462906603337366
4 0.6652085201230544 0.5901169826986872 0.06017466531583313 0.10113977611928178
4 0.7559107240345359 0.6757479454981288 0.039100747690925884 0.0735946302577247
4 0.8485111612633325 0.43641320782260073 0.05935445909527744 0.09176477611928177
2 0.13472949967069328 0.6066428256443119 0.07667866013203685 0.09422803482570892
4 0.7648072704058784 0.6707705184289073 0.042499149764444154 0.07688340456798422
4 0.1391531595199062 0.6216503499545715 0.07765469123481453 0.14093926051544958
1 0.732464370641434 0.5944193803692664 0.04378824769092589 0.07384029172311415
4 0.19574491211180436 0.6285045375392426 0.06935417568342572 0.11717421189493056