2 0.05280974563739913 0.49813033510611116 0.042744510895763276 0.07587282218833344
1 0.568297259887357 0.232333295305938 0.017231058666190437 0.045639808320624996
4 0.6852448232451244 0.3727790701915631 0.0364288089182919 0.11940461664124999
4 0.7499357539352725 0.4212360604079173 0.031522787630968455 0.11617051386770835
4 0.558600559751471 0.4269554642838894 0.029304723768997933 0.10675914627652783
4 0.6282407064169468 0.3151107341355214 0.020541728964778017 0.07067617591180557
4 0.7936314875916274 0.5349361909168756 0.037882048274630264 0.11787848423243048
2 0.03339882793670142 0.5407172253987154 0.055790814114071954 0.08397626291777786
4 0.6355615335204691 0.3223238220914242 0.019307010895763276 0.07532730832062509
4 0.09511721395851547 0.4302531572944446 0.03544546312533625 0.10534211664125
1 0.5823979647148201 0.22092366983097272 0.017777361884498966 0.053452308320624996
4 0.5498047139585155 0.4408361263279866 0.0338829631253363 0.10530574905006951
4 0.7067920413141392 0.3779757164680909 0.03158848960843983 0.07249324905006951
2 0.20609255480779254 0.309197734516771 0.028168558666190346 0.04589438145888884
1 0.3001810444162324 0.23939568721406274 0.02068384059717552 0.05040004350298606
2 0.10400054106203767 0.43750261284152786 0.040089404459145904 0.06021145459715278
4 0.7880859639585155 0.44638218398302154 0.03591535668871888 0.08975348423243049
4 0.7644352965099193 0.41531336872854235 0.029556096045057247 0.08804551386770836
4 0.12063066618808845 0.40111117116215295 0.033041728964778104 0.07096711664125
1 0.12691351717682414 0.42316800911805574 0.034822750252101554 0.07412848423243053
1 0.08108257508670982 0.5973861059076737 0.059899159907027585 0.09811149810013901
1 0.5696630179331288 0.212802045305938 0.01824725544788173 0.037863675911805575
4 0.680491985245839 0.440747820191563 0.03057229282674854 0.08026938145888884
0 0.5737388767155347 0.2888015008530213 0.021809298022528623 0.044186411094166725
1 0.01671030363489829 0.6127188587574652 0.03342060726979658 0.19186149810013903