2 0.05363842829053881 0.7414906056037218 0.09246602570316254 0.12850535352912934
4 0.6705327455141947 0.46850188487173056 0.061250517794497125 0.08875576929603177
4 0.7315458413695815 0.41356685375284397 0.06013368676785795 0.09957487012586892
4 0.869328389772976 0.5901437769929236 0.0916038626613009 0.14557445435896632
4 0.6399605192401909 0.3533379035430625 0.06513952174882984 0.10774256763635792
4 0.6662365177573161 0.3623819394358339 0.05662668479069151 0.08996307178554286
4 0.6810166007611217 0.36506923155238263 0.058252851786885884 0.0916439709557058
4 0.8172485780237088 0.4835376568670548 0.06306768577927464 0.09512416846619498
4 0.7889763393924152 0.4273226230488758 0.052674013840164416 0.06941377344521679
4 0.6973101042211628 0.3498469732540129 0.0466786818249421 0.07519017676456467
2 0.06838401920300981 0.7065594985501076 0.07406885277546911 0.09751546265733602
4 0.7402642667687329 0.3726934000185776 0.04999468281352506 0.08011447510489074
4 0.7725674307991778 0.38767978259200103 0.0430443458553869 0.06245337842423861
4 0.764931344335331 0.4019907363262675 0.059815351786885886 0.09176237012586878
4 0.7003528966930583 0.544425767445154 0.07696835969555131 0.13044636182749905
2 0.15996000144569372 0.40160115664334023 0.04454317885919248 0.06100927759440165
4 0.8663015488605051 0.6259628778227606 0.08796952669174588 0.13283765601864025
4 0.7144472301911555 0.5447101099766213 0.07371602570316256 0.12708456348717298
4 0.7144339372249684 0.35271186412580613 0.038165844866803765 0.057410680913749526