3 0.847386576302517 0.06420611682868126 0.11664815260503394 0.09168096656500009
2 0.05954005148601409 0.5913705356192015 0.06857452564056317 0.09836607123840295
4 0.7192510376322752 0.46313131325770895 0.05236732878371626 0.08550239532659738
4 0.7991568614535928 0.4696735604079173 0.05302230024766903 0.09956489532659737
4 0.8075193633156197 0.26384178770649375 0.0614897717116218 0.11380923328249999
4 0.7703662355225794 0.5720166571975354 0.04989730024766903 0.09949216014423605
4 0.7842639156302033 0.5520496493137507 0.04470037799792799 0.08844555737069441
4 0.7954732433804622 0.5413849062476048 0.04789815260503403 0.09008079255305557
4 0.825749286598818 0.3704009122315285 0.052658427212139716 0.09175239532659729
4 0.8466290208830521 0.4333191395301048 0.0452440334984459 0.06660692496187508
2 0.08962781182509631 0.600655269851632 0.06359592721213972 0.09200696846486131
4 0.8350601282028158 0.5032861474138896 0.041065955748187125 0.07743532218833345
4 0.8515733860606985 0.472454374712466 0.037140435070022446 0.060175087005972294
4 0.8364021503287222 0.46507763259625073 0.04938787799792799 0.08855466014423605
2 0.3547927011955639 0.7980258048052434 0.0385573858558109 0.05708645459715278
4 0.8263549464425621 0.18233786777861177 0.08340331306795079 0.14865701196784728
4 0.82710423304138 0.5335366918668063 0.03223461124870504 0.05537848423243048
1 0.23765439701895338 0.7125766544446529 0.05222177956950454 0.08237739532659738
1 0.20122459139460086 0.6844146336430904 0.05073205417661042 0.08390352773541672