3 0.9188362302283366 0.05209206835245191 0.10145902372599594 0.10418413670490383
2 0.015305370532785193 0.49482449909548887 0.030610741065570386 0.11972600180902226
4 0.6850462316740302 0.44510014303648193 0.03774935079830275 0.08461401741285464
4 0.7616259777196974 0.45979672885755923 0.03675985376405215 0.0985946302577247
4 0.81765443771926 0.2518304206261018 0.05659219269935676 0.1261397761192818
4 0.7037723739556452 0.5594968357095356 0.03395318874502422 0.10624335594746519
4 0.724848877909978 0.5396823026928489 0.030064184790691506 0.08732958163720568
4 0.7369177963890471 0.5304743990293757 0.033316518783080264 0.09061835594746519
4 0.8138516639932638 0.36428947704853687 0.03800401878308044 0.09086401741285446
4 0.8113368176435853 0.4260082270485369 0.03535917984777548 0.0642196302577247
4 0.7585381284042695 0.5355779788575592 0.024867348821136302 0.07458392017181659
2 0.02954830676917044 0.5184324174582831 0.05037668479069153 0.08839411465389269
4 0.788972386312935 0.49656306648765886 0.02811968281352506 0.0778726944820761
4 0.8127428087463369 0.46803195273827736 0.027355678859192524 0.0591226944820761
4 0.7998753942216003 0.4585717435568803 0.0347516847906915 0.08757524310259512
4 0.6869071620160975 0.3802973366140468 0.03644151878308044 0.0907821302577247
2 0.2395613408381089 0.7405210221625529 0.030353344866803765 0.05616146879233561
4 0.866676869544202 0.17753974954977406 0.07154603064607841 0.14875176051544958
4 0.772982630381436 0.5254659944613914 0.024039677870609212 0.05427142017181659
1 0.02527924256703567 0.5358246353461075 0.05055848513407134 0.14768722749876276