3 0.8961999907172202 0.991956815122478 0.12320234561740762 0.01608636975504396
2 0.07140185711629556 0.39012225544788165 0.085662680867222 0.1271195108957633
1 0.37031037441111075 0.212247535789383 0.04507734561740726 0.07148151609154337
1 0.7237406474088873 0.8705616884069436 0.1469309544771292 0.24166261213660042
4 0.7380198864756469 0.7053955103146856 0.08615069641861091 0.15044775025210164
4 0.7336064970787952 0.6460751406365165 0.08853340263916643 0.15993201089576328
4 0.8147587522625914 0.6595145637850959 0.08105309330833314 0.1454324683211164
4 0.8205575673428689 0.8322964999231253 0.0929475005656478 0.15713479282674853
4 0.7822409037704621 0.5097113057393241 0.06710817049962951 0.11029264381548423
4 0.8024652208769899 0.5367490531414341 0.0545302580585183 0.09077781930985207
4 0.8129338291710638 0.5499046170034045 0.05622945909527779 0.0924495799535137
4 0.8431769867112026 0.6382076463364996 0.05847546427907382 0.10037134059717552
4 0.8603733401043042 0.719386590520301 0.061053660132036926 0.09433986188449897
4 0.871516600189073 0.6603775772787491 0.05962786116879606 0.09579310124083733
4 0.8679719351560637 0.6376120666350874 0.046913247690925884 0.07471577673520517
4 0.8344472442040731 0.5739266250491761 0.048475747690925886 0.07482503737886681
1 0.4031133124883793 0.19668251994994118 0.042968041470370325 0.06512225544788164
2 0.10926344208328634 0.37025215186125593 0.07199116013203688 0.09510468639013112
4 0.8598867416121749 0.5718231756695948 0.04650314458064812 0.070028276735205