3 0.9069650636520716 0.828672074581039 0.09501802273741297 0.11309080517696728
2 0.013823783574646887 0.5275411710749223 0.027647567149293773 0.11679265785015538
4 0.6830314510279518 0.5860728638318164 0.05451503954332715 0.19023015785015537
4 0.6668944564651593 0.5612926717102068 0.043994033611827986 0.16155912628012423
4 0.685749227225406 0.46199062172432426 0.034560683802108375 0.08307010523343691
4 0.7671119737653649 0.4736190954865521 0.04029603064607841 0.14731461575678076
4 0.7886182647543856 0.6726712455147871 0.056777876501465305 0.20750866311182747
4 0.7036781679475965 0.3471545770001135 0.032390688745024224 0.10632559471009326
4 0.7271010804951666 0.3652752454441998 0.025376684790691682 0.08721157366340596
4 0.7423440785180002 0.3737401928274814 0.028565351786885886 0.0889560841867496
4 0.7908651501530993 0.42625127182314626 0.027384853764052152 0.09824007892507769
4 0.8117267954004639 0.5263576876363967 0.03325285178688588 0.08922909997176517
4 0.8016806333471855 0.5051197244680996 0.03866986364988412 0.14566111049510883
4 0.7654632435370283 0.38018761390240363 0.026238847832553168 0.07011507892507778
2 0.030312310723503138 0.4993860789956649 0.04562551779449714 0.08683214206513998
4 0.7851536610275143 0.3751437981315055 0.026047846843970036 0.0654275789250777
4 0.808929400647391 0.42286096131392004 0.02423067885919252 0.05908657366340582
4 0.7382548033091293 0.4932259401966455 0.040996367604216745 0.16450211575678075