3 0.889814172245232 0.9505508657379268 0.11664815260503403 0.08971700585373235
2 0.051571232007922706 0.41934489763886784 0.06966614474715102 0.12068520472226432
4 0.7241997109154734 0.5490616094914109 0.05236732878371626 0.0846568011314682
4 0.8036688870941561 0.5439105011783504 0.05302230024766894 0.0987193011314682
4 0.8315521002859411 0.739895166869395 0.06076202564056317 0.09720225292686635
4 0.7620742384180635 0.43943662461672145 0.05182367328319835 0.10652271077238851
4 0.7802805829175454 0.4612116306668456 0.04470037799792799 0.08773634933607007
4 0.7909098678637336 0.4713087933328281 0.04789815260503385 0.08931703005422928
4 0.8395764619489308 0.6437286939967579 0.052658427212139716 0.09090680113146803
4 0.8476757522718025 0.5827275614832008 0.0452440334984459 0.06587043969514958
4 0.8126757059530748 0.4688377783057135 0.037795406533975395 0.07363748789975162
2 0.08038543672265243 0.40042218081635517 0.06359592721213973 0.09097043364502544
4 0.8365156203449329 0.5108980132785987 0.041065955748187125 0.07678066861791066
4 0.85593986248705 0.5420434741491832 0.037140435070022446 0.059574987899751616
4 0.8414235982190265 0.5491610825604395 0.04938787799792799 0.08776362041330898
4 0.7123397198068137 0.6132104679026672 0.051095927212139715 0.09089771077238851
2 0.32772054735218487 0.20752511192729778 0.0385573858558109 0.05645907825883123
4 0.8608821894087395 0.8327184711241211 0.09448636228216216 0.15050906010845858
4 0.8257215155063686 0.4804838054330765 0.03223461124870504 0.0548602168225127