3 0.8021340279965866 0.9589512966774543 0.12126707386326183 0.0567875624991764
2 0.04630757873123058 0.36961702475676633 0.08181483603812653 0.12326595048646735
1 0.32703760714144486 0.2006043774372796 0.06112050649282175 0.10103639448011295
1 0.5866669407406441 0.8822190215136508 0.14595124837514692 0.21810689204448092
4 0.6835208011317951 0.6554598782513539 0.08222393912238157 0.14670345048646743
4 0.6863906566516823 0.596016694403978 0.08548530681713337 0.15457049756436803
4 0.7483548685022352 0.6090018896154396 0.08373189204448081 0.14360572402541755
4 0.7513276842478224 0.7793143896154395 0.08858303327818291 0.1530625446422686
4 0.7527405852240523 0.457316658690163 0.06435460064862308 0.10734094155801355
4 0.7696241221556832 0.48437403653118444 0.05150004464226861 0.08681025324641087
4 0.778436060467286 0.4967240320669576 0.05467959172016936 0.08998980032431163
4 0.7916548551095548 0.5824569805248301 0.06109323295387146 0.09947389448011279
4 0.8056139894433979 0.6658325422132274 0.059394365259119654 0.09163412094116268
4 0.8173094200443629 0.6195206039016246 0.05626936525911965 0.09157957386326192
4 0.8283326948011294 0.5794723023594971 0.04812958279171582 0.07269320616851012
4 0.790795738632619 0.53323823052483 0.0559966298696164 0.07595457386326192
1 0.39208986282348773 0.16664638880136534 0.04163412094116259 0.05852161201270887
2 0.09288256980277684 0.35161131858825617 0.06092959172016939 0.09009889448011296