3 0.776421599434266 0.005466591475286822 0.12215680113146803 0.010933182950573644
2 0.04205237544188139 0.642197466078802 0.08410475088376278 0.1263787935321364
1 0.6491358950065893 0.24870649988845833 0.11990447560311139 0.20466092378986112
4 0.6589830727978822 0.301299233380115 0.08364881303532493 0.1480900192218769
4 0.6742944554096354 0.3543866118288174 0.08525676483072289 0.15598440637700667
4 0.7603001331027326 0.3381640682966811 0.08364881303532493 0.1480900192218769
4 0.7169233587058439 0.142060352217879 0.11836924668035032 0.2092665366347314
4 0.7414768893492484 0.48598077058067324 0.06467155405833439 0.10804487336031983
4 0.7580422206331419 0.4577772054518109 0.052062469749379045 0.08863977611928178
4 0.7667086935057787 0.4448268260985972 0.05520565046753827 0.09192855042954129
4 0.796814350023441 0.3713959701511319 0.05681360226293623 0.09982293758467105
4 0.7841330637226959 0.2689670109697348 0.05833974082661797 0.0936548247398008
4 0.7816484131569619 0.2933085917024294 0.08207722267624504 0.14644563206674716
4 0.7878978922761146 0.4273150995043456 0.04573065651766246 0.07424972749876275
2 0.07585591364794113 0.6544175050883826 0.06928633118569745 0.09579053482570891
4 0.8074564133533535 0.42160401006522363 0.04570338544042372 0.0695622274987628
4 0.8140200307416003 0.36737021144470466 0.040970433645025395 0.06150406603337357
4 0.7345143379231927 0.340296456356322 0.08998971662612103 0.16404256784239593