3 0.8369272135939653 0.9258787522633074 0.12098711179556512 0.07028592378986147
2 0.05232147966639796 0.37764032112175616 0.08238096878180674 0.12596935775648763
4 0.7128845013507623 0.533995546699955 0.0576885036281972 0.08880355042954129
4 0.7926538469042587 0.5321630517883377 0.059632949544512925 0.09982293758467105
4 0.7929614148677588 0.7426877939864216 0.08416172359113006 0.13230124491161738
4 0.7615452014434296 0.4257835770031083 0.0583432680561673 0.10755355042954129
4 0.7772074069783924 0.44844314902937565 0.0498760036281972 0.08839411465389269
4 0.7869643528947086 0.45888932609859723 0.053110131032858734 0.09168288896415203
4 0.8188840194069297 0.6333194380389563 0.057852194735189585 0.09349105042954128
4 0.8331895668671919 0.5723033729100939 0.049166675497895794 0.06808161465389269
4 0.8096206028947084 0.45770196234921573 0.04162699400955026 0.07548467887824373
2 0.08456106079192398 0.3595144408640314 0.06884425843752048 0.09562676051544958
4 0.8291171365599723 0.5005102600652236 0.04642362141421188 0.07885534034363317
4 0.8450794424577548 0.531763582091491 0.039627984390903495 0.06290279172311415
4 0.8296726972670783 0.5388324536427885 0.054618067330527965 0.09020227611928178
2 0.35132443094019156 0.17647513229388972 0.04264385698624169 0.05994156603337353
4 0.8216072592401288 0.8233679059267807 0.10373017912609299 0.15672139077317446
4 0.8209946125133551 0.4696287522633075 0.03628472958157971 0.05648901741285446
1 0.12732891414996858 0.32909660052039835 0.07327878729346102 0.1332905348257091