3 0.9215703932816517 0.877444381001261 0.06053458667404996 0.11933986188449879
2 0.013802425973605795 0.6054741038387272 0.02760485194721159 0.12123014381548422
4 0.6734668669066064 0.5242219199696116 0.04280686613141391 0.08543475544788173
4 0.7475447169988915 0.4948729095780514 0.04214553207825791 0.09938799480421992
4 0.8243914119416743 0.6917257662667703 0.06269786397194572 0.1288241225281606
4 0.6802453979051302 0.4061985396477808 0.039621309376153845 0.10854447351689647
4 0.7027817319582862 0.4218999493027068 0.03529475478036197 0.08957595222957297
4 0.7157125285345136 0.42829741477383154 0.03851988433001132 0.09135697351689646
4 0.8095254804171267 0.580821117255506 0.043207384330011325 0.09168475544788172
4 0.8001492828534502 0.5189549017843813 0.03994268198597277 0.06501299480421992
4 0.7366758706072342 0.4195615531414341 0.029706088833518152 0.07518567029858776
2 0.023678073721852398 0.5765896331718225 0.047356147443704796 0.09099634059717551
4 0.7706107796142477 0.4533245479456539 0.033031347932816854 0.0785291915859112
4 0.7973339659191573 0.47716623953156523 0.030367422886674156 0.061232430942249574
4 0.7848141795219628 0.48884678470410226 0.03988212523071262 0.0883412341605581
4 0.6818615553709841 0.5891585051189054 0.041745013879660675 0.09313799480421991
2 0.2035315060169797 0.3140071417217972 0.03319203423772625 0.05676345222957293
4 0.880592544730526 0.7576510510477471 0.07972467766703631 0.15179172896477802
4 0.751900352408637 0.42690415957805145 0.02684190468807692 0.05476390965492613
1 0.03533700879475683 0.5384558486429473 0.056848382170542965 0.1346370799535137