2 0.054822296846943994 0.7189897333609085 0.08792120031656911 0.12334777110331849
4 0.6783269591585648 0.4106013457839498 0.05870506175762476 0.08535684740221221
4 0.7407647746771133 0.35797517776488647 0.060631274610606314 0.09788412094116258
4 0.8807041499082224 0.5132648754119801 0.06756323620994635 0.12143071509696383
4 0.6535208389420205 0.29702976948505583 0.05750627461060631 0.09782957386326192
4 0.6774895363555957 0.3052007796313256 0.05250052586424747 0.08681025324641087
4 0.6930918043022845 0.30570929424182214 0.055716454077492726 0.08998980032431163
4 0.8241479245188288 0.41742626989209286 0.06044941818411544 0.09163412094116263
4 0.8024607926238019 0.357679122976348 0.050346992478152684 0.06647047970746059
2 0.06990773924595432 0.6835880215103554 0.0698698822907382 0.09336026217486477
4 0.7499411978757937 0.3109638100701348 0.04754024122451135 0.07735343262955982
4 0.7823445209161897 0.32445356575217765 0.04083560015828454 0.061619338473758486
4 0.7741001119032741 0.3394336834469293 0.05723348997087019 0.08845457386326191
2 0.1687079182506225 0.3742072930207109 0.04230717194503919 0.05852161201270878
4 0.9394737446562307 0.5598710941623919 0.09177362602253183 0.14840231818121907
4 0.7239242671552659 0.2926774602322905 0.037528743731793844 0.05531479139585782
1 0.11855349089530698 0.5414044756502708 0.05691524122451136 0.07751707386326175
1 0.10861854974993787 0.5876482301144976 0.05705163354437941 0.08220457386326174