3 0.840524130522053 0.9924819076418352 0.12675267676456486 0.015036184716329615
2 0.07321881536127282 0.3495662598858318 0.09673513527271586 0.1254403517868859
1 0.6960483896456153 0.7986323844473118 0.15035888797200822 0.2164128616727176
4 0.7165958427551817 0.6997783903788107 0.0952677236549981 0.14718801779449714
4 0.7184058738740685 0.6414393083635883 0.09898471950581325 0.15512785178688587
4 0.7992181659906172 0.6595300751695022 0.09022502614450918 0.1423095168059138
4 0.7879641251234683 0.8296369867284893 0.10199132033565021 0.15369268577927464
4 0.7816018456549669 0.5092754071847247 0.07355774440092269 0.10736151384016442
4 0.7985175811328198 0.5372239936485714 0.05963695435896632 0.08810217787060921
4 0.8081177240792055 0.5508554121276406 0.06131785352912935 0.08972834486680377
4 0.8297102267784979 0.6405227485914873 0.0650348493799445 0.09766817885919252
4 0.8389327840418936 0.7211188325838761 0.06624215186945541 0.0930443458553869
4 0.8563678151607801 0.6634164205305976 0.06467965186945542 0.09298067885919252
4 0.8546510271934163 0.6407601705305976 0.050640462657336016 0.07215884288963732
4 0.8279216612167323 0.5758063325838761 0.05220296265733602 0.0722225098858317
2 0.11554802531931654 0.33259893577927474 0.07729805103961843 0.09505251482874755
4 0.8535845120465695 0.5752943380210835 0.05040366431701031 0.0690338428896375