3 0.7929089140274804 0.022496968346670105 0.12043217194503911 0.04499393669334021
2 0.032373264647983374 0.6274158879872912 0.06474652929596675 0.12329322402541756
1 0.6494243723281153 0.27679909010190684 0.11831940564770313 0.20196369480442442
4 0.6376996106496329 0.33088261810508407 0.09213733887551356 0.16090231818121908
4 0.6812473706787626 0.41757804870604903 0.057188025864247295 0.08689207386326192
4 0.7551311515575752 0.3741223291448582 0.08235316191590947 0.14667617694751697
4 0.7234505572052783 0.1747768940796664 0.11689329796757128 0.20662392126547413
4 0.7282240075883545 0.5206115454596382 0.06402905925034226 0.10731366801906325
4 0.7454031474009399 0.4937626733006596 0.05093802586424747 0.08678297970746059
4 0.7551418602539215 0.4810990320669576 0.054153954077492725 0.08996252678536117
4 0.7900002450519421 0.4102137877490004 0.05594377461060614 0.09780230032431163
4 0.7828673581423503 0.3064848157521777 0.05888691818411544 0.09160684740221221
4 0.7790376644896988 0.33075811283007833 0.08230769780928675 0.14511367694751698
4 0.7774715013201482 0.4650922025216528 0.04584134890464338 0.07263865909060954
2 0.05546480601814404 0.6432357568998588 0.06986988229073818 0.0933602621748646
4 0.7971164115867049 0.46084503328477355 0.0457049565847754 0.06795115909060953
4 0.8072786732651874 0.4067887788205467 0.04083560015828454 0.061619338473758486
4 0.7293499015575751 0.37457234253753885 0.08905780298213628 0.1624102711033184