3 0.8095501269689798 0.9546663367448425 0.11537675103345739 0.09066732651031514
2 0.022662596361508826 0.4290880571815924 0.04532519272301765 0.12067611436318475
4 0.6736020882987381 0.554067935688129 0.05080482878371626 0.0846477107723885
4 0.7535806867271616 0.5482815440011894 0.05145980024766903 0.09871021077238851
4 0.7586362520714237 0.7585241524124458 0.07464474317557439 0.12696247579950323
4 0.7201753354032541 0.4433713302037388 0.050261173283198346 0.10651362041330899
4 0.7363439909037721 0.4653463241536146 0.04313787799792799 0.08772725897699055
4 0.746027205957584 0.475561661487632 0.04633565260503385 0.08930793969514958
4 0.7825532491759397 0.6476957367214012 0.051095927212139715 0.09089771077238851
4 0.7947664588530682 0.5868127788758789 0.0452440334984459 0.06587043969514958
4 0.7687926178682428 0.4733497216942865 0.036232906533975394 0.0736283975406721
2 0.041125690241818294 0.4089437288245653 0.06359592721213973 0.09097043364502544
4 0.7895203407799375 0.514887781900941 0.03950345574818712 0.07677157825883114
4 0.8060699859413735 0.5454610710303566 0.035577935070022534 0.0595658975406721
4 0.7908623629058441 0.5531872126191002 0.047825377997927986 0.08775453005422928
4 0.659680829407398 0.6180668031745716 0.051095927212139715 0.09089771077238851
2 0.3033839034336034 0.21432261699546334 0.0385573858558109 0.05645907825883123
4 0.7893725217161309 0.8368491403121974 0.09292386228216216 0.15049996974937904
4 0.7807831956185017 0.4843599445669235 0.03223461124870504 0.0548602168225127
1 0.040363710919982726 0.39174713846548564 0.07395553846084474 0.14570338544042355