3 0.9863934013105208 0.1712933837209277 0.027213197378958397 0.12387759099298642
2 0.05265940662885447 0.3463650578349943 0.06998780452090289 0.12461807063492074
1 0.20484538136197972 0.6323655097176075 0.04767639342673622 0.10446625693983033
1 0.7922096030578821 0.15187845697674215 0.11046994699770848 0.25514617982650456
4 0.7465932042159033 0.4106514821151698 0.06123105357097245 0.15057979333702481
4 0.7173064009292712 0.4633852583333315 0.061449259118055724 0.15995479333702498
4 0.7772087310013893 0.4822365854466574 0.0627208183886113 0.14755492288667432
4 0.8692481477951393 0.3355036829180487 0.0660640239356944 0.15713018198597287
4 0.7013209910693756 0.616980627703948 0.047785496200277854 0.10915375693983016
4 0.7299181165443408 0.6018469810354355 0.03953658510611113 0.08990310919158376
4 0.744634579975209 0.595427000313767 0.0411354526972918 0.09156573874123311
4 0.800174758736806 0.5277097717515669 0.04604115824437507 0.10124112739018098
4 0.8557513050895839 0.4615550431893666 0.0458593202884721 0.09342862739018098
4 0.8419440314382296 0.5070375239110352 0.04433318787965277 0.09489099784053164
4 0.8295901550133339 0.5477323750830544 0.039172909194305564 0.07427810919158376
4 0.7737583823119103 0.5693057888704299 0.045459276785486225 0.07624112739018099
1 0.24229213639597277 0.6949062800756731 0.03415810087368065 0.05991522054263569
2 0.08409189779513922 0.3858187816168326 0.048947952697291755 0.09206638648947969