2 0.11056851729811927 0.670472125603974 0.08338606909549375 0.1278696506088231
4 0.733879245168208 0.38680081921618 0.05532497091226496 0.08832891848667064
4 0.7985477809239029 0.33118880588026045 0.053347882730975724 0.10213632697140156
4 0.9210279141139207 0.5406119901187465 0.11227608576539297 0.21559279121570665
4 0.7031557904668005 0.27055393694424623 0.057110611519148334 0.11020391848667063
4 0.7314561336490597 0.28004063618564184 0.04933006242753386 0.09094373545613248
4 0.7457737251643287 0.28201772436693096 0.05258260818516867 0.09276132697140156
4 0.8367013562283144 0.36503777633348333 0.053347882730975724 0.10213632697140156
4 0.8803874544115434 0.39922158663498547 0.05739765394280312 0.0947064642443051
4 0.8530120113790656 0.3432585001206862 0.04910692182065048 0.06919628121376702
4 0.7767207072864812 0.3046581278506921 0.040369650608823096 0.07624350666795979
2 0.12579503350897675 0.6354115993911769 0.06833515394280303 0.09559928454774677
4 0.7882960650126078 0.27304146603198126 0.044546967578284934 0.0703761439408634
4 0.8371958216805677 0.3036538661817625 0.03934928454774678 0.06374350666795978
4 0.8098362251643287 0.276788348303915 0.05401756242753386 0.09132637272903601
4 0.7591340788075694 0.4649577701245655 0.06683629788366652 0.13427914727484325
2 0.22265508955841504 0.3286518031745004 0.04209164727484325 0.05931109818322886
4 0.8820293159306918 0.5060455425443409 0.08491661818710802 0.1466196506088231
4 0.7734516703228385 0.46693485830585474 0.06332866061076281 0.12933655575957417