3 0.8455715752337692 0.026155661705771004 0.11301815046753835 0.05231132341154201
2 0.03539922803899837 0.5774143705543299 0.06476245764913056 0.12329625889134022
1 0.3374758542078439 0.7860615086864524 0.03478406615858276 0.07191354135632899
1 0.6753050479100142 0.15531650703382255 0.11386355386194254 0.2396147717116217
4 0.6926885115110732 0.32252112365921104 0.06491699375348396 0.1498587588913402
4 0.6899089451560987 0.3820416728734227 0.06653403590796181 0.1593065334984461
4 0.7711453096174793 0.37591364330391813 0.06176472267624504 0.1450257096771285
4 0.7724845749391815 0.20314823139325938 0.07120335518980259 0.15639985731976358
4 0.7423123033709633 0.5241713608389295 0.0521806444174139 0.1086515620344933
4 0.7617026528052293 0.4990429282501062 0.04113406010845857 0.08939213978475227
4 0.7717907251121321 0.4868511433039181 0.04426815046753827 0.09110018899896417
4 0.7994203005422931 0.40038495037601274 0.044322692622015936 0.10047518899896399
4 0.8153629422292324 0.31993331700140126 0.04896474082661797 0.09288101282028158
4 0.8274407614128773 0.38110625744810733 0.04584883118569749 0.09429796360606986
4 0.8244475716195317 0.40390805666231905 0.03635565651766228 0.07354881596343468
4 0.7927617552645574 0.46477493610798903 0.03791815651766228 0.07362159057054071
1 0.37040652887587894 0.8048457419372295 0.034738614363184706 0.06410104135632873
2 0.07226796896381206 0.6014854172873423 0.05990224082661781 0.09339043507002262
4 0.8177935715213358 0.4690792923942954 0.03789088544042363 0.06893409057054072