3 0.9915005554697102 0.8147277785405563 0.016998889060579715 0.11010705417661049
2 0.07021497108144278 0.5527418562863062 0.05618584030732108 0.11624573821317571
4 0.745964528048965 0.4632360148917053 0.0363198793969957 0.08263271753501122
4 0.8188600230479952 0.4339615837506242 0.034342791215706825 0.0965496683207995
4 0.9056578766912358 0.6134264518237548 0.043335153942803115 0.09229881596343467
4 0.7473360962263749 0.34553909264196436 0.030420565761513883 0.10570634449948209
4 0.7713953495603547 0.3616713608389294 0.02732751666989941 0.08688356989237622
4 0.784405532590893 0.36733916398208255 0.03058006242753386 0.08859161910658786
4 0.8837513125967117 0.5179876732877075 0.03526756242753422 0.08880994292790553
4 0.872527028048965 0.4573412717161309 0.03466178454774678 0.06232021753501123
4 0.8048615538027202 0.3585442067861535 0.023054604851188643 0.07267552067816441
2 0.09370039744402114 0.5234160752690596 0.04738492515463037 0.08470463978475226
4 0.83969881047068 0.39142732734048347 0.0264346963664579 0.07594606989237604
4 0.8675207925928327 0.4152265463232368 0.025031693032477875 0.058758569892376225
4 0.8559136128962743 0.4267462431800837 0.03188747091226496 0.08553939371369376
4 0.7567264269907982 0.5278250537668349 0.03370506242753404 0.0887371683207995
2 0.26744168894959186 0.2596681366843804 0.029336555759574168 0.05428939371369372
4 0.9624178018458661 0.6939101643963673 0.06785666394474248 0.1448073858558109
4 0.8203430325908929 0.36566534801864786 0.02295901000193936 0.052435795285270356