2 0.08659976682045412 0.628480352665567 0.07306083693238982 0.12061402837152997
4 0.7375083035384181 0.48449861592689525 0.04858105518880329 0.08560253087881228
4 0.8049792234545056 0.4490445007249158 0.04796574855010753 0.09805706677218975
4 0.9178255334171936 0.6214854535487675 0.055659849379944504 0.09672188730530315
4 0.7215971157761913 0.3671065274470931 0.045551143571085716 0.10734113855894431
4 0.7467630591374955 0.3803112210997447 0.04100535352912935 0.08850021034569888
4 0.7604587062330661 0.38616641600603746 0.04268625269929238 0.0901081744523217
4 0.8819337323775752 0.5284568675762478 0.047492151869455414 0.09180706677218975
4 0.8609691143262989 0.46782324445670964 0.04235436597668425 0.06515363855894432
4 0.7791019624568435 0.375015967338821 0.03368976099766208 0.07425585391920828
2 0.10604758383211213 0.5970856001582845 0.05987375269929238 0.09060827962517112
4 0.8187923471048594 0.4050133558977653 0.037051559337988135 0.07747178213245362
4 0.8500190363169786 0.42618967392359625 0.034186668466195155 0.060238818025830906
4 0.8400879292633643 0.4391526751772375 0.04569285352912935 0.08863660266556703
4 0.7579284699300206 0.548234506993122 0.047492151869455414 0.09180706677218957
2 0.23623903361768628 0.3194643685006846 0.03707487012586892 0.05720474623907634
4 0.9706315167085968 0.6975000357603633 0.05873696658280636 0.15066524122451136
4 0.795922609552414 0.3809620904583591 0.030588071785542858 0.053897889812585656