3 0.9902720386384363 0.8094256901531957 0.01945592272312737 0.12493944324473993
2 0.05305488153159867 0.6625290808139537 0.07101245764913058 0.12481832973421944
1 0.2088811380727022 0.331235915328535 0.03478406615858276 0.07251535009228505
1 0.798408288147457 0.7173221259966798 0.11073855386194272 0.24138406847545255
4 0.7406089028052293 0.5816361474344796 0.06335449375348415 0.15088018198597286
4 0.7082867613146815 0.5295834916666685 0.0634090359079618 0.16025518198597286
4 0.7799435926967707 0.4966894509505373 0.058639722676245044 0.14589229333702497
4 0.8675350171684141 0.6522466409560745 0.0680783551898024 0.15743057063492075
4 0.6824049964839587 0.3764189188722794 0.0506181444174139 0.10945414558877822
4 0.7113794241770557 0.3899900655407918 0.03957156010845857 0.0900032387412331
4 0.7262549904338343 0.39641004626246035 0.04270565046753827 0.09176599784053163
4 0.7922345144379394 0.46155298734773187 0.042760192622015934 0.10114099784053163
4 0.8457185836215843 0.5266761420358087 0.04740224082661797 0.09362888648947951
4 0.825837354797019 0.4652682726651922 0.04428633118569749 0.09499112739018098
4 0.8116703156676035 0.4463983567183483 0.03479315651766228 0.07407785009228504
4 0.7552066922292324 0.4060749429309728 0.03635565651766228 0.0741779796419344
1 0.23211410499341084 0.29758160857327487 0.033176114363184794 0.06460272054263569
2 0.075465691836449 0.6217934592838688 0.05990224082661784 0.09442992288667433
4 0.7738612434588965 0.39087024752676464 0.036328385440423536 0.0694904796419344