3 0.9757159733052287 0.12145640098870558 0.04511360001590816 0.12101512902925915
2 0.0330728452816842 0.3771879251177778 0.0623192813494538 0.12408134043361105
4 0.6969342559277761 0.4705157834583346 0.04160679201145392 0.08792922695574071
4 0.7676007445894582 0.5010146362857885 0.04018974267981754 0.10029252591898156
4 0.8650950046149115 0.3051758730434739 0.06084768801718106 0.13175713939685174
4 0.690092815245095 0.5889629870869921 0.03717383068109026 0.10939412384546295
4 0.7144661065802312 0.5735628710172236 0.033830654678545 0.09037072177194432
4 0.7278109912476403 0.5669321622047698 0.036973836012090186 0.09220662384546294
4 0.8372598112667304 0.41687479066838123 0.04009883601209054 0.09248002591898138
4 0.8217160799252307 0.47832970051759427 0.0382454346753633 0.06734332488222208
4 0.7472149719128222 0.5761608992452792 0.027417022676635837 0.07576141762490743
2 0.054584218610775295 0.40652411060314825 0.05258065467854491 0.09201113421305554
4 0.7850604172501856 0.5431925743630571 0.030578385343726745 0.07915981969842587
4 0.8142030245862764 0.5203511051830109 0.02881589067472694 0.06183561866166656
4 0.8034200659214127 0.5080267624403256 0.038518154678545004 0.09078082488222208
4 0.7125143499363665 0.40593587360912176 0.04011701734563573 0.09404252591898139
2 0.2075797599061407 0.6725415069272227 0.031886346674090585 0.05742152073518518
4 0.9274955546228657 0.24118243209148327 0.07672722668681757 0.15499914976444434
4 0.7636848565802312 0.569256788359307 0.02561816534054522 0.05531221658814811
1 0.04591774327659352 0.4135259663053241 0.05637836401972637 0.15009703628657398