2 0.10513173524561448 0.7194307053230459 0.08934102570316256 0.12285679201145391
4 0.7078469224705829 0.41462010057291343 0.05968801779449713 0.08502952800763594
4 0.7666834115961679 0.362348528564641 0.06175985376405215 0.09754770934118148
4 0.9084291957022875 0.5224945932129601 0.08803319368794008 0.12908861067790856
4 0.6711998152464895 0.30171156791059506 0.06207818874502422 0.10536020934118148
4 0.6988619002274614 0.30920589457354974 0.053501684790691686 0.08651930267345423
4 0.7129880672236558 0.3106047625716407 0.05675401878308044 0.08968066534054513
4 0.8543226744477493 0.4222951458864143 0.061505185779274996 0.09129770934118149
4 0.8239693295809456 0.3679349098902323 0.051111513840164324 0.06618862133990877
4 0.7287894807598091 0.29557010856941357 0.045116181824942106 0.07236589600572696
2 0.11776172783124066 0.6841108233211368 0.07094385277546911 0.09296929734245403
4 0.7725859017103363 0.31538262189691385 0.04843218281352506 0.07708975867281787
4 0.8059714046760857 0.3290633138924595 0.04154551285158128 0.061392033338636055
4 0.7987637411399324 0.3439979705601867 0.058252851786885884 0.08813634667409058
4 0.7391406848278725 0.47287749590232264 0.05994268577927464 0.09127952800763595
2 0.19506307958094554 0.3752528966422738 0.042980678859192475 0.0582852146721816
4 0.9648742193911026 0.5646724552037332 0.07025156121779474 0.15261701734563574
4 0.7452593977560035 0.2969417045671864 0.038165844866803765 0.05510567067154524
1 0.10900881034075469 0.6803045706556368 0.09023236364988403 0.14473179201145392