3 0.8235249743638425 0.07970950644311972 0.12204994872768501 0.07949714947960163
2 0.08870410018907292 0.6050084045679843 0.08253768086722199 0.12564180913596862
4 0.7335204397742121 0.47315853403273955 0.05908105702175916 0.08863977611928178
4 0.8167430428844898 0.48218605325461644 0.056912964279073816 0.09941350180902227
4 0.7890794982565736 0.26376692390140277 0.08574059330833314 0.14447369629109835
4 0.7921032107922212 0.5827692294193267 0.0607214694628702 0.10738977611928177
4 0.804964795759212 0.5608909073930594 0.0529677580585183 0.08987472749876275
4 0.8141641385018972 0.5504856739014028 0.05466695909527779 0.09151911465389251
4 0.8308848723848605 0.3771643605815627 0.059491160132036924 0.09332727611928178
4 0.8502787128184714 0.4388388449777304 0.05105394354388863 0.06799972749876275
4 0.8368887390202768 0.5524542876507843 0.04392494872768502 0.07540279172311415
2 0.12159451263018399 0.6253961476705794 0.07199116013203688 0.09398237336031982
4 0.8526607105093973 0.5105091270899061 0.047323350801203645 0.07869156603337366
4 0.8654833392558323 0.4792967486412037 0.04126884043361088 0.06282090456798421
4 0.8500927851087955 0.4722688206674709 0.0560927580585183 0.09003850180902226
4 0.7018220889730086 0.39528583955066354 0.070584485014259 0.13123671189493055
2 0.4035846808207392 0.8174829076202019 0.04398373732333329 0.058297178878243726
4 0.7655052972198144 0.2609761165744565 0.084646985014259 0.13197369629109834
4 0.7127889832708327 0.3873062432141367 0.06718608294074038 0.12794793758467105
4 0.8475822312445823 0.5413496913142574 0.03759703628657398 0.0564071302577247