2 0.041706185267622355 0.7211942946769542 0.08341237053524471 0.12285679201145391
1 0.15053343000989758 0.3644726746896808 0.040447937584671044 0.05668635200509069
1 0.8207176187262224 0.7177940521164492 0.1550437833553712 0.2469670013526354
4 0.7135989167809145 0.5093901114337681 0.08730300542706679 0.14623974801081766
4 0.6776923942796774 0.4636321687619048 0.09083744120271575 0.15408861067790855
4 0.7444571703989592 0.41281510343726796 0.08385045680654776 0.13995338534372675
4 0.8456401328597167 0.5554849561186763 0.09388055404758608 0.15256247334499945
4 0.6392550932843092 0.3170020694223141 0.06806832654882307 0.10697725334181776
4 0.6693144075086603 0.3251691054264503 0.05450379353213641 0.08651930267345423
4 0.6847756331984008 0.32847591876190474 0.05779256784239593 0.08968066534054513
4 0.7574042277259053 0.38951396343885875 0.05976450361804453 0.09751134667409059
4 0.8136641938047076 0.4347270134468129 0.06256195499752551 0.09129770934118145
4 0.7892683813893786 0.3781588401097677 0.05943695499752551 0.09126134667409058
4 0.7628630116471034 0.3450190761059496 0.05064180913596843 0.07242044000636341
4 0.7127368588881413 0.3319281827657227 0.049079309135968606 0.07240225867281787
1 0.17602143091440872 0.34053573535963516 0.04587242198083885 0.07080339600572697
2 0.05677130540638231 0.6768539486791812 0.07201884215265535 0.09296929734245403
4 0.7308251175945687 0.31494067743472265 0.04727114767057934 0.0676965773392725