3 0.8467241245669216 0.8598678784010166 0.10838789462538863 0.12488344606059662
2 0.013586544935972226 0.4761714136923101 0.02717308987194445 0.12265717261537983
4 0.6511734900413536 0.5448977642984325 0.047177378840373055 0.11557837842423861
4 0.672319718924079 0.4756266234266392 0.04397678413027979 0.08733497925407559
4 0.7569600294333053 0.45132351782291746 0.03854583148532651 0.10092388257342347
4 0.7499309665050047 0.6921969715571838 0.0808536998023559 0.21302206348717298
4 0.7080058609186318 0.3570299887786233 0.040563357793685736 0.10885478174358658
4 0.7270442872552259 0.37736579956650396 0.03634629465362345 0.08986798340326044
4 0.7374812583160308 0.3851307553753628 0.03956229991529536 0.09166728174358649
4 0.771326366321478 0.4984586269511242 0.03854583148532651 0.10092388257342363
4 0.7902891979479788 0.5468010385688419 0.04424979991529554 0.09202247925407558
4 0.7970089057840168 0.4848454902285158 0.03966871572854576 0.06678568091374952
4 0.7518398899284142 0.419043814088651 0.029277247298576902 0.07533188672260845
2 0.027072556774733886 0.45150237779953867 0.05414511354946777 0.09140717261537964
4 0.778940716222656 0.3944339777809612 0.03507222099021767 0.06799298340326043
4 0.8041080452183209 0.4430840427180267 0.03002069994353036 0.06138778589277134
4 0.7953546714984453 0.4064128369091679 0.041033794653623445 0.09022318091374952
4 0.6641439269012915 0.5625821717669652 0.04661593671876361 0.13264747925407558
2 0.27076971338005856 0.2120451010303296 0.034435184158514695 0.05705548340326046