3 0.7873118876881724 0.9732659181356518 0.11760239926336595 0.05346816372869654
2 0.018357244047915267 0.41882524310259506 0.036714488095830534 0.10015048620519007
4 0.6607590034310693 0.5866445019205639 0.05277507475773362 0.08683161465389251
4 0.7408835460057162 0.5845707468321812 0.053758420550689225 0.10089411465389268
4 0.7483361410423672 0.7919671670039978 0.060991766343644824 0.11528416327441171
4 0.7129384984873907 0.47960328584176193 0.05063342055068922 0.100730340343633
4 0.7263072297979573 0.5014749638154946 0.04518109604505725 0.08954717887824373
4 0.737315785614156 0.5122453674789677 0.04841535668871888 0.09127345318850325
4 0.767539245133196 0.6855500706674709 0.053212117332380515 0.09308161465389268
4 0.7883159208796654 0.6239098857963334 0.04677644703379293 0.06783595318850325
2 0.03222032517432331 0.4117464054724954 0.06444065034864661 0.09373671189493056
4 0.7776076498444435 0.5527785142450359 0.04129127153942491 0.07844590456798421
4 0.7934458172930396 0.584188966529028 0.03696440445914604 0.0610946302577247
4 0.778055764074731 0.5912235385552954 0.049868596045057244 0.08979284034363318
2 0.29842180246200406 0.22891837460351522 0.03987088317182241 0.058133404567984305
4 0.766873337571957 0.874486417908509 0.08527050050420311 0.1508055834462283
4 0.7695819823958473 0.5217774977366925 0.0335116225281606 0.056243355947465365
1 0.15768790579652825 0.33523921641748633 0.06455380891829185 0.12169793758467104
1 0.12337860777399964 0.3773514733148913 0.06477233020561533 0.12482293758467104