3 0.9792051900879333 0.2000733543086617 0.03975336729005079 0.11943183847375849
2 0.036894449359511174 0.3719744115262415 0.06475336729005095 0.11986821509696384
1 0.2170076335937118 0.6984845442385269 0.030087475799503237 0.0692681972400564
1 0.7802086330045366 0.2996308437553548 0.09510446350286302 0.23444891233702042
4 0.7317615217646098 0.43640018669334013 0.053979493753483966 0.14780230032431158
4 0.7033319947354426 0.48923486039444625 0.05403403590796181 0.15717730032431163
4 0.7773643923743105 0.5199706172943052 0.04926472267624522 0.1430329797074606
4 0.8540501331027326 0.3631791006552137 0.05870335518980241 0.15413412094116258
4 0.6875973895456402 0.6426189590144746 0.0428056444174139 0.10698638555165907
4 0.7158042027773568 0.6280655353133684 0.03488406010845857 0.08810001785690744
4 0.7306843142136752 0.6215564366933402 0.03645565046753827 0.0896897913958579
4 0.7920036092950191 0.5548677686742769 0.036510192622015936 0.09906479139585792
4 0.840822904376363 0.4883972889668164 0.04115224082661797 0.09133411201270877
4 0.8256246303722581 0.5495938875868447 0.03959883118569749 0.09286933847375849
4 0.8130110008837628 0.5693433258984474 0.03009656615858276 0.07083069724005639
4 0.7588684015476928 0.610909262992234 0.03166815651766246 0.07242047077900686
1 0.24181673605303988 0.7308606676153214 0.030051114363184795 0.06301819724005639
2 0.06243935002344112 0.41214939813356094 0.053643150467538224 0.08998980032431159
4 0.7783132931364364 0.6254120937553548 0.033194295081344014 0.06619774431795697