3 0.9909461539440478 0.19999986753156082 0.018107692111904328 0.12296627404661709
2 0.07080421038225097 0.35550346633473606 0.07630423610255285 0.12265873920022682
1 0.26651333238221964 0.6847122727806727 0.03645956348717307 0.06984127404661714
1 0.8203888906713006 0.27214522996009805 0.1193223755244535 0.2379216406515056
4 0.770628456857766 0.43211299620216687 0.06894202199532433 0.14889385698624164
4 0.7440076798880643 0.4839582383976186 0.06965241701630234 0.1582688569862416
4 0.820049961631651 0.5157687443880683 0.06389932448483515 0.14404266587924913
4 0.889756042540756 0.3605876818668639 0.07410311867597627 0.15530754809323427
4 0.7360203489789592 0.6369840346767542 0.053363643571085716 0.10783234736759476
4 0.7639202060325735 0.6226933561836334 0.04413035352912935 0.08880952885594055
4 0.7783495589370029 0.6167062510114902 0.045811252699292385 0.09042659255827132
4 0.8368356425454003 0.5512151710670906 0.04808414772027021 0.09985615626060226
4 0.8820404761537979 0.48618788259250323 0.05061715186945541 0.09215278366526398
4 0.8701925942050742 0.5469170514669772 0.04917305103961809 0.09366071996293304
4 0.8583321342470306 0.5661308429367896 0.03825886182749905 0.0730208377489479
4 0.8057641639160247 0.6063491043695349 0.03982136182749905 0.07307540145127885
1 0.2893714145407246 0.7175966946503716 0.035985966806520955 0.06359127404661713
2 0.09810133880648961 0.3952827289486078 0.06299875269929237 0.09102679328391083
4 0.8265386052027365 0.6220733080903992 0.03946616431700996 0.06838790145127885