3 0.95625 0.86796875 0.0875 0.10546875
2 0.02421875 0.5453125 0.04453125 0.11328125
4 0.70546875 0.5 0.028125 0.08046875
4 0.78125 0.475 0.025 0.09453125
4 0.84765625 0.6796875 0.03359375 0.13671875
4 0.71875 0.3828125 0.0203125 0.10390625
4 0.740625 0.4 0.01953125 0.08515625
4 0.753125 0.40703125 0.021875 0.08671875
4 0.8375 0.56328125 0.0265625 0.08671875
4 0.83203125 0.5015625 0.028125 0.06015625
4 0.77421875 0.39921875 0.015625 0.071875
2 0.05078125 0.51796875 0.03984375 0.0828125
4 0.80625 0.434375 0.01875 0.075
4 0.83125 0.459375 0.01953125 0.05703125
4 0.81875 0.4703125 0.02421875 0.084375
4 0.709375 0.5625 0.02578125 0.0875
2 0.24921875 0.26640625 0.0234375 0.05234375
4 0.846875 0.71640625 0.03671875 0.12265625
4 0.7890625 0.40703125 0.0171875 0.0515625