3 0.7285054746092741 0.9360870099293066 0.12349768415851478 0.060291144747150936
2 0.032969364617830635 0.3509781490903772 0.06593872923566127 0.10349318114108108
4 0.6569985558122517 0.545177373659211 0.06116428413027997 0.0869948858558109
4 0.7364130400272362 0.5461533686968123 0.06345482622365459 0.09956766046291676
4 0.7173235928557162 0.7535121044287887 0.07373987884037306 0.11562930810555176
4 0.7215531504517578 0.4401045758927413 0.06032982622365459 0.099422111248705
4 0.7319523241575161 0.46221501633944745 0.055005289391951706 0.08826628742738744
4 0.7422072846949772 0.4734243440897064 0.05831229991529554 0.09153683664159899
4 0.7491566927568941 0.6484050734115421 0.06309080517696727 0.09331766046291676
4 0.7776603953312604 0.5870844296978482 0.052259720990217674 0.06788101282028158
2 0.05626832664717766 0.344871544251813 0.07255681043863908 0.09531680810555195
4 0.7763323847373295 0.5162453908227188 0.04977175782192056 0.07867296360606986
4 0.7884837742422206 0.5484029193587661 0.0426117052052021 0.0627568651776464
4 0.7725402558263692 0.5545994154298246 0.05978379465362345 0.09004711124870504
2 0.34363036070687036 0.17332391418697038 0.04399219468185844 0.05970463978475227
4 0.7249093087254364 0.8373049075719419 0.0991794945971538 0.1510959272121397
4 0.7727292426016025 0.4844688519475893 0.03912268415851479 0.056361315963434674
1 0.23176042128668378 0.23463174938082743 0.06098227360693613 0.08386988585581087
1 0.1834293370999342 0.2618149875940031 0.059510778868608005 0.08535961124870503