3 0.9784694647319284 0.11116399299368449 0.04306107053614312 0.1199615557595742
2 0.06366713922140808 0.39413276621085747 0.0666924377622268 0.12190669303247778
4 0.7581158788484459 0.3570974726999411 0.06650410622842173 0.18089905575957416
4 0.7419939713799131 0.37256297603392097 0.06375761452679143 0.16514651000193964
4 0.743688371174776 0.46754063618564184 0.04377515601864026 0.08587359818322877
4 0.8200858504288517 0.5006084855768187 0.04557445435896632 0.0891261439408634
4 0.8743785736596426 0.26271013072563004 0.08137208963168234 0.2131694218206505
4 0.7480584076922474 0.5874545234585454 0.045551143571085716 0.10931109818322896
4 0.7742181659906171 0.5695974726999411 0.03631785352912935 0.08992336939505616
4 0.7900916197248835 0.5612269922447785 0.03956125269929238 0.09174096091032524
4 0.8488611232493686 0.45502504754531065 0.038709147720270565 0.10098841515269079
4 0.8791988960698853 0.4093140637561682 0.04424875269929238 0.0921235981832289
4 0.8705352137062434 0.47133570269606173 0.040673466806521216 0.06543355242559432
4 0.8163581217994761 0.5551524643649913 0.033452962657336015 0.07260832363742172
2 0.08863217303958706 0.42275210272515673 0.05663035352912935 0.09158146424430509
4 0.8301129684801282 0.5603183254250979 0.03466026514684728 0.06804836939505617
4 0.8682040417155633 0.5131883628477827 0.03106166846619516 0.061543277879787084
4 0.849596674288987 0.5477227305758487 0.04088695435896632 0.08874350666795969