2 0.03716005304864316 0.678554599012551 0.07432010609728631 0.12658108883351815
4 0.6847444437191585 0.4884578439184219 0.05089256175762476 0.08747901603912886
4 0.7516879028112162 0.4473507850036934 0.05286423871722903 0.10164164558877822
4 0.8729849266303997 0.6633238433001131 0.0962170851145899 0.19799501387966068
4 0.6686002696625483 0.37079997454780533 0.051529059250342256 0.10935401603912905
4 0.6940860029695008 0.3826083621170192 0.04473348997087019 0.09020349784053172
4 0.7080575747562555 0.38663452806386306 0.047903954077492726 0.09196625693983033
4 0.828571000066507 0.5219385772609841 0.05263691818411544 0.09382914558877822
4 0.8075969220115462 0.4626741987910689 0.04565949247815269 0.06842862739018099
4 0.7264127696625483 0.3745047678848302 0.036511813011265916 0.07564035009228505
2 0.0547744842313894 0.646112338833518 0.06357441818411551 0.09453005243632351
4 0.7663103439565854 0.4021081361757126 0.041290241224511345 0.07906573874123306
4 0.796278988783736 0.42124816239387436 0.036148100158284534 0.06314035009228505
4 0.7872760618241318 0.43475994987080313 0.04942098997087019 0.09050388648947968
4 0.7048463435608741 0.5507971576135123 0.05107441818411544 0.09372901603912887
2 0.1845064144896988 0.3569973789313405 0.039136707838416565 0.05865310919158375
4 0.9318598214575502 0.6843162661867872 0.09498955423577726 0.1558075138796607
4 0.7427053593959916 0.37946237815614814 0.03284124373179385 0.05669009099298643
1 0.036086292194836986 0.6649729603636029 0.07217258438967397 0.16740634793281686