3 0.7757167626138717 0.09215916526935036 0.12356647477225664 0.059100180867222
2 0.03356022858971268 0.6484272295476388 0.06712045717942536 0.12939355702175917
4 0.6385242643431523 0.363049280773471 0.11592264427970278 0.19706907257314796
4 0.6304290221477006 0.3929028761080543 0.09769843393541641 0.16587786116879605
4 0.6766467685195036 0.4831464587659709 0.060758939925866076 0.08943293836009243
4 0.7492955840359329 0.4448351059385171 0.0878323606144388 0.1509951549482406
4 0.7116939242319515 0.24250162639087822 0.12428078130301116 0.21337757775694416
4 0.7261978460168323 0.5901380440157856 0.06771826805616747 0.1102922425071295
4 0.7435589608076224 0.5642296549017578 0.05456350362819702 0.09044863421305535
4 0.7549602522774347 0.5519053121590727 0.05779763103285873 0.09384703628657398
4 0.7847866507334886 0.48320383030235964 0.059632949544512925 0.10179623732333312
4 0.7751066050873251 0.37891687148990594 0.06097719473518968 0.09568293836009242
4 0.7719171177011968 0.40293056993476706 0.08621529691210786 0.14929595391148137
4 0.7742558893007432 0.5379207246001837 0.0478224303072194 0.07583933006601846
2 0.056688899467544275 0.665565502874722 0.07196925843752049 0.09820234561740726
4 0.7939508304077358 0.5349419875596744 0.047658739200226743 0.07115183006601847
4 0.8020832781381504 0.48158254170671133 0.04269842068857237 0.0629292269557407
4 0.7159200888452564 0.43564603364819304 0.09462799763774718 0.16716695909527762