3 0.7371902298709457 0.9967700012605079 0.12211719468185826 0.006459997478984292
2 0.031156600148233054 0.3639967980225286 0.06231320029646611 0.10357275025210155
4 0.6587885689664315 0.6218399651421487 0.0596927893919517 0.08976162252816078
4 0.7382485558122518 0.6313185079688971 0.06345482622365459 0.10091764381548422
4 0.7222841086407318 0.8380766063597427 0.07217737884037305 0.11708894703379294
4 0.7217806636059375 0.5234842286358019 0.05885833148532651 0.10215236188449897
4 0.7322253399425316 0.5461786834632649 0.053442789391951705 0.0893245799535137
4 0.7424803004799927 0.5586622579688971 0.056749799915295364 0.09266810124083733
4 0.7526002111727457 0.7350826463364997 0.06152830517696728 0.09455838317182241
4 0.7803226637471118 0.6766199363132566 0.052259720990217674 0.0690120799535137
2 0.05351505296965433 0.36065863057393244 0.07255681043863911 0.09688570767745457
4 0.7774321531531809 0.6050345134167788 0.04820925782192056 0.07962179802252863
4 0.7896290452889081 0.6380491092097343 0.0426117052052021 0.06366901609154337
4 0.7744212742422206 0.6432611330949479 0.05822129465362345 0.09121486188449915
2 0.33802510281436254 0.2166072538583978 0.04399219468185844 0.06065327673520515
4 0.7314323245104519 0.9234349521526983 0.09761699459715381 0.1531028566887187
4 0.7730022583866181 0.5733474708421318 0.03756018415851479 0.0570912341605581
1 0.22197589760916045 0.2696779875147529 0.059419773606936135 0.08507412252816078
1 0.18104778974488756 0.29897772142320944 0.059510778868608005 0.08663662252816078