3 0.9329241954591186 0.9048801775235067 0.11695254689043359 0.10573210085908258
2 0.0635613180605652 0.4351219504749698 0.07005423610255286 0.12350609905006031
4 0.724596674288987 0.5777422246736876 0.06489313942190086 0.11701043758467104
4 0.7413805099719768 0.5094083045018711 0.05170605518880329 0.08674972749876275
4 0.8249859153659174 0.49483014812486453 0.04808414772027021 0.10056656603337366
4 0.8292160871561045 0.7369733825210323 0.10168458963168225 0.2123162935321364
4 0.7719182697202391 0.39486112562362735 0.051801143571085714 0.108542840343633
4 0.7916630072726845 0.41735692333963514 0.04413035352912935 0.0894652917231141
4 0.8025296522936627 0.42619965683129185 0.04737375269929238 0.09119156603337349
4 0.8420559388111339 0.5441341073062617 0.04964664772027057 0.10064845318850324
4 0.8631506114265137 0.5947958485998344 0.05217965186945541 0.09299972749876276
4 0.8671267937901558 0.5334079692466208 0.04559776514684728 0.06775406603337367
4 0.8193153332074121 0.46140017243512405 0.03681476099766208 0.07507524310259513
2 0.09014712884844589 0.41333548168263434 0.06456125269929239 0.09209232473980081
4 0.8443386439952928 0.43969559079791837 0.04102866431701031 0.06907090456798422
4 0.8725829657808358 0.49155133989340705 0.03574916846619516 0.06101274310259512
4 0.8610884361118416 0.4537204692466208 0.04881785352912935 0.08971095318850324