2 0.08016568809672282 0.7133363413430904 0.0842306440165447 0.12283861067790855
4 0.6971510040579064 0.43461683076063207 0.05568747334499946 0.08657384667409058
4 0.7582788607176795 0.3845537434356771 0.05893974267981754 0.09754770934118148
4 0.9050827774108601 0.5815480167886308 0.108468122692544 0.19186133068109026
4 0.666136266709089 0.32020888542326864 0.05746814934754489 0.10534202800763595
4 0.6927896733768162 0.32833046809354116 0.04943747334499946 0.08650112133990877
4 0.7068794453771343 0.3308378500954502 0.052598836012090366 0.08966248400699968
4 0.8425998640594973 0.44802644478035847 0.05730451734563573 0.09127952800763595
4 0.8146106767186339 0.39223952144331314 0.04920111600890857 0.06618862133990877
4 0.7231129727084527 0.31618500409767736 0.041479522676635835 0.07391021467218159
2 0.09460944875872304 0.6791340640117722 0.06826019867918123 0.09296929734245403
4 0.7663271707113161 0.33777874077017706 0.04464088534372692 0.0770715773392725
4 0.7985311433799979 0.35299520810785867 0.039771572008272214 0.061392033338636146
4 0.7908822753819068 0.36696680144013144 0.054143154678545004 0.08811816534054503
4 0.7251765540658607 0.4935287540976773 0.05574201734563573 0.09126134667409058
2 0.18635840738381587 0.3739931253580443 0.04129770934118149 0.0582852146721816
4 0.9576419667011347 0.5947025447962668 0.0847160665977306 0.15261701734563574
4 0.740318654041998 0.3179474987666772 0.03501134667409058 0.055087489337999784
1 0.08062876475967753 0.6860016820098631 0.08450336401972638 0.14627611067790855