3 0.9110276833078167 0.03585880279024992 0.10471135771838505 0.07171760558049985
2 0.0459146082498576 0.5113868632773916 0.05477502471457936 0.1209762734452168
1 0.3237663301124182 0.7528593551795145 0.02936384783255317 0.07076278589277152
1 0.7254933844101308 0.187960680065335 0.09229888243296429 0.23908765601864027
4 0.7249734140676259 0.3290592767459871 0.051297197642272786 0.1503085759347277
4 0.7156421764249157 0.38854102052220985 0.05167919961943923 0.1596835759347277
4 0.7964610949039848 0.39103721325881413 0.04798119665368965 0.14538427759440165
4 0.8160520588206989 0.21793067736604269 0.056239365627050474 0.1569137734452168
4 0.7522229580595772 0.5362322367040309 0.0418293557412186 0.10909158008391255
4 0.7740197036109528 0.513421698736667 0.03325285178688588 0.0897495842330974
4 0.7861058681356894 0.5023182553753628 0.03644151878308026 0.09154888257342364
4 0.8226707678316781 0.4188303265362057 0.03526102076024671 0.10080548340326043
4 0.8461135850181531 0.34025504064343426 0.04112901878308008 0.09190408008391256
4 0.8525665148659286 0.4024590427180267 0.038067685779274996 0.0932297817435865
4 0.8464266028126503 0.4248668389837603 0.029427514828747548 0.07232528589277135
4 0.8088111976794539 0.48257351782291746 0.030990014828747546 0.07244368506293437
1 0.35834691855343126 0.7745325230210095 0.029109179847775658 0.06451278589277135
2 0.08074986467564824 0.5393100311188866 0.05356535178688593 0.0912887734452168
4 0.833380116158523 0.4893320806853906 0.03236151384016459 0.0678745842330974