2 0.0375881228739681 0.3124045340887049 0.0751762457479362 0.12799719636645773
4 0.7009741158918985 0.39676587951768205 0.09709762485506808 0.18175992515463033
4 0.6797687955884567 0.409361474366931 0.08969971303635713 0.1671872421240923
4 0.651149845888019 0.5032708420949972 0.05701501666989941 0.09001896424430508
4 0.7118483587648967 0.5487589431531641 0.05883260818516867 0.09327151000193971
4 0.8403871733184627 0.324078194361112 0.11527354000775877 0.21428538273097572
4 0.6158664369442463 0.621781597095967 0.06336061151914833 0.1107141015172088
4 0.646446757247688 0.6084207277009109 0.05089256242753386 0.09107128121376692
4 0.663889348762957 0.603892724366931 0.05414510818516849 0.09288887272903601
4 0.7538444111904911 0.5096327992123006 0.054910382730975725 0.102263872729036
4 0.7974667364949026 0.46959785951380273 0.05739765394280312 0.0947064642443051
4 0.769373816341242 0.5285422958783208 0.04910692182065048 0.06919628121376711
4 0.6911693258841398 0.6024419236083267 0.044929604851188645 0.0750636439408634
2 0.04708345453222955 0.3453765307547251 0.06989765394280305 0.0957268303053814
4 0.7021865742171498 0.6100790804260676 0.044546967578284934 0.0703761439408634
4 0.7527763766427441 0.5702514348182144 0.04091178454774678 0.06387105242559414
4 0.7246355301265052 0.6012621898191841 0.05558006242753386 0.09145391848667064