3 0.9326199348771629 0.08996335654046035 0.09854045157021041 0.11204656134627214
2 0.03762230126627651 0.4872272799968183 0.050239343890078406 0.11617044000636341
4 0.7188268371596538 0.47773771857100444 0.03678459765100204 0.08321248933799978
4 0.7967388884924373 0.49636899256050493 0.03402331050398359 0.09567612667090888
4 0.8474877315910929 0.30665196455286886 0.04174488229073816 0.09264203333863615
4 0.7440661810497323 0.5931081799013682 0.03117109514371954 0.10501476400381797
4 0.76383311177026 0.5741218225652773 0.02750052586424747 0.08622840133672707
4 0.7761057912371466 0.5661638718969139 0.03067098997087019 0.08782726400381798
4 0.8440565062016991 0.4035996898870506 0.03540395407749273 0.08944430800445428
4 0.845071088413295 0.46532753055382337 0.03463106426490725 0.06288180800445424
4 0.7973813976636375 0.5721684238940503 0.02244931301126609 0.0736738573360908
2 0.06571620902555075 0.5126903566597731 0.04781302586424747 0.08646475867281786
4 0.8259777591046931 0.534322978556687 0.02566524122451135 0.0768352200031817
4 0.8486423692921076 0.5074877585535053 0.025119671945039102 0.058085220003181705
4 0.8350656025990599 0.4974860498886414 0.032188025864247294 0.08628294533736351
4 0.7176985946815012 0.41210362790423166 0.03384145407749273 0.08942612667090888
2 0.2882517532321983 0.7476813326305016 0.02810827962517113 0.05343408267027261
4 0.887151973673534 0.21944231854714186 0.0667281619159091 0.14603975334181776
4 0.8111938450772126 0.5634110418921413 0.02185827962517095 0.05336135733609062