2 0.08191472122887747 0.2891729091943056 0.08706846878180677 0.12380248233256949
4 0.7122123787554241 0.5895483428929867 0.0576885036281972 0.0872103656913195
4 0.775704449081177 0.6417661127446187 0.0611954495445131 0.09822060087368065
4 0.9002356792109112 0.4971283728126049 0.06744544954451329 0.09836607123840277
4 0.6865080290255765 0.7029198586605562 0.05990576805616747 0.10599673328249999
4 0.7127977105139223 0.6957256077106255 0.0514385036281972 0.0870648953265972
4 0.726778364960426 0.6937091660312505 0.05467263103285873 0.09026263050895836
4 0.8571156509879426 0.5812117788727784 0.0594146947351895 0.09193423328249999
4 0.831708912420688 0.6360440960271188 0.050729175497895795 0.06675239532659738
4 0.7437029701325691 0.7089347757386465 0.04318949400955034 0.07438305737069442
2 0.09795887268015631 0.3238934013105209 0.07040675843752049 0.09375130642076393
4 0.7859351101511025 0.6888411344961117 0.04642362141421188 0.07758079255305575
4 0.8174480049789594 0.6747429201153132 0.04119048439090349 0.06184668977951393
4 0.8091444316579818 0.6604985821594104 0.05618056733052797 0.08873649810013902
4 0.737509989918017 0.5315910257386465 0.057852194735189676 0.0918978656913195
2 0.20396585833700404 0.6323618243725349 0.04264385698624169 0.058758057370694415
4 0.9606076617028979 0.4370643482113203 0.07878467659420423 0.1536718202884723
4 0.7608359064302382 0.7077723192416325 0.036284729581580064 0.05548758700597212