3 0.8943681429549646 0.8813069204341186 0.10109233415618064 0.11750001324684405
2 0.019926721030312317 0.4936582307627063 0.03985344206062463 0.1189335384745874
4 0.6842716700247912 0.6177702432069421 0.06377547853284735 0.19113592068857255
4 0.6693012866660412 0.5901908802302506 0.052183361891597356 0.16262897477225663
4 0.6934128935236454 0.4933332383976186 0.0378649823325695 0.08406746515360979
4 0.7741537472471176 0.5123709258764141 0.04716855357097227 0.148402783665264
4 0.7850691441892355 0.7141690388531055 0.06577438962701407 0.2099404843909035
4 0.7171432938842358 0.37931537841615204 0.03841049620027785 0.1075049651536097
4 0.7400898314032982 0.3995906728811892 0.03016158510611113 0.08848214664195542
4 0.7539159420606246 0.40925584956021155 0.0333229526972918 0.09015377404661713
4 0.8001902235957635 0.46696665663912035 0.03197865824437507 0.09947421034428636
4 0.8149774625778466 0.569491455913481 0.038010452697291794 0.09031746515360979
4 0.8061479764455551 0.5463813381274661 0.04556968597979179 0.14678571996293321
4 0.7763539865135413 0.4178396758764141 0.029761541603125073 0.07129464664195542
2 0.04059767125906211 0.46929314782308185 0.050437717514930626 0.08762897477225665
4 0.7967028541047219 0.41556784774611294 0.02965243882958326 0.06660714664195541
4 0.817414091186944 0.464803955913481 0.02638196846486096 0.060248019237293705
4 0.743321321335312 0.5290599180718658 0.049131097073958505 0.16564484736759474