2 0.07051228652129857 0.6780295340887049 0.07712733603812652 0.12799719636645773
4 0.7487036960189452 0.4920146066388648 0.09548759821299128 0.19658769970043757
4 0.7225951635515411 0.4753691116398347 0.07937167451188501 0.1671872421240923
4 0.7037030673671449 0.37911586497381455 0.05150004464226861 0.09001896424430508
4 0.7863110158250173 0.36063718981918413 0.07287621266133186 0.1526145590935541
4 0.8832111095737816 0.533453194361112 0.10203760714144465 0.21428538273097572
4 0.6767393725627204 0.26865659709596706 0.056542100648623084 0.1107141015172088
4 0.7066177873353727 0.2771707277009109 0.04527731818121907 0.09107128121376692
4 0.7238598344132734 0.27889272436693097 0.04842959172016936 0.09288887272903601
4 0.7916746258091313 0.309345756788646 0.048593232953871454 0.1022638727290361
4 0.8494655807598255 0.3930353595138027 0.051581865259119654 0.0947064642443051
4 0.8311968218313716 0.37731463572659985 0.07128643912238167 0.15092451333591955
4 0.7488598344132734 0.2768519922447784 0.04031708279171564 0.0750636439408634
2 0.08709976866439109 0.6422515307547251 0.06408186525911974 0.0957268303053814
4 0.7658836931795714 0.2660739889107986 0.04023526217486477 0.0703761439408634
4 0.8071632581143795 0.30025779921230067 0.03700116801906326 0.06387105242559432
4 0.7656809159871731 0.38892155754725033 0.07627394805083547 0.1684946506088231