3 0.9689161545592324 0.7629457192542016 0.04511360001590816 0.11846049498543501
2 0.03072537096197902 0.6184401114410557 0.06145074192395804 0.12052310015828453
4 0.6976796906031393 0.4475099020197935 0.04160679201145392 0.08555706677218974
4 0.7692007019414573 0.40872253516846146 0.04018974267981754 0.09801160266556704
4 0.8623314419160039 0.593449224664478 0.06084768801718106 0.1282901360516618
4 0.6935836312858203 0.3297002763929729 0.03717383068109026 0.10729567445232169
4 0.7176478399506842 0.34227683274032134 0.033830654678545 0.08845474623907634
4 0.730865455283275 0.3473591378340285 0.036973836012090366 0.0901081744523216
4 0.8370416352641851 0.4848471144770635 0.04009883601209054 0.09019910266556704
4 0.8228978666056846 0.425122773489979 0.0382454346753633 0.06515363855894432
4 0.7505239746180932 0.335853336501245 0.027417022676635837 0.07421038981258565
2 0.05252972792014003 0.5865536139483382 0.05258065467854491 0.08900031551854859
4 0.7876785292807297 0.3644496979423007 0.03057838534372692 0.07742631802583091
4 0.8163484219446389 0.38392111196978107 0.028815890674727028 0.060193353919208284
4 0.8052563806095027 0.39752061071613987 0.038518154678545004 0.0885911385589444
2 0.21203418662477466 0.30231970328607 0.031886346674090585 0.05559678213245363
4 0.9233683919080496 0.6502471424528821 0.07672722668681722 0.15061977711788863
4 0.7668665899506841 0.34084471338170685 0.02561816534054522 0.053852425705962936
1 0.10863537193668474 0.46308737021654434 0.03831816000954502 0.0714036385589445
1 0.08366209659454878 0.5286358138691958 0.03998974801081769 0.08082410266556703