3 0.7782560399767569 0.017973109580372147 0.1252620799535137 0.035946219160744294
2 0.0896012655104657 0.6437539541399152 0.09445983020561535 0.1233750446422686
1 0.6781896100429136 0.2799240901019069 0.1272830378830699 0.1910534683433748
4 0.6657331687091039 0.32550932549141026 0.10322282500983526 0.15942163879807011
4 0.7209612541104994 0.41058770901447456 0.06371257475773362 0.08538412094116268
4 0.7889410757661398 0.364815512992234 0.09286447921687965 0.14519549756436803
4 0.7305337240210996 0.1671553088523188 0.1313913836760257 0.2051705154212755
4 0.781242826270343 0.512004158690163 0.07138296312533629 0.10580571509696401
4 0.7957370150062626 0.48437403653118444 0.05757183540139543 0.08683752678536116
4 0.8057457995351378 0.47090187175853204 0.060915356688718794 0.09001707386326192
4 0.8281181902485291 0.39933083482690107 0.0630241599070275 0.0978568474022122
4 0.8076257377668543 0.296437659907979 0.06414961733238078 0.09163412094116259
4 0.8069755277436114 0.3206973202164045 0.09119271857321784 0.14360572402541774
4 0.8234031930985205 0.45494958929112794 0.050338489608439826 0.07266593262956
2 0.1257408613034213 0.6572027995135328 0.07519637797604237 0.09338753571381489
4 0.8426066611675352 0.4499211700542487 0.05001070767745475 0.06797843262955983
4 0.8450871689612054 0.39590582589844736 0.04477690445914604 0.06008411201270878
4 0.7549102831914929 0.3591518940796664 0.10020708565349708 0.16092959172016935