3 0.9703234895086517 0.8091372303278972 0.05935302098269659 0.1105900192218769
2 0.04111702579774046 0.552596055517924 0.05019387978345573 0.1165191146538925
4 0.7199036038527012 0.459121699458917 0.032051633544379496 0.08280585594746537
4 0.794153446093427 0.429409866012689 0.029335810503983595 0.09670458163720572
4 0.8788336376345075 0.6237120646786364 0.02542120031656907 0.12302142017181658
4 0.7305790279093115 0.34197846506274926 0.02469377461060631 0.0980214201718165
4 0.7513689010288497 0.3573201820460625 0.022813025864247473 0.08700203301668682
4 0.7656132574553404 0.36283319764989475 0.02598348997087001 0.08872830732694625
4 0.8544892040109857 0.5130987912728882 0.030670989970870012 0.08897396879233561
4 0.8526024435861446 0.4482550412728882 0.03146060015828454 0.06249335594746519
2 0.0660799218785322 0.523119917458283 0.04303459765100211 0.08494156603337366
4 0.817167397267926 0.38673436510817777 0.02249477711788863 0.07606453301668684
4 0.8436760729738889 0.4103832270485369 0.021994671945039103 0.05887703301668683
4 0.8314943217202476 0.42197582428957486 0.027455061757624577 0.08568519448207605
2 0.25320052249903513 0.25823746664462893 0.02654577962517113 0.05443519448207601
4 0.9206323442192827 0.6888114422228278 0.04788723370266403 0.144480340343633
4 0.7992070074553403 0.36107262381460503 0.02025031551854859 0.05254514586155699
1 0.1549030779884538 0.40266357530562774 0.03334134890464333 0.07351274310259508
1 0.13184366270733217 0.4437765762101389 0.03191524122451139 0.07811835594746519