3 0.9370407479881899 0.9629261089723935 0.11345932757475126 0.07414778205521308
2 0.05721263417312779 0.45521619292790544 0.06395997532299773 0.1229323858558109
4 0.7361071946290159 0.5717382985905299 0.04759449568106326 0.08633991439185813
4 0.8143626025562952 0.5652571662493757 0.048395532078258086 0.09883991439185813
4 0.8596412314876357 0.7613166829985988 0.056107902528608734 0.09764128742738745
4 0.7640541170542646 0.46087572725041176 0.04587130937615384 0.1080693651776464
4 0.7841558659745305 0.48284277253568203 0.04154475478036197 0.08917381596343468
4 0.7956941432724264 0.492727194785423 0.043207384330011325 0.09080909057054072
4 0.8596831994093778 0.6647327814270222 0.047995013879660674 0.09258991439185812
4 0.8619780821982296 0.6033051298554456 0.04316781153562203 0.06588186517764641
4 0.817318819398303 0.48983978928490507 0.03439358883351815 0.07482021753501122
2 0.08315457047803729 0.43461474855225796 0.06039488433001132 0.09160961124870504
4 0.8449221876891855 0.5316291829985987 0.03771884793281686 0.07809076674922295
4 0.8663558991325224 0.5622263655874219 0.03349242288667398 0.060757717535011226
4 0.8528441116555939 0.5701651441234693 0.04623225478036197 0.08939213978475244
4 0.7324500709394626 0.6362181755550007 0.047995013879660674 0.09258991439185812
2 0.3127059608250283 0.23655619995721872 0.03641716378737554 0.05777826674922295
4 0.896748810142121 0.8541784251407158 0.08919980721668566 0.15214900496239858
4 0.8313009762458483 0.5013958734453048 0.029966904688076924 0.0543621683207995