3 0.8821395968545946 0.9917995828165385 0.12397937606301604 0.01640083436692308
2 0.07005611910519208 0.382190738741233 0.08807356909549376 0.12688147748246603
4 0.7110310318419868 0.6750671699520134 0.06999324879205204 0.11484255243632369
4 0.7395229515366054 0.614719955269474 0.06170251666989941 0.08944203423772627
4 0.8246792015366055 0.620177015725362 0.059470336973341274 0.10017927513842757
4 0.8003161566970547 0.854873388335181 0.12464854000775878 0.2131589389258032
4 0.7831298171386397 0.5110430451827261 0.06323306576151388 0.10819203423772628
4 0.8000142992607924 0.5369942759043947 0.05389001666989941 0.08894138648947951
4 0.810282119564234 0.5485325532022907 0.057270108185168665 0.09226664558877821
4 0.8358556886597277 0.6714088486987839 0.05947033697334092 0.10017927513842757
4 0.8504122672981194 0.7259659407715044 0.06208515394280312 0.09412953423772627
4 0.8619080056291896 0.6668610510428223 0.052231921820650486 0.06862888648947951
4 0.8227182177474628 0.5866333305001866 0.04505715060882309 0.07594073874123311
2 0.10152938865002947 0.36788720928386875 0.07315019970043757 0.09639294108527148
4 0.8502214644134831 0.571298227168699 0.04767196757828529 0.06989099784053163
4 0.8719368388095091 0.6278684022148415 0.04247428454774678 0.06334060919158375
4 0.8656869677474628 0.5893868931155429 0.05870506242753422 0.09080427513842756
4 0.7220003538124186 0.6951991972499094 0.07452125212603189 0.13223031153562204
2 0.36041069682549964 0.21660981569767532 0.04534419303247779 0.0604158682908823