3 0.8805491381285396 0.9801644427426137 0.10904883068109043 0.039671114514772655
2 0.03407883939367904 0.44689084651623895 0.05921246268299925 0.12503169303247783
4 0.7070992634070421 0.6001730222990891 0.04473179201145392 0.08794628121376694
4 0.7866867660725421 0.5980841059384504 0.044895424013363085 0.10200878121376711
4 0.810988974100859 0.808463496545334 0.06709768801718105 0.13191942182065047
4 0.7432902073917701 0.49073412048231796 0.04342383068109026 0.10969373545613248
4 0.7615134960614063 0.5140758966951151 0.038518154678545004 0.09056109818322877
4 0.772560084062679 0.5243437169985569 0.04009883601209037 0.0922511439408634
4 0.8245418494191323 0.698737681242862 0.04480451734563573 0.09419628121376693
4 0.8308549367440874 0.6375928871522174 0.0413704346753633 0.06737868969849785
4 0.7943987213955881 0.5230043576054404 0.03054202267663584 0.07586086939505617
2 0.061967482057588265 0.4288741701536606 0.05728633601209034 0.09365414727484325
4 0.8190901860677695 0.5656063168487757 0.03526588534372692 0.07936850666795969
4 0.838966881405133 0.5968881388192073 0.03194089067472703 0.06192591515269079
4 0.8242231287396329 0.6042702041216792 0.041643154678544646 0.09081618969849785
4 0.6992509480824053 0.6635340206320992 0.04480451734563573 0.09419628121376693
2 0.305679477363135 0.24427512698109988 0.035029528007635945 0.059056006667959696
4 0.8486077001113586 0.8888045718497455 0.08299540802036276 0.1566323793969957
4 0.8078072407304061 0.5350259965453339 0.02876134667409076 0.056983323637421715
1 0.08659476471990664 0.3988836522758131 0.06090223201781737 0.13609673879011233