3 0.9513507355471166 0.8987705616749053 0.0972985289057668 0.12138952174883003
2 0.058630498914719234 0.4575114110646954 0.059789899263365844 0.09747717787060921
4 0.7403282491668207 0.5033811017125238 0.04652507475773362 0.08603034190105419
4 0.8183604140175269 0.4876659184047071 0.0458366599070275 0.09846667490485964
4 0.8724080476935525 0.6891674100017501 0.053179266343644824 0.11434634288963733
4 0.766836482823176 0.38948042779624725 0.04282092055068922 0.09990184091247105
4 0.7846084908689475 0.4083431743362061 0.03893109604505725 0.0888370069200823
4 0.7985453047309179 0.4171770048685538 0.04216535668871888 0.09052684091247105
4 0.8664861936027236 0.5820724930055556 0.045290356688718704 0.09065417490485964
4 0.8729440072125925 0.517564324032195 0.041979686390131124 0.06559050790866543
2 0.08442817440908708 0.4454915721293906 0.057681096045057154 0.08960101087441501
4 0.8462615388914762 0.4497056619789165 0.03504127153942491 0.07777217292769337
4 0.8693766107992182 0.4777524075302921 0.032276904459146036 0.06052100593149916
4 0.8559150443393577 0.48691916049604167 0.043618596045057245 0.08902800790866543
2 0.30512381461827504 0.21790910570403757 0.03507412252816069 0.055960839923887826
4 0.9083944601984701 0.7668321535759595 0.07277050050420328 0.14942167984777566
4 0.8316855866619033 0.42052749794847155 0.028714861884498788 0.054143671939110224
1 0.22522850100840622 0.2854096234985347 0.04619729282674854 0.08134284190105419
1 0.18756996388164088 0.3182831319014917 0.04630655347041022 0.08290534190105418