3 0.9880650040840626 0.289670777083796 0.02386999183187477 0.12318494292790545
2 0.05498497283326418 0.35062073821317574 0.07155030452090287 0.1235145827126578
4 0.7127104731176047 0.5786967739834241 0.04727634992375016 0.08648546360606986
4 0.7824242142838894 0.6233051066960819 0.04760365824437507 0.10054796360606985
4 0.8864181172099309 0.464264054586386 0.0553434230620141 0.09778683664159918
4 0.7021567924561464 0.6952656898230243 0.04622299620027785 0.10828768899896399
4 0.7268840355222922 0.6847113335367181 0.03953658510611113 0.08924659057054055
4 0.7408556165443408 0.6814600550006708 0.0426979526972918 0.09095463978475245
4 0.8549336874984033 0.5533244005336101 0.047421820288472104 0.09273546360606985
4 0.8375656559632644 0.6118261052483398 0.042152438829583264 0.06751713978475227
4 0.7598965572737854 0.6948333502859411 0.03295927678548623 0.07489299214211727
2 0.07527994224805587 0.38434292080199894 0.05988545269729175 0.09175516046291676
4 0.7983226244281255 0.6693089654635875 0.036157011967847194 0.07816354135632882
4 0.8275737133339589 0.6519416829985987 0.03263196846486096 0.06083049214211726
4 0.8178895888089242 0.6382237853559636 0.04422408510611113 0.08946491439185814
4 0.7308052032659726 0.5178877065722474 0.047421820288472284 0.09273546360606985
2 0.21874488041204918 0.6805544489237615 0.03568423328249999 0.05785104135632899
4 0.9511878256068058 0.39704447538838494 0.08630378875333342 0.15385705417661039
4 0.7761937045002436 0.6909099836605526 0.029397865691319504 0.05599744292790554