2 0.06590482018940538 0.3367788722004613 0.07677735870696815 0.12575886182749912
4 0.7209756166528145 0.6060494290628717 0.05187551779449713 0.08804537427505377
4 0.7891645425462576 0.6548313937948003 0.05244852076024671 0.10210787427505377
4 0.8974824254363323 0.5033774828017825 0.06019735376405251 0.10113737012586892
4 0.7085313078692967 0.7211532881910785 0.051204355741218774 0.10980197510489073
4 0.7330856388959359 0.7121101749136869 0.044190351786885886 0.09057837842423862
4 0.7470208049035472 0.710050767445154 0.04737901878308044 0.09237767676456468
4 0.8636432777175098 0.5903796527178699 0.052130185779274994 0.09429537427505359
4 0.8449052065767024 0.646593763920669 0.044861513840164235 0.06882177759440164
4 0.7662801408731024 0.7239715574871103 0.037367348821136306 0.07604228174358649
2 0.0860236606075848 0.3717934122424176 0.06306768577927471 0.0951241684661949
4 0.805105218933992 0.7019907363262675 0.04061968281352515 0.07940408008391273
4 0.8348417984777565 0.6863307701444464 0.036794345855386726 0.061979781743586496
4 0.824893795512007 0.6715578751234683 0.04887785178688588 0.0909335759347277
4 0.7395545203031361 0.5459290678600726 0.05056768577927464 0.09417697510489073
2 0.22458738939022763 0.6759149950256226 0.038229511862998146 0.05897318091374952
4 0.9579378226422728 0.44055909670387405 0.08412435471545443 0.15663035352912935
4 0.7825590568807137 0.722089748773822 0.031915844866803766 0.05693708423309758