3 0.9490102352129931 0.92109375 0.10197952957401384 0.115625
2 0.047123480560180654 0.475 0.05436647642635144 0.09375
4 0.7283585179875681 0.525 0.0413570541766104 0.0828125
4 0.8057557719165095 0.509375 0.040449525640563165 0.096875
4 0.8620186962331651 0.7109375 0.0458647717116218 0.1125
4 0.7535511089723934 0.41171875 0.03583480024766903 0.0984375
4 0.7716119042576637 0.43046875 0.03376287799792799 0.0875
4 0.7852934145967458 0.4390625 0.03696065260503385 0.0890625
4 0.855471135646414 0.60390625 0.04164815260503403 0.0890625
4 0.8610811267550738 0.53984375 0.038848484284234173 0.0625
2 0.07314017100688672 0.46328125 0.05407537799792801 0.0875
4 0.833696681345969 0.471875 0.03169095574818712 0.0765625
4 0.8568816242738745 0.5 0.02932793507002245 0.059375
4 0.8440370219165096 0.509375 0.03837760339082195 0.0859375
2 0.2907492402800903 0.2375 0.03223461124870504 0.0546875
4 0.8992511765884579 0.7890625 0.06458053846084474 0.1453125
4 0.8190691011145106 0.44296875 0.025911836641598997 0.053125
1 0.19947573097446542 0.32421875 0.04270123035529285 0.078125
1 0.1716803707592177 0.36484375 0.041284279569504624 0.08125