2 0.10932630000969831 0.25008889142310203 0.09744856909549374 0.1295302580585183
4 0.7338309319917681 0.5267069948626866 0.06626247091226496 0.08956963939685174
4 0.7968887835089766 0.5762682059842144 0.07040783697334127 0.10234304147037036
4 0.9272942763819749 0.4098538111207425 0.09783120636839726 0.13421775805851835
4 0.7054504536626374 0.6417065697449086 0.07091802000387944 0.10859304147037037
4 0.7322840206320992 0.6330643016016216 0.06014001666989941 0.09058533524981485
4 0.746282747753282 0.6310527422707883 0.06339256242753386 0.09242123732333311
4 0.8805783862341336 0.5122945974073164 0.06820760818516831 0.09439384043361106
4 0.853728714872525 0.5689348681425015 0.05691942182065048 0.07013613421305535
4 0.7639644553296272 0.6452423813848162 0.051179604851188644 0.07583933006601846
2 0.12475985243529264 0.284932783129028 0.07940019970043757 0.09847574769092571
4 0.80624767911683 0.623446002355557 0.05468724212409235 0.08080023213953709
4 0.8380398130557538 0.6080752805836125 0.04703423879011233 0.06306592799249984
4 0.8305781283582258 0.5937783347306496 0.06482751666989942 0.0909954383600926
4 0.7612067618381074 0.4668733736091218 0.06833515394280312 0.09595634043361087
2 0.22364273108338245 0.590226584401343 0.048469193032477785 0.061640129029259326
4 0.969929218037327 0.3649131665400944 0.06014156392534602 0.15792866013203682
4 0.7803069324508101 0.643025770498844 0.04196410151720879 0.057968324882222075
1 0.115703716829379 0.2896592393495835 0.10235920970237725 0.15167866013203685