3 0.865178045280761 0.9743744920159342 0.1190454065339754 0.0512510159681316
2 0.05434947559778193 0.3963581744523217 0.07755141935425687 0.12396634890464338
4 0.6973183413946009 0.699836459421262 0.10411822745980874 0.1918358105039836
4 0.6857429865560366 0.6690721927282148 0.08718328453190338 0.16325616943775678
4 0.72374594664745 0.580455973607027 0.0555651033908223 0.0874378155185486
4 0.7997476745215434 0.6208967686716045 0.07871581306795061 0.1489663489046432
4 0.7825730988381989 0.8216863788590189 0.11116874813797324 0.20920516693047447
4 0.7625472733642515 0.4754789685924622 0.06119867328319835 0.10788670783841656
4 0.7816804170779452 0.501001805818623 0.04938787799792799 0.08881845909205772
4 0.794799001238345 0.5146467686716044 0.05102315260503385 0.09042642319868044
4 0.8315584466474497 0.5835929969639921 0.05302230024766885 0.09984688730530315
4 0.8325280953235424 0.6881668366974354 0.05578342721213971 0.09212531551854859
4 0.8266762016098486 0.6630304443775674 0.07708053846084476 0.14735838479802066
4 0.815766472702298 0.5293003020576993 0.04397263192686944 0.07305706677218975
2 0.0847989549196175 0.3800799565847753 0.06828342721213973 0.09248902837152988
4 0.8354068846129566 0.5322123533904828 0.04375430810555194 0.06836956677218975
4 0.8496363585581086 0.586459584190153 0.03877570967712849 0.06198317445232178
4 0.7681166848606257 0.6285585044858395 0.08413105913900906 0.16472774122451134