2 0.10093511677452453 0.7260548597529066 0.08863096878180676 0.12826855518880328
4 0.7588765584296713 0.5787774566572734 0.10136907095872516 0.1806598493799445
4 0.7382366762156861 0.567863267445154 0.09462799763774736 0.1661237526992924
4 0.7053844814804965 0.4749886832120566 0.059196439925866075 0.08863737012586874
4 0.7635764381965856 0.42329705126333306 0.060922631032858734 0.09344326929603194
4 0.9004390650530933 0.638592932386864 0.12121034500534193 0.21333063942190086
4 0.6662723630615094 0.3590434518833886 0.06621033175849825 0.11098596680652095
4 0.6970139315731638 0.36916473570156755 0.053001003628197194 0.0897262734452168
4 0.7142832771266601 0.37281087657336076 0.05623513103285873 0.09308807178554286
4 0.8069097759455337 0.4593063288577347 0.058070449544512924 0.10101897095570589
4 0.8518056136944818 0.4954340056222993 0.0609771947351895 0.09500576929603177
4 0.8217708841129017 0.4386153205593649 0.050729175497895795 0.06929537427505376
4 0.7407366497219983 0.3716986624661322 0.0478224303072194 0.0753085759347277
2 0.11376993347208028 0.6919642022843739 0.07040675843752049 0.09727866431700996
4 0.7521007356568477 0.36243040624235484 0.046096239200226916 0.07050267676456468
4 0.8040005415546304 0.3983096292726532 0.041190484390903406 0.06389747925407559
4 0.7741667086150057 0.36955674462463717 0.05774306733052796 0.0916439709557059