3 0.7779730815559136 0.08760899154436406 0.1246961631118273 0.05838606909549375
2 0.08207092043963773 0.6481663040925842 0.09303591041040422 0.1288900166698994
4 0.7134974127588916 0.47577892911683006 0.06272678413027996 0.08909419303247787
4 0.792820891712204 0.47603376275619136 0.0650173262236546 0.10172173879011233
4 0.7727604787415512 0.27845726108920144 0.07126732622365459 0.10223192182065048
4 0.7773162600292335 0.5836231221493079 0.06538134727034209 0.10797173879011232
4 0.789922675842484 0.5597710339680187 0.05656778939195171 0.09014651000193971
4 0.7978793890107809 0.5495350356350086 0.05987479991529554 0.09352660151720879
4 0.804002044441862 0.37431176609017125 0.06309080517696727 0.09534419303247788
4 0.8261647417545565 0.4344360651817857 0.053822220990217676 0.06970646424430522
4 0.8204901363799451 0.5506031991207094 0.04637374203690499 0.07531873545613248
2 0.11804621779468438 0.6650985836393614 0.0741193104386391 0.09779951333591956
4 0.8334759837914614 0.5065661566970547 0.05133425782192056 0.08038887272903601
4 0.8448461232963526 0.4748377956369483 0.04408319994353036 0.06269118969849785
4 0.8281668575113372 0.46881106518178567 0.05978379465362371 0.09196410151720862
4 0.6888089549228534 0.41233831138876387 0.06309080517696727 0.09534419303247788
2 0.4075244887001975 0.8426805471347603 0.045554694681858444 0.06125623545613266
4 0.7788824051487323 0.18332010427146045 0.11351501038216938 0.16010806576151387
4 0.8298728416557344 0.5381509965453339 0.03912268415851479 0.05762105242559432