2 0.07561626709994956 0.3334215746737724 0.0802880695619536 0.12114884134309048
4 0.7407927888914762 0.4910395534293137 0.060991766343644824 0.11311816534054522
4 0.7371157678562541 0.5612520560948139 0.05433757475773362 0.08493862133990877
4 0.810034097809768 0.6104986254375862 0.05063342055068922 0.0989465773392725
4 0.8954642273752942 0.39214007145126734 0.10671916560701078 0.20888519867918126
4 0.7266149464527152 0.6790026300922685 0.054304723768997934 0.1067954400063634
4 0.7523033613034213 0.666811712762541 0.04674359604505725 0.0879727146721816
4 0.7661473400160979 0.6638503447644502 0.04997785668871888 0.08957157733927232
4 0.8425680923618863 0.5734077054423586 0.05063342055068922 0.09894657733927233
4 0.8790083369140046 0.5363622387809948 0.05477461733238087 0.09118862133990877
4 0.8619572307294888 0.5939292907781313 0.04677644703379258 0.06611589600572695
4 0.7932507893956793 0.6384054494350407 0.03951025025210164 0.07383748933799979
2 0.09671537093867685 0.36723350067631777 0.06571211733238065 0.09131589067472694
4 0.809443871947083 0.6690378314369497 0.042198207677454656 0.06762385200509069
4 0.8530792574646939 0.6344179307765404 0.03852690445914604 0.05977498933799978
4 0.830155209694267 0.6638145294398132 0.051431096045057245 0.08802725867281787
4 0.762684214385844 0.48036568276572267 0.062193633423924054 0.13030566534054522