3 0.9777146112260073 0.8265625 0.04457077754798533 0.1125
2 0.0433435304882991 0.58671875 0.05741506933854177 0.1171875
4 0.7159069018792017 0.48203125 0.0363024823325695 0.0828125
4 0.7916329472820489 0.44609375 0.030379790653194405 0.096875
4 0.8588068359591325 0.68046875 0.06261302203583341 0.20625
4 0.7154685311538891 0.3625 0.03212412860909737 0.1046875
4 0.7400873246568753 0.3796875 0.028562717514930468 0.0859375
4 0.7527146112260074 0.38515625 0.031760452697291795 0.0890625
4 0.8207580560395143 0.4890625 0.03037979065319476 0.096875
4 0.8538257823881601 0.53359375 0.03644795269729144 0.0890625
4 0.8422511963321184 0.47265625 0.034267203647222286 0.0625
4 0.7776425292540281 0.415625 0.023584276785486226 0.0734375
2 0.06687129625586853 0.55703125 0.048875217514930624 0.0859375
4 0.7965191626127781 0.3875 0.02808993882958326 0.065625
4 0.8365817713702434 0.43046875 0.026345600873680652 0.0578125
4 0.8162686181598614 0.396875 0.033250217514930826 0.0859375
4 0.720941200416181 0.5640625 0.03583101006798621 0.1296875
2 0.236415504368403 0.2890625 0.029397865691319504 0.0546875
4 0.8296635434060768 0.63671875 0.05167421561506984 0.1390625
4 0.7343679207809032 0.5703125 0.032633274885625244 0.1265625