3 0.8751617000247439 0.9116178570365143 0.1027708751693421 0.11306360226293606
2 0.012549830394010359 0.504047150565734 0.025099660788020717 0.11746930113146803
4 0.6775419080744872 0.5220685019449076 0.0387150192218769 0.08301248789975162
4 0.7558683039360442 0.5037684747193486 0.03788950361804453 0.0970658975406721
4 0.7878298756236275 0.7438712999531177 0.06632212008095947 0.19251475292686618
4 0.7070390575540889 0.4065798573311019 0.03517393939369349 0.10486021682251274
4 0.7263689116925318 0.42544803199913694 0.031066293532136413 0.0860920361043536
4 0.7376372823393182 0.4341099596922341 0.03435506784239593 0.08923521682251274
4 0.799433518205824 0.5970190258508168 0.039042567842395924 0.08926248789975162
4 0.8026680608334493 0.5353002758508169 0.036087986205189895 0.06269089754067192
4 0.7598398309598372 0.42798722471934864 0.025723696291098365 0.07356476502711469
2 0.025686116859399616 0.47920168667008756 0.05137223371879923 0.08621021077238851
4 0.7867807892367231 0.46565539636232156 0.029012470601357875 0.07670794574527377
4 0.8080040140219525 0.49313095656897604 0.028029824739800802 0.05795794574527395
4 0.7941904975136092 0.5032099385167993 0.03575379353213641 0.0861193071815924
4 0.6733623411366025 0.5869077067653677 0.03748006784239592 0.0892533975406721
2 0.257456216644629 0.24688513212077384 0.03099105042954129 0.054851126463433174
4 0.8350833339005133 0.7816576462641257 0.0732405054270668 0.14569429508134402
4 0.7734110080290588 0.43744403795106523 0.02465916327441171 0.053252265027114734
1 0.02120001272095664 0.47133009933607006 0.04240002544191328 0.14557612041330897