3 0.7934136453294093 0.022496968346670105 0.11942270934118149 0.04499393669334021
2 0.037325087961501774 0.6274158879872912 0.07465017592300355 0.12329322402541756
4 0.6527949992839114 0.35259397687138205 0.06379087468172653 0.11202844155801354
4 0.6872239959420936 0.4144803222449994 0.05568747334499946 0.08689207386326192
4 0.7716171772756389 0.41144505114168106 0.05425224267981754 0.09780230032431159
4 0.7267244899745465 0.1747768940796664 0.11331925469445317 0.20662392126547413
4 0.7398939152610033 0.5197893851512128 0.05746814934754489 0.1056693474022122
4 0.7542564072645032 0.4937626733006596 0.04943747334499946 0.08678297970746059
4 0.7637586765993213 0.48266153206695755 0.052598836012090366 0.08996252678536117
4 0.7784671612826386 0.35977345698587965 0.05425224267981754 0.09780230032431163
4 0.7884603266231839 0.3064848157521777 0.05730451734563573 0.09160684740221221
4 0.8049569359484569 0.3655598068237239 0.04920111600890857 0.06647047970746059
4 0.772788778604412 0.4450115276027307 0.041479522676635835 0.07414661201270878
2 0.06671894991250402 0.6432357568998588 0.06826019867918123 0.0933602621748646
4 0.8022853746021849 0.4608995803626742 0.04453179734245403 0.06795115909060953
4 0.8185558119430482 0.4051580949731709 0.039771572008272305 0.061619338473758486
4 0.8157666192711848 0.4434802552815963 0.05414315467854473 0.08842730032431163
4 0.6623972659532293 0.33289908563768 0.06709768801718105 0.12770798863591432
2 0.3398190005570051 0.801716864044599 0.04129770934118149 0.05852161201270896