3 0.959008831252459 0.09306704832903241 0.08198233749508219 0.10981535178688592
2 0.0560135973055649 0.453700661558987 0.05161676634364491 0.11428267589344294
4 0.7404321559717552 0.4712543512182322 0.03380655347041035 0.08239600593149898
4 0.8196879672358357 0.4954465849066098 0.02552415990702741 0.09763900395433253
4 0.8461037297210826 0.2569769925112641 0.054828883676025696 0.20478034190105418
4 0.7619079542463854 0.58790068175058 0.027523702481674482 0.1039526709505271
4 0.7825810871661062 0.5698218438038584 0.02465007475773362 0.08513900395433253
4 0.7945894142696284 0.5622812578343033 0.027993596045057245 0.08839133794672147
4 0.868038349903455 0.40259324003980623 0.03268109604505724 0.08858233893530465
4 0.8668853953280934 0.4645348245264865 0.032276904459146036 0.06052100593149916
4 0.8162294674879371 0.569234253385679 0.020650989608439828 0.07251166996194378
2 0.08448815856964526 0.4799620726236823 0.04641581411407196 0.08446784190105419
4 0.8446222652583643 0.5383052469598884 0.026245425746469663 0.06339133794672147
4 0.8690541827069603 0.5067541580245838 0.022683383171822412 0.05701400395433272
4 0.8557893582013282 0.49632599399413885 0.03090007475773362 0.08539367193911022
4 0.7346959721795141 0.3892231012182322 0.030834372780262242 0.12901633794672146
2 0.3005166221991846 0.7234388641069945 0.027152361884498967 0.05408000494291585
4 0.8279764425943175 0.28905466346179115 0.04700567599857095 0.13746550790866544
4 0.7466496689612054 0.3809012652486771 0.027490851492938794 0.1257640039543327
4 0.8295817733041358 0.5585050004199295 0.019809755447881727 0.038200336958138334