3 0.8569101364894796 0.0766940633238127 0.11694527297895911 0.09762402286549077
2 0.06784735039682686 0.5721850240466171 0.07020997532299773 0.12249504809323426
4 0.6994025293004806 0.35571189681159143 0.09659080505721711 0.19357143992586626
4 0.6887549259689931 0.3841816371929446 0.07906334361388012 0.16333830290255769
4 0.7298688841731278 0.47837807049538883 0.052281995681063266 0.0860119110699257
4 0.805109913630492 0.44826647376076617 0.07191217766703631 0.14905754809323427
4 0.7795930721760802 0.24470496414211934 0.10237973010335963 0.21092263103285874
4 0.7743779526485802 0.5890625993513294 0.056808809376153846 0.10799603847458741
4 0.7923571946290158 0.5655258956304652 0.04466975478036197 0.08886409255827132
4 0.8048374082318211 0.5534896871002773 0.04789488433001132 0.09053571996293322
4 0.8389632819213745 0.4899827478073833 0.04849566162790708 0.09991071996293321
4 0.8353796020948699 0.385404375212045 0.05268251387966032 0.09226191106992569
4 0.8306816101144344 0.4094048704027216 0.07181204811738695 0.14749504809323427
4 0.8243488718346267 0.5416990152305784 0.0405434592838688 0.07312996515360978
2 0.09805528454226804 0.593506952539738 0.06518251387966063 0.09269842068857255
4 0.844611307059802 0.5416270933608797 0.04024307063492074 0.06844246515360979
4 0.8560506523717251 0.48902044853302273 0.03661742288667398 0.0605208377489479
4 0.7723276920081221 0.4354291678629837 0.07770110271317865 0.16640873920022675