2 0.10235036319675332 0.687938788878472 0.08281010487264706 0.12843664976444433
1 0.8222635425618325 0.6841122194163873 0.1261176187523077 0.2223424746466664
4 0.7725057695828732 0.5865345903871282 0.07816217766703612 0.15288984561740726
4 0.7350267535437442 0.5350896675784246 0.08022532541528271 0.16083904665416657
4 0.8019546352528619 0.5005478637142116 0.07473678901808825 0.14792894354388864
4 0.9057478685954241 0.6533495264381465 0.08481269586563371 0.15968664976444416
4 0.6918205667774096 0.3821505952881005 0.06149630937615384 0.11103453628657398
4 0.7222089736249547 0.39568541498652643 0.04935725478036197 0.09132762902925914
4 0.738084297499078 0.400958675354119 0.05258238433001132 0.09316353110277778
4 0.8104890260612783 0.46400477097152637 0.05318316162790744 0.1025385311027776
4 0.8697626989479523 0.5282326577764799 0.05580751387966032 0.09499943317629622
4 0.8441328408361028 0.46772509326185024 0.05434514342931003 0.09642523213953709
4 0.8281876657899604 0.4492389334126374 0.0421059592838688 0.07515582488222208
4 0.7674411304725 0.41051889453416524 0.043668459283868796 0.07529252591898139
2 0.11985923580657235 0.6459659023563424 0.06830751387966064 0.09609304147037019
4 0.7842583906515328 0.39412220645689666 0.04336807063492074 0.07060502591898139