3 0.9220929764308607 0.8563763660135046 0.08158394789030439 0.1082579275949012
2 0.013246900952404031 0.5618687409248138 0.026493801904808063 0.11434430113146803
4 0.682508361458102 0.49707304712444744 0.035034279569504535 0.0814318071815924
4 0.7588183043860075 0.4693843843602691 0.0325642510334573 0.09547612646343318
4 0.8206675252307877 0.7018383360574714 0.05575350206691461 0.1908977107723885
4 0.6973778442945943 0.3791588392789251 0.028313398676092484 0.10482385538619425
4 0.7184887109199828 0.3956923543060398 0.0258776033908223 0.08606476502711465
4 0.7314424751880064 0.4028008723582165 0.029075377997927986 0.08764544574527382
4 0.8141543136916324 0.5564485680052945 0.03376287799792799 0.0876727168225127
4 0.8092164106723138 0.4946843662098964 0.03252570967712849 0.0611102168225127
4 0.7521552355270886 0.3943252970262515 0.022097631926869355 0.07198408430895542
2 0.026709971673349698 0.5338937318496274 0.046117328783716306 0.08462043969514958
4 0.7841843314743127 0.4281144897464634 0.02536818114108108 0.07512726502711468
4 0.8088375750641719 0.45248323067127705 0.024567660462916762 0.05793976502711473
4 0.7957917655108779 0.4641292577986401 0.030565103390822124 0.08609203610435348
4 0.686519465263209 0.5619577037403056 0.03227315260503403 0.08922612646343317
2 0.22859791914936908 0.27640446047780093 0.02747433664159917 0.05327044574527395
4 0.8730818957851174 0.7341832034457181 0.06450776385373871 0.14408634328594588
4 0.7674527497951122 0.4014474506170478 0.02115156203449331 0.051671584308955375
1 0.011385821237674319 0.5478016957452739 0.022771642475348637 0.16116475897699054