3 0.9605950516954109 0.15021674813013036 0.07880989660917806 0.10721361067790855
2 0.04577715032872229 0.44638465133672706 0.05218754631872759 0.11460794000636336
4 0.728938560791639 0.5121151220957684 0.033471779569504534 0.08159544533736351
4 0.8051393418088857 0.5387690761059497 0.031001751033457127 0.09562158267027243
4 0.8646469667064418 0.34113155478194923 0.047863919354256976 0.12236589600572705
4 0.7453341563245783 0.6294298914305865 0.026750898676092483 0.10494203866963617
4 0.7671898856464139 0.6125060207669953 0.024315103390822303 0.0861738573360908
4 0.7793987872179905 0.6064014714353589 0.02751287799792799 0.0877727200031817
4 0.8589128511145105 0.4527230354471311 0.032200377997927986 0.08782726400381798
4 0.855501060791639 0.5135878101129494 0.03252570967712849 0.06128294533736352
4 0.8008564102535198 0.6144594194382225 0.020535131926869354 0.07207499466899989
2 0.07286834325662772 0.4748096433402269 0.04448205417661044 0.0832852146721816
4 0.831286618897191 0.580457136775904 0.023805681141081437 0.07523635733609062
4 0.8559034751834972 0.5557571287794039 0.023005160462916764 0.05804885733609062
4 0.8428940529337561 0.5446741781110404 0.02892982878371626 0.08466590133672706
2 0.2792618542148825 0.7317607193666349 0.02747433664159917 0.053415901336727065
4 0.9146426586008898 0.2745622201224943 0.06287248924663302 0.14284202800763596
4 0.8153362872179905 0.6068196421069041 0.02115156203449331 0.051780676002545434
1 0.11404130686269758 0.5205766766788631 0.035655017782680334 0.12847044533736351
1 0.0478148393276863 0.49013465133672707 0.03434507485477487 0.10034544533736352