2 0.3421005157686106 0.669703364609166 0.032522994985435094 0.046484020735185184
2 0.2969220595795467 0.7506902329880087 0.027744566772189748 0.04294891762490742
2 0.34737670064577353 0.7706896661643049 0.03243206677218975 0.04335902073518518
2 0.2199851380302189 0.8382497301132867 0.04221624373179385 0.0582417269557407
2 0.3201837148315385 0.8002602975026383 0.03596624373179384 0.05769492280870381
2 0.18007788888814874 0.6718927067862034 0.02452863855894436 0.0395505155513888
2 0.03698242141631379 0.8424998582940741 0.02622753087881239 0.04437471658814829
2 0.747782214435827 0.6857143841665726 0.027790030878812468 0.04451141762490742
2 0.814779497821922 0.711836678228841 0.032477530878812555 0.04492152073518518
2 0.7880471647523962 0.8108018585304151 0.024665030878812465 0.0442380155513888
2 0.6306736192921074 0.571047708483147 0.025954746239076343 0.034999716588148114
2 0.4964122795586642 0.563197669321851 0.034040030878812466 0.045058221771944316
2 0.06610162008353027 0.8255659279924998 0.02935253087881238 0.044648118661666555
2 0.03265731960867658 0.6402928093308333 0.027608174452321665 0.03826141762490742
2 0.5253245412371467 0.6194961874651379 0.032750315518548415 0.054296520735185184
2 0.6447732232113157 0.6003346672956006 0.019704746239076344 0.03445291244111104
2 0.6273727745440992 0.6182938553728692 0.021221782132453626 0.03302711347787035
2 0.843191654327555 0.7509476963721281 0.025954746239076343 0.034999716588148114
2 0.6898991697669612 0.7585763942513413 0.0307331744523216 0.03853481969842587
2 0.6650953980593488 0.7899145771448136 0.02443771034569906 0.0364255155513888
4 0.8722366451563548 0.6779004671073132 0.02967077962517095 0.05558561866166656
2 0.8499608283841653 0.6354300031110632 0.024619566772189926 0.0426755155513888
4 0.4058735107540457 0.7189214060795364 0.04106292069139794 0.07216752591898139
2 0.48412053120801685 0.7031685584358788 0.03573892319868044 0.04988242280870363
4 0.4052584306540209 0.4835307102265733 0.02163095909205772 0.04708961347787035
4 0.3876617536944167 0.46796449882222146 0.02305706677218975 0.042538814514629666
4 0.39512491270733213 0.4834234034876381 0.02801735141192587 0.05232391762490742
4 0.45558503958779395 0.47234849392124917 0.026454851411925873 0.05218721658814811
4 0.4740849870013692 0.46539515636236023 0.024846887305303156 0.0504880155513888
4 0.43950539852156717 0.4553564835536566 0.02287521034569906 0.03628881451462966
4 0.5012241485215672 0.4607561745056472 0.029716243731793667 0.05714811866166656
4 0.36287836553118374 0.5803476301605549 0.029670779625171128 0.05558561866166656
4 0.3575339844940868 0.47701757860541605 0.03284124373179385 0.05742152073518518
4 0.266179210279192 0.5243526169182402 0.026454851411925873 0.05218721658814811
4 0.30609951662654045 0.503688093873981 0.027835494985435093 0.04607391762490742
4 0.2815768897460786 0.5179071272858329 0.024710494985435004 0.045800515551388796
4 0.9487573442192829 0.8170695653166187 0.024483174452321777 0.037988015551388796
4 0.9616461376345076 0.7511807251658315 0.024755959092057724 0.0473630155513888
4 0.9549414965682808 0.7350089210187944 0.024892351411925872 0.0520505155513888
4 0.9942574315119506 0.6781724521215722 0.011485136976098787 0.042538814514629666
4 0.9675036810497323 0.6846767303496277 0.01648881802583091 0.031054510367592592
4 0.9680887027573446 0.651219681386387 0.019704746239076344 0.03445291244111104
4 0.952963807930194 0.6670401710187945 0.024528638558944493 0.0395505155513888
4 0.9455066605957612 0.7053508153166186 0.024665030878812645 0.0442380155513888
2 0.9159388325408002 0.7604292945814335 0.03555706677218993 0.04363242280870363
4 0.8548863576136249 0.5368947582948594 0.02323892319868044 0.048788814514629665
4 0.5535665838609486 0.2510387133841193 0.027790030878812287 0.04451141762490742
4 0.5660438518076372 0.25135107167819337 0.024528638558944316 0.0395505155513888
4 0.5877824594877692 0.24857738619282294 0.024574102665567032 0.0411130155513888
4 0.5322455133278352 0.24138074938786938 0.022647889812585476 0.028476314514629664
2 0.8892817411580044 0.6209471295484242 0.014653533386094963 0.02154280933083328
4 0.11856607587688273 0.5932605673893516 0.045977741224511356 0.08039012902925916
2 0.2522962181967508 0.6096360060322681 0.035466138558944316 0.04050742280870363
2 0.3657282323825157 0.6515097306789345 0.027880959092057723 0.047636417624907425
2 0.5523440308123054 0.5571814066451841 0.029216138558944317 0.03996061866166656
2 0.6984605128656167 0.5707442035821746 0.01786946159934022 0.024941211404351904
4 0.9024172048024088 0.9384763821403223 0.03637542069139812 0.07175742280870381
4 0.935004732778227 0.8532709054674058 0.031005959092058076 0.047909819698426045
4 0.9810409953146394 0.7482019881253222 0.026454851411925516 0.05218721658814811
4 0.9792678951563548 0.6872644881253223 0.02774456677218993 0.04294891762490742
4 0.9973453275927424 0.6225376067869888 0.005309344814515171 0.04240211347787035
4 0.9887473974990352 0.645252645382637 0.022505205001929696 0.03785131451462966
4 0.5566725149771878 0.3845641128657397 0.026182066772189573 0.042812216588148114
2 0.436491710279192 0.5392530299249991 0.026091138558944314 0.03968721658814811
2 0.7567182598961159 0.9124819357217117 0.03417642319868044 0.04974572177194432
2 0.7760532816037282 0.8806652991995818 0.02443771034569906 0.0364255155513888
2 0.794970766164322 0.8612803121590726 0.026136602665566853 0.041249716588148286
2 0.47537733168287044 0.8847507491050454 0.02944345909205772 0.04777311866166656
2 0.7045082728947466 0.4839960592843505 0.021221782132453626 0.03302711347787035
2 0.5603180036944166 0.4830699633841193 0.026091138558944314 0.03968721658814811
2 0.5896046869222269 0.44511063360092484 0.01630696159934004 0.02480451036759259
2 0.5825473225116704 0.8185385716781933 0.030915030878812467 0.04478481969842605
4 0.46676658049573627 0.42812960221532315 0.029125210345699058 0.036835618661666555
4 0.4448223504874889 0.7184326819985177 0.0329321719450391 0.06054652073518518