2 0.3725222347141418 0.30591809036565276 0.023530341901054186 0.041643844499482
2 0.34213971494247836 0.21340525868645238 0.02027800790866543 0.03837329528527027
2 0.3943242974519924 0.20706105934840613 0.026464340912470963 0.037101893713693726
2 0.28140119171077377 0.10586889454226323 0.03328734387822054 0.051455492142117164
2 0.37248378954332695 0.17050712924078232 0.025538510874414923 0.05265411910658786
2 0.21648314034162972 0.26074263916557977 0.01708934091247105 0.03666524607105863
2 0.10154259536109529 0.05241006244877805 0.026528007908665385 0.03866439371369372
2 0.7684170079458464 0.3978443012856355 0.018842841901054185 0.04142552067816441
2 0.8377572569572631 0.3899183312694249 0.025029174904859987 0.04015411910658786
2 0.8272097347141418 0.2847406796978483 0.017280341901054187 0.041352746071058634
2 0.6379429407593717 0.4806290301931863 0.01995967292769336 0.030560795285270358
2 0.5061053503411922 0.4531119598865255 0.02652800790866543 0.03866439371369381
2 0.12993685079830275 0.07691775682442555 0.021904174904859807 0.04000856989237613
2 0.06822205387778302 0.2527760895370833 0.021649506920082207 0.033758569892376133
2 0.5424765904553605 0.4044539820124319 0.023848676882026253 0.04945634449948209
2 0.6549248523183586 0.455573372211469 0.012274506920082117 0.033321922249741044
2 0.6414698473754428 0.4327180690683159 0.01677100593149916 0.028852746071058633
2 0.8717038340295697 0.3585934026095431 0.01995967292769336 0.03056079528527027
2 0.7241311556646689 0.3098926910703878 0.024774506920082116 0.03390411910658786
2 0.7046025642579063 0.27244834905210513 0.018460839923887917 0.032050520678164496
4 0.8882639343335811 0.43844356844914323 0.01928851087441501 0.05236302067816432
2 0.8600089417479548 0.47498253598415463 0.017216674904859987 0.03979024607105863
4 0.44243814528454556 0.2737005957423363 0.02767401384016459 0.06678939371369372
2 0.5159366536875025 0.3101967138154668 0.026782675893442943 0.044914393713693726
4 0.4049858607213156 0.507133833955512 0.01278384288963732 0.04582192224974104
4 0.38508719619657905 0.5182361538478881 0.01565417490485981 0.03971747146395259
4 0.394734110227024 0.5052631189017001 0.017598676882026165 0.049165246071058634
4 0.45216194965662027 0.5315494830458892 0.016099843878220454 0.05065497146395277
4 0.46907753562617527 0.5432853496712777 0.0159725098858317 0.04752997146395277
4 0.43388945212807817 0.5441415283311596 0.016898339923887916 0.03197774607105863
4 0.4938374550938276 0.555438593261137 0.01935217787060921 0.05392552067816432
4 0.3786860044858053 0.39955892845499397 0.01928851087441492 0.05236302067816449
4 0.3577606922422464 0.5007233221686878 0.02397601087441492 0.05258134449948208
4 0.2766115099230128 0.4301433025239806 0.016099843878220454 0.05065497146395277
4 0.31229168334499785 0.4605735111676518 0.020469008897248564 0.04306079528527036
4 0.29033842889637357 0.44046221836358085 0.015781508897248563 0.04284247146395259
4 0.8955817554372075 0.005113261581936498 0.01616351087441501 0.010226523163872996
4 0.9074105933839289 0.015405425457065997 0.016099843878220454 0.030810850914131993
4 0.9844611606075848 0.3212496062908155 0.017025673916276674 0.035102746071058635
4 0.9864812584401381 0.3900359935943684 0.014346342889637497 0.045894696856846905
4 0.9776474279077902 0.4037538912370035 0.01609984387822081 0.05065497146395263
4 0.981406439276497 0.45758736662989763 0.01208350593149916 0.028634422249740867
4 0.9773065296946764 0.49143582775476824 0.012274506920082117 0.033321922249740864
4 0.964728275246052 0.47088788730806214 0.017089340912470875 0.03666524607105863
4 0.963104766843095 0.4310441373080621 0.017280341901054187 0.041352746071058634
2 0.9433387534972223 0.36856340798622655 0.028026840912470874 0.03717466832079959
4 0.8491762125082015 0.5741113947516603 0.014410009885831698 0.047457196856846906
4 0.5122850020515284 0.7776581956185018 0.018842841901054185 0.04142552067816432
4 0.5249441695420144 0.7809822487616549 0.017089340912470875 0.03666524607105863
4 0.5448574215191808 0.7894475661728316 0.01715300790866543 0.03822774607105863
4 0.49053733604391725 0.7818020401179838 0.01814250494291585 0.02423802067816432
2 0.8954662806832594 0.49994399462782574 0.011701503954332537 0.019259422249741042
4 0.1438388192008222 0.3220483203066609 0.03111734882113639 0.07474744292790544
2 0.27613932463802965 0.3417165033097689 0.029462006920082207 0.03412244292790545
2 0.3930721566532521 0.3300084077768296 0.018970175893442943 0.04455052067816441
2 0.5593722717860109 0.47333026054847915 0.021713173916276675 0.035321069892376045
2 0.7028649452079959 0.4987390213018461 0.013391337946721472 0.022457196856846905
4 0.9579238824329643 0.18863831348674456 0.022986513840164237 0.06657106989237613
4 0.9773689022046277 0.28166056741568596 0.023594008897248386 0.043206344499482
4 0.9980004192390972 0.39779283561265105 0.0039991615218056605 0.049165246071058544
4 0.9918996344101305 0.45778641977305085 0.01620073117973888 0.03837329528527036
4 0.993619972603998 0.5023176697730508 0.012760054792003928 0.035102746071058635
4 0.5366563078692967 0.6458067280834905 0.01877917490485963 0.039863020678164315
2 0.44376451783167814 0.4599291941707597 0.018651840912470873 0.03673802067816449
2 0.8125649614824372 0.17505746464403638 0.025220175893442942 0.04484161910658786
2 0.8265929693911026 0.2119752677871895 0.018460839923887917 0.032050520678164406
2 0.8416741413302129 0.23632029632323678 0.01871550790866543 0.038300520678164404
2 0.5358950321289532 0.12767315819111436 0.022031508897248565 0.043133569892376135
2 0.6947115469948818 0.5867848308551402 0.01677100593149916 0.028852746071058633
2 0.5546476211014388 0.5494753835840085 0.018651840912470873 0.03673802067816432
2 0.5776195474891734 0.5945866763880794 0.01182883794672147 0.022384422249740864
2 0.6297498028891998 0.22192611828252753 0.02346667490485981 0.040081344499481995
4 0.45563445954245196 0.5783517084387834 0.02308467292769336 0.030706344499482084
4 0.4796662312541008 0.2844903924753487 0.021042011862997968 0.05712329528527036