2 0.44163290869324656 0.7053649788933865 0.02926599784053181 0.042651150162155815
2 0.43304725554632917 0.8027621302733581 0.024378238741233106 0.03944432954530477
2 0.4850405521225564 0.7982070438281945 0.030528109191583754 0.03799092370110611
2 0.4047196013196775 0.9208848388775003 0.039341904688076926 0.05375229139585791
2 0.4743626704134388 0.8386002187471167 0.031529404688076926 0.05361592370110628
2 0.3036706361757126 0.7809944500794301 0.021153109191583752 0.03782728246740419
2 0.2448823288021436 0.9944278843338431 0.029026165946843818 0.011144231332313837
2 0.7920870843576979 0.53589755316039 0.02457849784053163 0.04256932954530477
2 0.861167751384276 0.5300799756436801 0.029165868290882458 0.041088650162155814
2 0.8803764312107806 0.6349856639552829 0.02145349784053181 0.042514782467404186
2 0.6434202444444457 0.4810173640380085 0.023877590992986343 0.03163182954530477
2 0.5251499082318212 0.5351400279998819 0.030628238741233105 0.03955342370110628
2 0.26721840375600103 0.9793540836024945 0.02760336829088237 0.041061376623205345
2 0.1594490692414196 0.8198369874180983 0.025640350092285047 0.03478410308425524
2 0.5729656469730543 0.5749934606294418 0.02976664558877822 0.050463650162155815
2 0.6730471876891855 0.5049457877391145 0.016165220542635694 0.03305796185055314
2 0.660386501384276 0.5265753258885615 0.019089961443337168 0.02998750892845372
2 0.9016821298541912 0.5534180641174387 0.023877590992986343 0.03163182954530477
2 0.7739762368863066 0.6307873133066598 0.028765350092285046 0.034838650162155815
2 0.7743860495016628 0.6737151529982344 0.022415220542635693 0.0331670560063543
1 0.26127358265965495 0.7404552248361966 0.02664164558877822 0.05040910308425524
1 0.2284296067183483 0.8124569099013884 0.026942034237726276 0.055096603084255236
2 0.8633729966039141 0.4427163433384319 0.021353368290882458 0.04095228246740401
4 0.5130468337393891 0.7237797881461516 0.037118070634920744 0.06776024431795716
4 0.5579087507659672 0.7175394707757115 0.027142293337024982 0.05822160308425506
2 0.5738050586009614 0.6733355032431156 0.03259125693983034 0.045830697240056395
4 0.41299106723883483 0.501967243503883 0.01852875693983016 0.04558523538950343
4 0.39071554904023753 0.4953354139585782 0.019690738741233105 0.03936250892845372
4 0.40313520588778273 0.5064774655007057 0.02341651603912891 0.04879205600635448
4 0.4449128932724264 0.4642860113607904 0.02195414558877822 0.050327282467404186
4 0.4607591363325961 0.4193007938281945 0.021753886489479513 0.04720228246740401
4 0.42981881939830313 0.46012066274076224 0.020852720542635695 0.03313978246740419
4 0.42609184453673077 0.5115604318154856 0.02684190468807692 0.053534103084255234
4 0.44731600246401015 0.5017860113607904 0.01959060919158375 0.03780000892845372
4 0.4377605297619061 0.5109837333576133 0.018428627390180984 0.044022735389503256
4 0.49018582047803727 0.4401042175293006 0.025279404688076924 0.053506829545304765
4 0.4217628948135859 0.6144945170428333 0.025279404688076924 0.053506829545304765
4 0.36184767427095016 0.5806728961016707 0.029966904688076924 0.05358865016215582
4 0.31105593229051465 0.6039779825468343 0.021954145588778305 0.050327282467404186
4 0.33594650832410633 0.5661740194784652 0.026241127390180984 0.04415910308425523
4 0.33834961751569 0.6036740194784652 0.023516645588778216 0.0503545560063543
4 0.32114233111849544 0.5908876473194867 0.021453497840531632 0.042514782467404186
4 0.9971409187984502 0.49902266476606183 0.005718162403099569 0.04561250892845372
4 0.9904403358250281 0.4870993632239342 0.019119328349943742 0.050327282467404186
4 0.9949031431201554 0.413880051535537 0.01019371375968916 0.03936250892845372
4 0.9806408397563686 0.43383799552918256 0.014402461443336989 0.029905688311602674
4 0.9513340715577716 0.42708343505860125 0.016165220542635694 0.03305796185055314
4 0.959797413630492 0.43737605275335295 0.021153109191583752 0.03782728246740401
4 0.9652754580472511 0.4741493498312536 0.02145349784053181 0.042514782467404186
2 0.9688801218346267 0.5303993498312536 0.023677331893687637 0.028506829545304768
4 0.8213275940753053 0.34677655194257406 0.02019138648947987 0.04717500892845372
4 0.4414422301033597 0.21528544967239313 0.02457849784053163 0.04256932954530477
4 0.4520292766795871 0.2100076144450455 0.021153109191583752 0.0378272824674041
4 0.4691969902823924 0.19782126014297444 0.021253238741233103 0.0393897824674041
4 0.4188360448781844 0.21567123335761323 0.02035207279438911 0.0253272824674041
1 0.17709673272425336 0.3402137171255588 0.01939035009228505 0.034675008928453724
1 0.19240155767811085 0.3233125892845374 0.022214961443337077 0.030042056006354477
1 0.2086075485788122 0.320473961443516 0.016165220542635694 0.033057961850553055
1 0.2993140892949434 0.2502626473194867 0.019290220542635694 0.03311250892845372
1 0.3134569324473982 0.23958424593951494 0.017827850092285047 0.03464773538950343
2 0.8894453408361029 0.411176017039538 0.013801684145441228 0.020530688311602673