2 0.34082859284234296 0.5977281431665284 0.034922963606069855 0.04818322177194432
2 0.2899253724118475 0.6837626794531023 0.03001713978475227 0.04308561866166656
2 0.3392725550006707 0.6990561973135654 0.03626713978475227 0.04363242280870363
2 0.20650075040977556 0.7789179375116206 0.0463698858558109 0.06007762902925915
2 0.310186522535682 0.731409367530371 0.04004711124870504 0.057968324882222075
2 0.17765650475300174 0.6143571515078706 0.026746590570540584 0.03968721658814811
2 0.7478427262169545 0.5785921236091218 0.031725188998963996 0.04634731969842587
2 0.8131423945377542 0.5995498811019923 0.036412688998964084 0.046757422808703805
2 0.7794095574818701 0.7005553065025941 0.02852741439185813 0.04451141762490742
2 0.6386239298982268 0.47362024255361224 0.02816354135632899 0.03669891762490742
2 0.5038850568626976 0.4775640317149083 0.03633991439185813 0.04519492280870363
2 0.052793553552928696 0.7798146391140278 0.033214914391858155 0.04492152073518518
2 0.03710212530733167 0.5944922937794445 0.020496590570540586 0.039140412441111036
2 0.5283799427185085 0.5319002172002787 0.03677656203449331 0.05456992280870363
2 0.6501265101296851 0.5016379358146772 0.021840766749222952 0.03458961347787035
2 0.6322134181114025 0.5212470982557882 0.024892992142117265 0.0333005155513888
2 0.8391441224118475 0.6357122650322238 0.02816354135632899 0.03669891762490742
2 0.6848204954473769 0.6570581676713901 0.03299659057054054 0.040234020735185186
2 0.6573697375894939 0.6908371368514364 0.02816354135632899 0.03669891762490742
4 0.8740413531814252 0.559706839631622 0.033724336641599 0.055859020735185186
2 0.854107688789567 0.5190914015543534 0.028454639784752444 0.04294891762490742
4 0.4017511302697304 0.6426018542880563 0.046952082712657675 0.07257762902925916
2 0.4814921341986718 0.6199367508949546 0.039756012820281586 0.051718324882222076
4 0.4173610519002988 0.40512168666314896 0.025547963606069857 0.0473630155513888
4 0.4010083058292403 0.3908636970307414 0.026892139784752266 0.042812216588148114
4 0.40720480190029884 0.40601024340208414 0.03201628742738745 0.05259731969842587
4 0.46919537965055785 0.3896047019317138 0.030453787427387448 0.052460618661666555
4 0.48839914391858147 0.38086468897222314 0.03030823821317572 0.04933561866166656
4 0.4535874962759463 0.37449711178092676 0.02503854135632899 0.0364255155513888
4 0.5155245700972639 0.37378492082893616 0.033797111248705033 0.05742152073518518
4 0.36796682754086196 0.5067128724313432 0.03372433664159917 0.055859020735185186
4 0.36941370347187547 0.4030410682843062 0.03848461124870504 0.05783162384546294
4 0.27472194168505115 0.4583915325633801 0.030453787427387448 0.052460618661666555
4 0.316744621792675 0.4343197540525006 0.03179796360606986 0.04790981969842587
4 0.2908370932566277 0.45070617167740784 0.028600188998963993 0.04607391762490742
4 0.9414557932138464 0.6934379991980111 0.026673815963434676 0.038124716588147936
4 0.9586753724118475 0.6252546357201407 0.028672963606069857 0.047636417624907425
4 0.953260126340789 0.6100397388304184 0.030453787427387625 0.052460618661666555
4 0.9947507666445246 0.5484973546173629 0.010498466710950893 0.0426755155513888
4 0.9696449516098486 0.5576180763893074 0.020132717535011224 0.031327912441111036
4 0.9728041848606257 0.5243954732790296 0.021840766749222952 0.03458961347787035
4 0.9555631809316842 0.541592535201761 0.02674659057054072 0.03968721658814811
4 0.9456274088057777 0.5808990429774555 0.02852741439185813 0.04451141762490742
2 0.9122370200544827 0.6387306668229182 0.03790241439185813 0.045331623845462944
4 0.8659655258454511 0.4199997906683812 0.02718323821317554 0.04906221658814811
4 0.5831529100486319 0.15842446950935293 0.031725188998963996 0.04634731969842587
4 0.595652910048632 0.1573308612152789 0.02674659057054054 0.03968721658814811
4 0.6174187481379732 0.15307329670064931 0.026819365177646402 0.04124971658814811
4 0.562367375102444 0.15004533298722328 0.02474744292790554 0.030175515551388844
2 0.8948225800220614 0.5006250740802332 0.016571069892376045 0.021679510367592414
4 0.12089277439770889 0.5408799867576853 0.05200345574818702 0.08080023213953709
2 0.25446940777232036 0.5456666486331485 0.037756865177646405 0.04220662384546294
2 0.36655418486062563 0.577435475541621 0.03179796360606986 0.04790981969842587
2 0.5606252084342742 0.46632444387319544 0.03143409057054072 0.04009731969842587
2 0.7065926798982268 0.4676737474545846 0.01991439371369381 0.02664041244111104
4 0.8861219379609974 0.819081839631622 0.043827082712657985 0.07230422695574071
4 0.9251244718737283 0.7301663111207425 0.034922963606069855 0.04818322177194432
4 0.9780974605011888 0.62120212276065 0.03201628742738762 0.05259731969842587
4 0.9807280008240603 0.5597861691319925 0.03157963978475244 0.04322231969842587
4 0.990153157877019 0.5170812592827796 0.019693684245962118 0.03812471658814811
4 0.5768387516526298 0.29233057780342697 0.030017139784752445 0.04308561866166656
2 0.44494455045255676 0.45840322007500073 0.029944365177646405 0.04152311866166656
2 0.7411711569437508 0.8058770850134735 0.038193512820281585 0.05158162384546294
2 0.7623719148016337 0.7726449199804643 0.02816354135632899 0.03669891762490742
2 0.7833372322128105 0.7511998554658348 0.030017139784752445 0.04308561866166656
2 0.45939246401584544 0.80228992111176 0.033360463606069854 0.048046520735185186
2 0.7181786892038519 0.3795879870869921 0.024892992142117265 0.03330051555138889
2 0.573574664596746 0.3906703329872233 0.029944365177646405 0.04152311866166656
2 0.6062394613297583 0.35094416017851965 0.01827911910658777 0.024941211404351814
2 0.5727421805173993 0.7264806938731955 0.03485018899896399 0.04662072177194432
4 0.4835639406515938 0.3444193410457416 0.03128854135632899 0.03697231969842587
4 0.44077724296617743 0.6384030783690748 0.03706766046291676 0.06081992280870363