2 0.35075427822074656 0.3512160245932803 0.032491127390180986 0.0439227168225127
2 0.30144708821520927 0.2647518046475096 0.027503238741233015 0.039207945745273955
2 0.3505459222683654 0.2503984131569618 0.03375323874123311 0.0392443071815924
2 0.21857642658730203 0.16675973224241086 0.04256703423772625 0.054914758976990455
2 0.3218306369509049 0.2169591992613153 0.036317034237726274 0.05487839754067201
2 0.18758364975083142 0.3295006267580207 0.024278109191583706 0.037627265027114644
2 0.030936724243263564 0.14127898497288535 0.03385336829088235 0.04080680718159235
2 0.7583257487633823 0.38166957641211946 0.02770349784053181 0.04233294574527387
2 0.824361758942415 0.36330994097169594 0.03239099784053181 0.042360216822512696
2 0.7920220234403846 0.2611161818965096 0.026140997840531456 0.04232385538619425
2 0.6475966047157635 0.4831326033430908 0.025540220542635696 0.032948855386194256
2 0.5126708921926924 0.47532062422393795 0.03385336829088246 0.040806807181592394
2 0.06426965838870473 0.1614051326117532 0.030828497840531672 0.042351126463433086
2 0.040778500922850645 0.3436409156910446 0.028865479641934377 0.03609203610435348
2 0.5381727375046154 0.42202745258096497 0.03299177513842757 0.0517352168225127
2 0.6599068375969004 0.45570704011137425 0.019290220542635694 0.03291249394987581
2 0.6414176534514592 0.43549453406125005 0.02231509099298634 0.03136817466803503
2 0.8510150940753054 0.327985519328723 0.025540220542635696 0.032948855386194256
2 0.6961878917312669 0.30231387451852554 0.0304279796419344 0.03610112646343318
2 0.6689850416389819 0.26808432026379936 0.025640350092285047 0.03451135538619425
4 0.8848276920081222 0.4043798476857501 0.029966904688076924 0.05327953610435347
2 0.8639434955241798 0.44435995307194426 0.024478368290882457 0.04075226502711473
4 0.41211328038021494 0.308655819871016 0.04190570018457009 0.06896816861791084
2 0.49184035317460406 0.33320130191703506 0.03581638648947951 0.04706589754067192
4 0.4256703423772624 0.5446024102300956 0.021653756939830338 0.045421584308955334
4 0.4086027583241063 0.5587694493595111 0.02291586829088228 0.04074317466803503
4 0.4146827776024377 0.5438847927436529 0.028204145588778217 0.05014544574527378
4 0.47755301742340495 0.561494473560008 0.02664164558877822 0.05013635538619425
4 0.49612254472130085 0.5707649344305924 0.024979016039128867 0.04856476502711473
4 0.4613167481450735 0.5764382175098838 0.022515350092285048 0.03449317466803503
4 0.5232357572443721 0.5792041483262389 0.030067034237726276 0.054842036104353654
4 0.37692435687523185 0.44250409992524525 0.029966904688076924 0.05327953610435347
4 0.3780641571520871 0.545660916182024 0.03309190468807692 0.0532977168225127
4 0.2836842990402375 0.4875944070086417 0.026641645588778306 0.05013635538619425
4 0.3243488718346267 0.5123671480316513 0.029366127390180984 0.04390453610435348
4 0.29907876156330876 0.49610179859738535 0.024678627390180986 0.04387726502711473
4 0.9538106246124037 0.273461124911309 0.0241779796419344 0.03606476502711464
4 0.9706662600221492 0.34135715203867206 0.024778756939830514 0.045439765027114644
4 0.9645862407438178 0.35624180865453037 0.025079145588778218 0.05012726502711473
4 0.9797093954318947 0.4092986309614332 0.01752746144333699 0.02977840359079611
4 0.9826434307493551 0.4428878357818934 0.019290220542635694 0.03291249394987581
4 0.9658168761535633 0.42422873937268957 0.02427810919158375 0.037627265027114734
4 0.9562823874123303 0.3852071459885479 0.02614099784053181 0.04232385538619425
2 0.9236212793004807 0.3267815676315208 0.03541586829088246 0.04081589754067192
4 0.8749892219269118 0.5435514319947055 0.023316386489479868 0.04699317466803503
4 0.5886661998708032 0.7953104164766115 0.02770349784053163 0.04233294574527378
4 0.6012162646456277 0.7960189436039745 0.02427810919158375 0.037627265027114554
4 0.6226604680694005 0.8013649737563997 0.024378238741233106 0.03918976502711473
4 0.5680230328442251 0.8024643863241863 0.023577202344038463 0.02668976502711473
2 0.9042576148947964 0.4636639440949539 0.015364184145441228 0.020394313231716588
4 0.13047085903470018 0.4017346959416656 0.04709384793281672 0.07680793969514958
2 0.2640145442598755 0.4001762202403583 0.0351154796419344 0.03612839754067192
2 0.3762747123661877 0.3713876240275462 0.027903756939830337 0.04545794574527386
2 0.5697719933647114 0.48827462129707166 0.028965609191583752 0.03765453610435347
2 0.7161160672388348 0.4913309227231274 0.017126943244739935 0.023528403590796287
4 0.8995563163159842 0.1463855405041577 0.037218200184570095 0.06894089754067197
4 0.93734501542082 0.23604293814302552 0.03259125693983052 0.0454852168225127
4 0.9882229453257665 0.34671681772971663 0.023554109348467023 0.05013635538619425
4 0.9887631658684022 0.4068867032683361 0.022473668263195634 0.03920794574527382
4 0.9956837943383172 0.4505821611138584 0.008632411323365475 0.03606476502711473
4 0.5840113733757862 0.6616939405789124 0.02604086829088246 0.040761355386194256
2 0.45356600246401013 0.49207685304850324 0.025840609191583753 0.037636355386194253
2 0.7540132788390554 0.15582923907810195 0.03425388648947951 0.04705680718159235
2 0.7756973141565158 0.18930935958960676 0.025640350092285047 0.03451135538619425
2 0.7951179426264309 0.21186107046019115 0.027503238741233105 0.039207945745273864
2 0.47231269586563346 0.15043425371243316 0.031028756939830336 0.04547612646343313
2 0.7264108220191968 0.5788036516458885 0.02231509099298634 0.03136817466803503
2 0.581609461747879 0.5632337146812134 0.025840609191583753 0.037636355386194253
2 0.6139503948135859 0.6044672478587007 0.017126943244739755 0.02352840359079611
2 0.5844505528977488 0.22949906411547935 0.032390997840531635 0.042360216822512696
4 0.49066308913805995 0.6075291362259905 0.028765350092285046 0.03452953610435348
4 0.4515262338039875 0.3138973108940255 0.03339229333702498 0.057985216822512696