2 0.3627542026578055 0.6888838736916466 0.030928627390180985 0.04473214664195542
2 0.34628979102989826 0.7876760377567972 0.025940738741233017 0.03988095553496276
2 0.3991341887781449 0.7780356537287135 0.032190738741233106 0.04009921034428636
2 0.3088923157069005 0.9090252481010834 0.04090440468807692 0.05443452885594056
2 0.3847620057124378 0.8198511314961949 0.03475453423772627 0.05577877404661713
2 0.21818457742709282 0.7796775431990929 0.022715609191583754 0.03820932813030105
2 0.7267327668143213 0.4828570406672041 0.02614099784053181 0.043005955534962934
2 0.7961836736618666 0.4695187377646464 0.030828497840531634 0.04316964664195542
2 0.8074938086101866 0.5727975051878416 0.02457849784053181 0.04295139183263199
2 0.581930208979327 0.44348206053746997 0.023977720542635694 0.033576391832631815
2 0.4584438417681788 0.5093749337657805 0.03229086829088246 0.04166171034428636
2 0.1658246337209277 0.9763814176085297 0.02856509099298643 0.03217758293962447
2 0.07049924661313922 0.8339434356646971 0.0273029796419344 0.036810519237293705
2 0.5044782325765951 0.5451834589935239 0.031329145588778216 0.05098214664195542
2 0.6094847100590611 0.4635663820443491 0.017727720542635696 0.033358137023308566
2 0.5954827668143213 0.48744039166299596 0.02065246144333699 0.030342264427970278
2 0.8355069895164254 0.48841258150404415 0.023977720542635694 0.03357639183263199
2 0.701043549510888 0.5796328369463397 0.0304279796419344 0.03691964664195542
2 0.6982899868955317 0.6226015869463397 0.024077850092285046 0.03513889183263199
1 0.17125951265226816 0.7820957042690185 0.029766645588778305 0.050927582939624474
1 0.10256077499076932 0.8445163479157489 0.030067034237726265 0.05561508293962447
2 0.8056971784422284 0.3818823285088192 0.024478368290882367 0.04138889183263199
4 0.4322156014857862 0.6997097570867581 0.04034320018457009 0.0700049651536098
4 0.4780788140088575 0.6895336597191634 0.03026729333702498 0.058740082939624474
2 0.4966576357235125 0.6428942726958548 0.03425388648947969 0.04796627404661713
4 0.3491084145625679 0.4882489566312712 0.020091256939830337 0.04591270072563951
4 0.32758386798634054 0.48354409846390317 0.02291586829088237 0.041334328130301044
4 0.3393829611387953 0.49404508884525633 0.026641645588778306 0.050818455534962934
4 0.38447421807862564 0.4472593688823232 0.025079145588778218 0.05076389183263199
4 0.40388435456810523 0.39981145000784923 0.02331638648947969 0.04758432813030113
4 0.36904947717792425 0.44468000590563167 0.022415220542635693 0.033521828130301044
4 0.36105770203949666 0.49640619701262434 0.029966904688076924 0.05405258293962447
4 0.3836336088870419 0.48470480517999237 0.021253238741233103 0.03971726442797028
4 0.372876581589146 0.4944344692451429 0.021553627390180984 0.04440476442797028
4 0.4262704942967874 0.4153992444728864 0.028504534237726274 0.0555605192372937
4 0.3451242165374661 0.5990773292266095 0.028404404688076923 0.05399801923729371
4 0.30337560996677604 0.5085540221477005 0.031529404688076926 0.054107146641955414
4 0.23897434608711549 0.6012251609851076 0.025079145588778218 0.05076389183263199
4 0.2672588348283485 0.5612623598966485 0.027803627390180986 0.044623019237293705
4 0.27488156770948535 0.5882787276826634 0.02674177513842757 0.05238095553496276
4 0.2500317620339593 0.586807996919957 0.023116127390180985 0.04445932813030105
4 0.928602840845328 0.8359373675315608 0.029105311535622035 0.06493551923729371
4 0.9384982749907692 0.8153247671687411 0.01726664558877857 0.05049107332097762
4 0.9539065360926529 0.48973449012689907 0.0226154796419344 0.03664682813030105
4 0.9425370419527489 0.42387387715020763 0.02321625693983016 0.04602182813030105
4 0.9307379488002943 0.4133728867688545 0.023516645588778216 0.05070932813030109
4 0.9440878524086369 0.3388540364060348 0.021253238741233103 0.03971726442797028
4 0.923986103488371 0.36060255083400505 0.01596496144333699 0.03017857332097771
4 0.895380242137319 0.3569244793271259 0.017727720542635696 0.033358137023308566
4 0.902591964839423 0.36602666081547164 0.022715609191583754 0.03820932813030113
4 0.9049264204226641 0.402581719708479 0.02457849784053181 0.04295139183263199
2 0.9044968214101132 0.4579413423038174 0.025239831893687635 0.028943455534962935
4 0.7702486366463631 0.29035951662058695 0.02175388648947969 0.04752976442797028
4 0.399713696022517 0.19728665073348864 0.026140997840531633 0.04300595553496285
4 0.41022039944628963 0.19146323666833806 0.022715609191583754 0.03820932813030113
4 0.4283090653931335 0.17680053594269865 0.022815738741233105 0.03977182813030113
4 0.376907251698043 0.20042157441728606 0.02201470234403846 0.027271828130301136
1 0.1248267126799548 0.3510937301297341 0.0210529796419344 0.03659226442797028
1 0.14082195250092197 0.332606624957591 0.02387759099298643 0.032013891832631994
1 0.15747852637504528 0.328127456083117 0.017727720542635782 0.033358137023308566
1 0.25384118908268666 0.24759172949676195 0.020852720542635695 0.03346726442797028
1 0.26943591070505657 0.23535462432461882 0.0194904796419344 0.03653770072563942
2 0.833631213759689 0.34738827742036016 0.015364184145441228 0.02080357332097771
4 0.13396906616832585 0.7436433286784553 0.04396884793281677 0.07792659255827132
2 0.25617353563122747 0.6855902373013103 0.0351154796419344 0.0370833377489479
2 0.3731002197766686 0.6612400233288269 0.02634125693983034 0.046130955534962936