2 0.33374433995267305 0.658748114044599 0.02754442496187508 0.042651150162155815
2 0.29179126966420077 0.7500685892878327 0.02278418977951393 0.03944432954530477
2 0.3431537479127077 0.7577623125024715 0.028997822188333446 0.03799092370110628
2 0.2237114572595132 0.856682827923747 0.03561149810013893 0.05372501785690744
2 0.3196610433155549 0.7940952788172514 0.029361498100138928 0.05361592370110611
2 0.17424140017315914 0.7005788782480586 0.019586454597152782 0.03626478246740419
2 0.04060736331968674 0.9059539452114617 0.02903418977951393 0.03955342370110628
2 0.7300394181249301 0.5760802954596381 0.02285692496187508 0.04256932954530477
2 0.7985348449866662 0.5858177597458232 0.027508057370694415 0.041088650162155814
2 0.7812726501731591 0.6899831083658514 0.019695557370694415 0.04095228246740419
2 0.6055316870266315 0.4900082021146157 0.021039851823611143 0.03160455600635448
2 0.47219185695451343 0.5149827029253946 0.02903418977951393 0.03955342370110611
2 0.07085856098298537 0.8812169979714051 0.02438305737069448 0.04103410308425524
2 0.021861282581978576 0.7048005482957167 0.02423758700597225 0.03478410308425506
2 0.5054030940367357 0.5643826850684871 0.026163762917777868 0.050436376623205346
2 0.6259344527942009 0.5193275093387861 0.014826219414791808 0.03305796185055314
2 0.6067662254956245 0.5376235418061902 0.01787848423243048 0.02998750892845372
2 0.8306018093674649 0.6172762654278661 0.021039851823611143 0.0316045560063543
2 0.6804011344055898 0.6620683883976236 0.025800087005972118 0.034811376623205346
2 0.6584527460128466 0.6991553311734531 0.02107621941479181 0.03316705600635448
1 0.10641812053788136 0.6955152771923983 0.02460126291777782 0.05040910308425524
1 0.021043011780416045 0.7399567982957167 0.024710365691319493 0.055096603084255055
2 0.8316941435236455 0.5032410389668165 0.019659189779513753 0.03938978246740419
4 0.39622550294670084 0.6920185357171103 0.032813806420763925 0.06773297077900686
4 0.44219196637756886 0.6966827163180753 0.02478310087368065 0.05822160308425524
2 0.47198922236149254 0.6578969058474939 0.029179660144236053 0.04580342370110611
4 0.3751181416237843 0.45810718587926597 0.015117160144236141 0.04555796185055314
4 0.3566408985576385 0.44671571834667007 0.01809668977951393 0.03936250892845372
4 0.36492552403260375 0.4598469638824433 0.0214398953265972 0.0487920560063543
4 0.4195227582650343 0.42921852678865646 0.01991376291777769 0.050327282467404186
4 0.45090069804454824 0.3896241927791249 0.019841027735416718 0.04720228246740401
4 0.4064233462209371 0.42163785186973435 0.017951219414791764 0.03311250892845372
4 0.3849834508943399 0.47042990787608885 0.023111498100138926 0.053506829545304765
4 0.40853005366788153 0.46533330479183377 0.018060322188333443 0.03780000892845372
4 0.39588458330315934 0.47180149310343644 0.016643292553055567 0.04402273538950343
4 0.46756086797243024 0.41198043385067107 0.023111498100139016 0.053506829545304765
4 0.3421763954235065 0.5648890198887976 0.021512630508958352 0.0519170560063543
4 0.32735278885024266 0.4636265288172513 0.026236498100139016 0.05356137662320535
4 0.24219523242947877 0.5322731631510946 0.019913762917777866 0.05032728246740401
4 0.279586782866319 0.5027259849857616 0.022893292553055566 0.04413182954530477
4 0.27891398242947874 0.5316322349857616 0.021476262917777867 0.0503545560063543
4 0.25649412177215236 0.5218714513005416 0.01816942496187508 0.042487508928453724
4 0.823163983760659 0.970387628658391 0.02100348423243048 0.0300420560063543
4 0.8412418365342006 0.965386482960462 0.019659189779513753 0.03938978246740419
4 0.9405573844055898 0.6575273441623919 0.019550087005972473 0.034702282467404186
4 0.9476263084175344 0.5886818867760658 0.018242160144236408 0.04561250892845372
4 0.9393598667381593 0.5747693912402927 0.018351262917777687 0.050300008928453724
4 0.9721918569545135 0.5062551704612858 0.016534189779513753 0.03933523538950325
4 0.9476457986338884 0.5207404103150161 0.01319098423243048 0.029905688311602674
4 0.9213924231589232 0.5079228104771719 0.014826219414791808 0.03305796185055314
4 0.9265884162250689 0.5195461030908456 0.019586454597153136 0.03626478246740419
4 0.9187207116279161 0.5556063340161221 0.019695557370694415 0.04095228246740419
2 0.902622279732187 0.6097716826361504 0.022493249050069507 0.02694432954530477
4 0.8231205369503816 0.4018694537394688 0.016716027735416715 0.04714773538950343
4 0.501613132124479 0.19038212338008983 0.02285692496187508 0.04256932954530477
4 0.5133864335112499 0.1878338218379623 0.019586454597152782 0.036264782467404055
4 0.5346620214671527 0.17965312906213268 0.019622822188333444 0.0378272824674041
4 0.47984723489802067 0.1860764529253946 0.019331881458888846 0.0253272824674041
2 0.867414091186944 0.4784086343404338 0.012972778685347209 0.020530688311602673
4 0.10543815520715225 0.6369624375008238 0.03612064437666672 0.07560001785690744
2 0.23545296352777728 0.6206362337679456 0.030487587005972296 0.03489319724005639
2 0.3514955376159717 0.6342293551161452 0.02136716014423614 0.045667056006354304