2 0.4585948940606913 0.7328013704196437 0.033798147326811724 0.04538774310259512
2 0.4665809702843459 0.8297992011523384 0.028928636803468067 0.042017081637205675
2 0.5167251834526431 0.8215230336940553 0.03361613680346807 0.042262743102595125
2 0.4518498833255862 0.9513090309805218 0.04381018415851479 0.0568165660333733
2 0.510543072886947 0.8624789043408416 0.03756018415851479 0.05648901741285428
2 0.3321149650226741 0.8211944058111798 0.02562162628012441 0.03872830732694617
2 0.7879961547957965 0.5312034073930594 0.029019642065139982 0.043579581637205676
2 0.8550093495482421 0.5183592486412036 0.033707142065139806 0.04382524310259513
2 0.886015696818584 0.6227944431232796 0.025894642065139806 0.043415807326946165
2 0.6359940390390159 0.48896724050060325 0.026911110495108838 0.034122694482076096
2 0.525245525814249 0.5532610345985665 0.03526964206513981 0.043907130257724705
2 0.3218963437924601 0.9995197224103801 0.02894404735504672 0.0009605551792397193
2 0.1987179070736966 0.8710605297373263 0.028655621018452537 0.03732958163720568
2 0.5772021389401939 0.5894751735627185 0.034253173635170955 0.05320024310259512
2 0.6612593495482421 0.5082052414051145 0.020661110495108836 0.033795145861557074
2 0.6580279337349918 0.5329595799397252 0.02213260523343692 0.03231453301668665
2 0.8982434100574682 0.5385389518297069 0.026911110495108657 0.034122694482076096
2 0.7811384810194512 0.6274233101520214 0.03178062101845249 0.03749335594746519
2 0.778126873084591 0.6693242051090673 0.025439615756780755 0.035603307326946165
4 0.8825736364505321 0.45671574174379864 0.03121917889684269 0.05459896879233561
2 0.8428818048946185 0.4304907564431197 0.025803636803468068 0.041853307326946164
4 0.5355669177382147 0.7438450910210015 0.04306673151356151 0.07079717887824373
2 0.5891399677946844 0.6874589721832376 0.037105157850155376 0.048676517412854635
4 0.4109632179358587 0.5301367158516594 0.02295165258848364 0.04637703301668683
4 0.3888607047816791 0.5250840456798429 0.024241136803468066 0.041771420171816585
4 0.40268798635171016 0.5351550864984459 0.029474668373499213 0.051392081637205676
4 0.4454068363940625 0.49299856399720865 0.027912168373499212 0.0513101944820761
4 0.4561245285156722 0.4764252176606817 0.026258663111827295 0.049665807326946164
4 0.42321331797821105 0.48638339382539203 0.023877115756780753 0.03552142017181659
4 0.4745182127447741 0.45791755709980364 0.03131018415851479 0.05616146879233561
4 0.42831658888372404 0.6408661759375678 0.03121917889684287 0.05459896879233561
4 0.3700497915992646 0.5498007626631563 0.034435184158514695 0.056325243102595124
4 0.3223851072995756 0.6407665993887446 0.027912168373499212 0.0513101944820761
4 0.34345647049610745 0.6013699067156908 0.029110647326811723 0.04514208163720568
4 0.3309410599445289 0.6271954223195231 0.025985647326811724 0.04497830732694617
4 0.9898419274402507 0.4757290926028813 0.020316145119498686 0.04654080732694634
4 0.978849396973876 0.46487680178427837 0.026349668373499214 0.051228307326946165
4 0.9837651391519554 0.3888056247150569 0.024241136803468066 0.041771420171816585
4 0.961738220707869 0.4117960673881106 0.01735409997176518 0.03050637155129752
4 0.9443841207361039 0.3812896958368131 0.02066111049510866 0.033795145861557074
4 0.9410616996611815 0.4044815343714238 0.025621626280124588 0.03872830732694634
4 0.954964575941306 0.442595688034897 0.025894642065139806 0.043415807326946346
2 0.9611305469315237 0.5083435187675915 0.036741136803468064 0.042426517412854636
4 0.7946802523484873 0.33839510967705155 0.02460515785015538 0.048021420171816584
4 0.40570948663405887 0.2393446195151326 0.029019642065139982 0.04357958163720586
4 0.4154562129565356 0.232845636023476 0.02562162628012423 0.03872830732694625
4 0.43099791297065304 0.21886170115233838 0.025712631541796326 0.04029080732694625
4 0.3832807497882385 0.2420635057657512 0.023422089448421436 0.027708920171816497
2 0.865788683876166 0.39586345092519576 0.015245568401734032 0.021049484396167717
4 0.24183159926589343 0.7821927815463487 0.04820925782192056 0.07885534034363317
2 0.35616013879901953 0.725875261758645 0.03655912628012441 0.039301517412854634
2 0.4685390414580903 0.7029467740831169 0.02920165258848364 0.04670458163720568
2 0.5660301495341247 0.5180129313646347 0.03030912628012441 0.03897396879233561
2 0.6891876574972196 0.4528117345077094 0.01855257892507787 0.02433825870642714
4 0.9960275261318913 0.463184826999049 0.007944947736217501 0.0513101944820761
4 0.9724482075536894 0.40846302747401886 0.028928636803468067 0.042017081637205723
4 0.9627022102551125 0.33473892243106473 0.028928636803468067 0.042017081637205765
4 0.9574455628577135 0.3648391802329809 0.02396812101845249 0.03708392017181659
4 0.4788956286286116 0.3592310736081471 0.027366136803468066 0.041935194482076096
2 0.4651270731692957 0.5641299355485062 0.02718412628012441 0.0388101944820761
2 0.9149513098739417 0.731794306872661 0.03554265785015538 0.0485946302577247
2 0.9134574283321456 0.6927727504502259 0.025439615756780398 0.035603307326946165
2 0.9180693336220521 0.6649752990707449 0.027275131541796328 0.0403726944820761
2 0.6776472729010645 0.8564380235172899 0.03076415258848364 0.04678646879233561
2 0.6478276391519554 0.3711998863621603 0.02213260523343692 0.03231453301668674
2 0.5330741653897274 0.4469667689947343 0.02718412628012441 0.0388101944820761
2 0.5371477443853923 0.39655401119281813 0.01699007892507769 0.024256371551297562
2 0.7276711177523321 0.7391144046795259 0.032144642065139804 0.04374335594746519
4 0.43026768380557884 0.4470309667561706 0.030127115756780752 0.03584896879233561
4 0.5662330888131369 0.7220862777011614 0.03461719468185844 0.05945024310259513