2 0.3375564829297819 0.6517848427029442 0.026807939695149673 0.04296038981258547
2 0.3010962872827039 0.7426742671552657 0.022102258976990453 0.03969899749271768
2 0.35259969994868634 0.7513302016367174 0.028343168617910842 0.038318353919208195
2 0.23251848322436947 0.8493394557933523 0.03624657220870695 0.05417067445232178
2 0.3281764168693949 0.787191145289369 0.028434072208706952 0.053943353919208195
2 0.17875365467095067 0.6923369495251464 0.01896816861791084 0.038045569279472245
2 0.049455998349679994 0.8976275062682062 0.028352258976990452 0.03988085391920819
2 0.7387377087292851 0.5713732993542264 0.022120439695149586 0.0428239974927175
2 0.8074149858566482 0.5818728786628284 0.026798849336070064 0.04139788981258548
2 0.7896229769778536 0.686279233835678 0.018995439695149587 0.04273306927947225
2 0.6142604043763631 0.485166677884041 0.022056807181592218 0.031886497492717505
2 0.48133427488786784 0.5085623769469688 0.028352258976990542 0.03988085391920819
2 0.08006110373587426 0.8733034561890639 0.025236349336070062 0.04135242570596276
2 0.03031615467095069 0.696656039654301 0.023637487899751595 0.03505696159934022
2 0.5138513382177803 0.5583888807078925 0.026853391490547728 0.05077288981258565
2 0.6297354134515494 0.5104932868178141 0.014253397540672097 0.033221676959604096
2 0.6147643984244346 0.5328001958307296 0.017360216822512698 0.03018760517284953
2 0.8392553383159761 0.6137533644770635 0.022056807181592576 0.031886497492717505
2 0.689023534159446 0.6579616687128409 0.02676248789975162 0.03514788981258547
2 0.6669394559006147 0.6945356662055584 0.020503397540672097 0.03340353338609496
2 0.8352450700674077 0.4974835067969316 0.018986349336070064 0.04117056927947225
4 0.4053161546709507 0.6857446540648576 0.03320338544042354 0.06814224623907635
4 0.4505922932346322 0.6906761949727998 0.023773843285945874 0.05849446159934022
2 0.48050250703208286 0.6515311269469688 0.029951120413308985 0.04617631802583091
4 0.3840280037124332 0.4512476336108865 0.015888620413308897 0.04576714106622681
4 0.36534618140553027 0.4400744528903585 0.017414758976990453 0.03956260517284953
4 0.37385811817381376 0.45388690030393375 0.020594301131468207 0.04902853338609496
4 0.433369473560008 0.42872176425227193 0.019040891490547728 0.05054556927947225
4 0.45062060607356536 0.4172841590794224 0.019022710772388506 0.047420569279472205
4 0.4154825367917246 0.4151821014784328 0.018940897540672096 0.0333580692794722
4 0.4764654885871226 0.40559650132014824 0.02218407220870695 0.053761497492717504
4 0.3505973592950191 0.5584523798499628 0.02218407220870695 0.053761497492717504
4 0.33634902781473414 0.45654053886287826 0.02687157220870695 0.053897889812585476
4 0.25080643755385035 0.5254245826738144 0.019040891490547728 0.05054556927947225
4 0.2884746091968233 0.49542719411486996 0.023692030054229284 0.04443196159934022
4 0.2649280248878679 0.5148591557142101 0.018995439695149673 0.04273306927947225
4 0.8505276189593808 0.9586794195707707 0.018940897540672096 0.03335806927947225
4 0.9491570582617468 0.6542981449601646 0.01895907825883114 0.036483069279472244
4 0.9565882840612501 0.5853435564803624 0.017451120413308985 0.04581260517284953
4 0.9480763472929666 0.5715311090667872 0.01904089149054755 0.05054556927947225
4 0.9867439375538503 0.5040109884545314 0.017414758976990186 0.03956260517284953
4 0.9562024646812134 0.5173975385336738 0.012672716822512697 0.03005121285298138
4 0.9540496122218854 0.48465323469360777 0.014253397540672097 0.033221676959604096
4 0.9398780279129302 0.5038124116532119 0.018968168617910664 0.038045569279472245
4 0.9357399737563998 0.5437698219197686 0.01899543969514994 0.04273306927947225
2 0.9119434045727548 0.6061705335191089 0.02991475897699054 0.03992631802583091
4 0.8319160578689633 0.39837841706348825 0.017460210772388508 0.047375105172849444
4 0.5105597292173487 0.18432925508107195 0.022120439695149586 0.04282399749271755
4 0.5222921147559682 0.18164452428140182 0.018968168617910664 0.038045569279472155
4 0.5434267713718265 0.1739995088419956 0.01897725897699054 0.039608069279472156
4 0.48793529547412734 0.17951973462710083 0.018895445745273777 0.025545569279472158
2 0.8728814254536019 0.47295486823798727 0.01261817466803521 0.02067621285298138
4 0.11116669975229462 0.628689638163233 0.03637383723582164 0.07604567445232177
2 0.24404283226585194 0.6138876891003051 0.03144998789975162 0.035284282132453625
2 0.3603490883159762 0.6276881131569153 0.022138620413308895 0.04594899749271768
2 0.5361217688377437 0.48978363321517504 0.023646578258831142 0.03661946159934022
2 0.6807484676080796 0.469171953352577 0.014198855386194253 0.023846676959604095
4 0.9132417632785987 0.7857898373591748 0.028515885440423716 0.06800585391920819
4 0.9387735492847564 0.6936561616532119 0.026817030054229463 0.044522889812585474
4 0.9745979406771085 0.5777894692542016 0.020603391490547553 0.05059103338609496
4 0.9679166695016737 0.5178378077340037 0.02366475897699054 0.03974446159934022
4 0.9886382356602563 0.44693427434790883 0.01741475897699054 0.03956260517284953
4 0.9736399495559029 0.4739286833608244 0.01895907825883114 0.036483069279472244
4 0.5246262535160414 0.31749109606815645 0.02054884933607006 0.04121603338609488
2 0.41967915740142525 0.4994207091585648 0.02209316861791084 0.038136497492717504
2 0.7678974470218201 0.7954867492750842 0.028388620413308984 0.04613085391920837
2 0.7837315252806514 0.7590946082088573 0.020503397540672097 0.03340353338609496
2 0.8010553806668457 0.7351570030360078 0.02210225897699054 0.039698997492717505
2 0.4880326850197676 0.8340935743605442 0.025254530054229285 0.04447742570596276
2 0.678918322896078 0.380958899512511 0.017360216822512698 0.03018760517284953
2 0.5365626512531051 0.414002383215175 0.02209316861791084 0.038136497492717504
2 0.5625984313073344 0.3695022254559007 0.01418976502711473 0.022284176959604097