2 0.42129366192384 0.6735090785171792 0.024715776735204996 0.0412614974927175
2 0.4013414308653749 0.7688132183297648 0.01980975544788168 0.03800010517284953
2 0.4537944415090366 0.768852670757905 0.025950494804219914 0.03661946159934022
2 0.35931745785268154 0.8843305697416906 0.03318384059717552 0.05086381802583091
2 0.43855720760058003 0.8084380079840658 0.02704310124083733 0.052244461599340396
2 0.2739376967048167 0.7380753468595793 0.016575494804219916 0.0363466769596041
2 0.19007006713929048 0.9604935676301196 0.02605975544788164 0.03818196159934004
2 0.792639148178085 0.5319698185545564 0.020028276735205 0.04112510517284953
2 0.8622796588217468 0.5315091658098471 0.02460651609154354 0.039698997492717505
2 0.8696547522689139 0.6369779158098471 0.016903276735204996 0.041034176959604096
2 0.6502770495351379 0.4664394099373522 0.01926345222957302 0.03018760517284953
2 0.5249928262703429 0.5107924666804122 0.02605975544788173 0.03818196159934022
2 0.2146658755533793 0.9315956778175339 0.023044016091543364 0.039653533386094966
2 0.12479535635974277 0.765900133148668 0.022606973516896466 0.03340353338609496
2 0.5687317546147025 0.5541416499082225 0.023699579953513704 0.04902853338609479
2 0.6763532304773874 0.4922972162847007 0.013231973516896468 0.033130748746358664
2 0.6621486188449899 0.5130643573509276 0.016029191585911207 0.028534176959604095
2 0.9009104700858271 0.5577845093042141 0.01926345222957302 0.03018760517284953
2 0.7630933958322965 0.624421743006878 0.024169473516896467 0.0334489974927175
2 0.7502545422456708 0.6647201340731048 0.019372712873234832 0.03175010517284953
1 0.1909830850724193 0.7608429086172042 0.022137079953513793 0.04898306927947225
2 0.8750203234203514 0.44502609653037484 0.01679401609154354 0.039471676959604095
4 0.49101058222242777 0.6965313898790926 0.029588947033792935 0.06635242570596275
4 0.5370497019005969 0.6944089487337235 0.021120883171822414 0.05675010517284953
2 0.55753716452173 0.6515394871343833 0.026496798022528623 0.04443196159934022
4 0.4164647782478143 0.4701112938774431 0.012543558666190436 0.04558528463973595
4 0.394715464385844 0.4613500593168493 0.015231516091543362 0.03942621285298138
4 0.40652704953513785 0.47353181057049054 0.019012079953513884 0.048892141066226816
4 0.4589747063400723 0.4399093168386967 0.017558840597175517 0.0504091769596041
4 0.4736163605471167 0.4253921757724699 0.01734031930985207 0.047284176959604095
4 0.4386786318344401 0.42954011817148025 0.016247712873234656 0.031659176959604095
4 0.4960705147541611 0.4106477141731297 0.019339861884498967 0.05357964106622681
4 0.40770677330413585 0.5799636669969812 0.019230601240837288 0.05201714106622681
4 0.37035460275344656 0.48241271707612354 0.02391810124083733 0.052153533386094963
4 0.30238013493653326 0.5626745300873897 0.017558840597175517 0.0504091769596041
4 0.332062281097806 0.5281487659016246 0.02013753737886681 0.04268760517284953
4 0.3132794301090703 0.5506147992877194 0.01545003737886681 0.04255121285298138
4 0.9866172852083054 0.9326193732525521 0.01854218639013112 0.0644716769596041
4 0.9926230866619032 0.9042215886128162 0.014753826676193427 0.05040917695960445
4 0.9952980234686241 0.4993605923737398 0.009403953062751925 0.05036371285298138
4 0.9932622250295058 0.44549980648036247 0.011341691585911206 0.028397784639736124
4 0.9652082808457045 0.43613917834625937 0.013231973516896289 0.03313074874635884
4 0.9730043553513366 0.4468720898664573 0.016575494804219916 0.0363466769596041
4 0.9732282304773874 0.4836590360263913 0.016903276735204996 0.041034176959604096
2 0.9708569833273788 0.539309642452882 0.02049817029858758 0.025545569279472248
4 0.8439181528696622 0.34729329018302646 0.014215319309852249 0.04719324874635875
4 0.4781571230323639 0.1880596603330637 0.020028276735205 0.04112510517284949
4 0.48954809110137865 0.1830311795333936 0.016575494804219916 0.0363466769596041
4 0.5083691469175774 0.1723066282006101 0.016684755447881727 0.03790917695960409
4 0.4553369820668712 0.18637513987909257 0.018826409654926123 0.023937605172849485
2 0.9050848818344402 0.41596908234460994 0.01224862772394104 0.01906824874635884
4 0.19126195449848687 0.6864650342440246 0.03169775025210155 0.07421038981258547
2 0.31636586130342137 0.6507284595542762 0.028747712873234653 0.03202288981258548
2 0.43355336130342137 0.6473186515575751 0.018684298022528623 0.04420464106622681
1 0.11768197888790348 0.8209058818950268 0.019121340597175518 0.05045464106622681
2 0.5739712756499242 0.48353363321517495 0.022716234160558103 0.03496603338609496
2 0.7118647595583809 0.44037936361913366 0.01402964901126431 0.02223871285298138
4 0.9970927933309515 0.44359632568069235 0.005814413338097069 0.038045569279472245
4 0.9959810844806027 0.39911053978731503 0.008037831038794607 0.0347841769596041
4 0.523108626134457 0.31592023588074203 0.018356516091543363 0.039517141066226814