2 0.33515625 0.6351710967757936 0.0296875 0.045132717535011226
2 0.28828125 0.7240730849889694 0.025 0.04022689371369381
2 0.3390625 0.734989160258029 0.0296875 0.04044521753501122
2 0.21328125 0.8267850161300505 0.0390625 0.0565068651776464
2 0.3125 0.7698200785788286 0.03125 0.056142992142117265
2 0.17421875 0.6676668813076969 0.0203125 0.03844606989237605
2 0.028125 0.8658775570720945 0.03125 0.042080492142117266
2 0.73515625 0.5759157973566941 0.025 0.043351893713693815
2 0.803125 0.5891563519475893 0.0296875 0.043570217535011224
2 0.77890625 0.6934093583577301 0.021875 0.04320634449948209
2 0.61640625 0.48222791749673927 0.0234375 0.03390411910658795
2 0.4828125 0.49938764640429 0.03125 0.042080492142117266
2 0.06015625 0.8432919276264246 0.0265625 0.0434246683207995
2 0.021875 0.6630436555005179 0.025 0.03710189371369381
2 0.5125 0.5503486788692789 0.0296875 0.051382717535011224
2 0.63515625 0.512604622211469 0.0171875 0.03361302067816432
2 0.61484375 0.5299569421038451 0.0203125 0.03063356989237622
2 0.83203125 0.622966271716131 0.0234375 0.03390411910658777
2 0.6796875 0.658968045908952 0.028125 0.037247442927905536
2 0.6625 0.6996123165871164 0.021875 0.03539384449948209
1 0.1359375 0.6444498591817904 0.0265625 0.0512371683207995
1 0.0578125 0.6824635895370832 0.0265625 0.055924668320799495
2 0.840625 0.5085035113770487 0.021875 0.04164384449948209
4 0.3953125 0.672994274402218 0.0359375 0.07042381596343468
4 0.440625 0.6802588107961481 0.028125 0.05912244292790554
2 0.47265625 0.6420481813504781 0.03125 0.048330492142117085
4 0.38984375 0.43653023552708864 0.01875 0.04618579528527036
4 0.371875 0.424085893508806 0.0203125 0.04157106989237604
4 0.37890625 0.4386021577768296 0.0234375 0.05109161910658795
4 0.4359375 0.41094588461746573 0.021875 0.05101884449948204
4 0.46875 0.3726988678682428 0.021875 0.04945634449948209
4 0.4234375 0.40215308147431267 0.0203125 0.03375856989237604
4 0.3984375 0.4494112251880063 0.0265625 0.0543621683207995
4 0.42265625 0.4459394687778655 0.0203125 0.04000856989237604
4 0.409375 0.4520268029382654 0.01875 0.044623295285270356
4 0.484375 0.39618987179718423 0.025 0.05585189371369372
4 0.353125 0.5452716887940762 0.025 0.05428939371369381
4 0.31015625 0.4964917404894873 0.0296875 0.05450771753501123
4 0.25234375 0.5038719009524041 0.021875 0.05101884449948209
4 0.29140625 0.4754900357747577 0.025 0.04491439371369381
4 0.278125 0.5112648699351574 0.0234375 0.05265411910658777
4 0.2671875 0.49380554218489847 0.0203125 0.044696069892376046
4 0.93984375 0.6695073238258267 0.021875 0.03695634449948208
4 0.95078125 0.6010291515760858 0.0203125 0.04625856989237605
4 0.94375 0.5865128873080622 0.021875 0.05101884449948209
4 0.98046875 0.5199589340410744 0.01875 0.04149829528527036
4 0.9546875 0.5328784650583211 0.015625 0.03041524607105863
4 0.93046875 0.5183814714684619 0.0171875 0.03361302067816432
4 0.93359375 0.5307359222542501 0.0203125 0.03844606989237605
4 0.92421875 0.5663288198968853 0.021875 0.04320634449948209
2 0.9046875 0.6195822524857085 0.0234375 0.029216619106587773
4 0.8390625 0.4070137859841546 0.01875 0.04774829528527032
4 0.53203125 0.17600149628045555 0.025 0.043351893713693725
4 0.54453125 0.1738567994236087 0.0203125 0.03844606989237613
4 0.565625 0.16740559222767964 0.021875 0.040081344499481995
4 0.5109375 0.16995270347638464 0.0203125 0.027508569892376135
1 0.23125 0.21891685814833312 0.01875 0.036810795285270356
1 0.253125 0.2069605136488511 0.021875 0.032268844499481995
1 0.26953125 0.2093213802742396 0.0171875 0.03361302067816441
1 0.38359375 0.168852583955512 0.01875 0.03368579528527027
1 0.4015625 0.16254692597379466 0.01875 0.03681079528527027
2 0.87734375 0.48569955811006105 0.0140625 0.02096747146395277
4 0.109375 0.6003745275025899 0.040625 0.07845463978475245