2 0.3569430800445434 0.3528179054675521 0.023910214672181594 0.04226390965492603
2 0.3261737906985894 0.25777320323797914 0.02074885200509069 0.0389203883676025
2 0.37766356536440765 0.25512880447881636 0.026980670671545148 0.037794930942249574
2 0.264753938017181 0.14497291845700236 0.03341248400699968 0.053856973516896424
2 0.35614255402608974 0.21693503578938297 0.025599984006999678 0.053310670298587756
2 0.20013854937140732 0.29423559110137865 0.017605670671545236 0.037139367080279054
2 0.08442100067631773 0.07693919443590283 0.026998852005090668 0.039357430942249486
2 0.7533737320575883 0.4765545983139711 0.019222714672181597 0.04193612772394069
2 0.8228140753898611 0.47360419695691836 0.025454533338636055 0.04081067029858776
2 0.8114396760423161 0.368206502773117 0.017660214672181596 0.04182686708027905
2 0.6230691614019513 0.5486267042463854 0.01911362667090888 0.03256112772394086
2 0.49147371606458795 0.5097613101787996 0.02699885200509069 0.039357430942249395
2 0.11361815201304486 0.10396051634364492 0.022329533338636142 0.0405921490112643
2 0.05237321137013466 0.27453546027534464 0.022256808004454336 0.03434214901126431
2 0.5276379353914519 0.4646726853048504 0.02400112133990877 0.05007640965492612
2 0.6407470100652242 0.5248832016484952 0.012881808004454242 0.03368658514929379
2 0.6272021307288153 0.5012982361773706 0.015970445337363515 0.030780106436617417
2 0.856053289385725 0.44548455079564564 0.019113626670908702 0.03256112772394069
2 0.7085964867122707 0.3852140502914425 0.023819308004454243 0.03445140965492595
2 0.6894101347071799 0.34640292256750166 0.019131808004454243 0.03412362772394086
4 0.8733958780633152 0.5271005375540938 0.019349984006999676 0.052873627723940685
2 0.8449077987348605 0.5610167156463517 0.017642033338636055 0.04026436708027905
4 0.42688286270686177 0.32570338443233016 0.028888616008908664 0.0675916915859112
2 0.4999754647119524 0.3682840043626009 0.027071577339272502 0.045607430942249484
4 0.39052938140513305 0.5557843683407868 0.013027258672817866 0.04618658514929397
4 0.37112540073995115 0.5653561102950151 0.016079533338636053 0.04015510643661742
4 0.3803458594048149 0.5527304241569856 0.01775112133990877 0.04963936708027905
4 0.4384765327418602 0.5841168179724697 0.016206802673454136 0.051092606436617415
4 0.4550282334102237 0.597764054730918 0.016170440006363408 0.04796760643661742
4 0.4198719834102237 0.5953056902485289 0.016006808004454243 0.03390510643661741
4 0.4801736840785873 0.6120122250295057 0.01936816534054504 0.054436127723940866
4 0.36427486939049736 0.4462236980421991 0.019349984006999676 0.052873627723940865
4 0.3428004060709513 0.546201918709104 0.024037484006999676 0.053201409654926125
4 0.2622765647278608 0.4687546258823554 0.016206802673454222 0.051092606436617415
4 0.29779644139876976 0.5024629903647444 0.02080339600572696 0.0436078883676025
4 0.2756759933959062 0.4798395913534801 0.016115896005726958 0.043280106436617415
4 0.8775619260025455 0.08009985141606421 0.017623852005090868 0.0387018670802791
4 0.8902346486712271 0.09581768656535809 0.01620680267345449 0.05109260643661737
4 0.9689163687141796 0.41746844746112133 0.017587489337999786 0.035576867080279184
4 0.9712788473901792 0.48632770810478315 0.014589758672817865 0.046295845792955606
4 0.9620674793920883 0.49973464424281266 0.016206802673454136 0.051092606436617415
4 0.9949919706993849 0.5708883784033709 0.01001605860123007 0.0400458457929556
4 0.966600985399406 0.553914045851967 0.011264764003817974 0.02888982450563198
4 0.9622952934038604 0.5863987639209819 0.012881808004454598 0.03368658514929379
4 0.9495589360677696 0.565212178771688 0.017605670671545327 0.037139367080279054
4 0.9483140620623608 0.525313798449857 0.017660214672181596 0.04182686708027923
2 0.928055558720543 0.46144804040408544 0.028561352005090867 0.03946669158591121
4 0.8351157227482237 0.6586893911407196 0.014607940006363406 0.0478583457929556
4 0.49994293344204044 0.8350890921097847 0.019222714672181597 0.04193612772394104
4 0.5116980461091314 0.8390335469372477 0.01760567067154515 0.03713936708027887
4 0.5321105434436313 0.8490476853048502 0.01762385200509069 0.038701867080278875
4 0.477332136775904 0.8374110627766896 0.019040901336727246 0.026311127723941043
2 0.8811452907383603 0.5893109604505716 0.011155676002545079 0.019514824505632154
4 0.12897262137967969 0.3501471014929388 0.03212270401018134 0.07718521287323465
2 0.26124022871577046 0.3796921258823554 0.02850680800445433 0.03477919158591121
2 0.37753739071449777 0.37845704383515466 0.019259077339272502 0.045061127723940865
2 0.5448532547342242 0.5353511720632985 0.022274989337999783 0.03590464901126431
2 0.6889123374044968 0.5719656512801782 0.012754538669636162 0.02274908514929379
4 0.9415897053628168 0.28285314684070273 0.024219297342454028 0.06882640965492604
4 0.9614305853755436 0.37791427456464355 0.02392839600572714 0.043826409654925944
4 0.9893475947246791 0.49617795550689303 0.017769302673454133 0.05120186708027905
4 0.9783197353994062 0.5547335006794301 0.020748852005090867 0.0389203883676025
4 0.9937612800365893 0.62708374808154 0.012477439926821533 0.038811127723940866
4 0.9811816534054513 0.5994286416449226 0.016024989337999784 0.035467606436617415
4 0.5226253607574505 0.7047513820865416 0.019204533338636053 0.04037362772394086
2 0.42905553206554253 0.5124221344323302 0.019168170671545325 0.037248627723940865
2 0.7961044826941351 0.2578481569801614 0.0255090773392725 0.045498170298587756
2 0.810594244032453 0.295550252773117 0.019131808004454597 0.03412362772394086
2 0.8257198047024076 0.3208069788879035 0.01918635200509087 0.038811127723940866
2 0.5189510893539081 0.18772777305203428 0.022365896005727137 0.04371714901126431
2 0.6813367420830416 0.6588647177400386 0.015970445337363515 0.030780106436617417
2 0.5410384587444055 0.6100233901323133 0.019168170671545325 0.037248627723940865
2 0.5642219674172233 0.6569201694654085 0.012754538669636162 0.02274908514929379
2 0.6138101507001803 0.28959591167173837 0.023892033338636053 0.04070140965492595
4 0.44214697274822357 0.6312103392597932 0.02380112667090888 0.03288890965492612
4 0.4645192227084527 0.3400443898802118 0.020967028007635946 0.0576703883676025