2 0.3189462485543063 0.3635373730189001 0.03778384288963732 0.04824605242559432
2 0.2556703157407811 0.29188538468782976 0.03290534190105419 0.0431759151526907
2 0.30159031079786525 0.2646215119587937 0.037656508897248565 0.04512105242559432
2 0.15935904844057552 0.2174431072670846 0.04916701186299806 0.0600763727290361
2 0.26844488836446334 0.23989244999030168 0.04285334486680377 0.058003689698497854
2 0.15682825053147265 0.3861771318128918 0.02809050790866543 0.039668277879787085
2 0.7210379891627661 0.28603554467037273 0.03303267589344294 0.046300915152690705
2 0.7830777327369756 0.25040119148617407 0.03772017589344294 0.04668355242559432
2 0.7338815459691176 0.1587875184575756 0.03140650889724857 0.044610869395056166
2 0.6306596813678315 0.4149095858860794 0.029525673916276675 0.03667082363742171
2 0.4977662683259698 0.4430022481638322 0.03772017589344294 0.04668355242559432
2 0.017313469885394225 0.2517697940906446 0.01578150889724857 0.04333541181871077
2 0.02492167593062401 0.43848854409064464 0.015590507908665396 0.038647911818710766
2 0.5134111729648745 0.384504221951035 0.03960101087441483 0.05462359818322886
2 0.638043758440138 0.38452058421908947 0.023212006920082295 0.03459814060688356
2 0.6170627549800969 0.3697724290683384 0.026273339923887917 0.03329073212215263
2 0.8025161408359214 0.20805432375810784 0.029525673916276585 0.03667082363742162
2 0.6471747248283102 0.22387012664274414 0.03434050790866543 0.040178460910325245
2 0.6155281353987139 0.19745101891661757 0.029589340912471052 0.03823332363742162
4 0.8483180721665718 0.27407806542315816 0.03653967787060921 0.05593100666795978
2 0.8352569980600147 0.3190397501206862 0.029780341901054184 0.042920823637421626
4 0.37146907068369694 0.3059482715016914 0.05123884783255317 0.07270391848667064
2 0.4538823226608633 0.3086271192258783 0.04103617688202625 0.0516261439408634
4 0.42467361961856415 0.5344082402879244 0.02834517589344294 0.045918277879787084
4 0.4104983730786052 0.5520261749854525 0.028217841901054187 0.04279327787978708
4 0.4137679531166613 0.5360823105913661 0.03484984387822045 0.05267846091032524
4 0.47808512110143886 0.5371029345283501 0.03328734387822045 0.052550915152690794
4 0.4978392055881192 0.5409773625579185 0.031597509885831696 0.04929836939505616
4 0.46475479155767435 0.5562195963470611 0.026400673916276672 0.036415732122152634
4 0.525310289580508 0.5418703117993141 0.03653967787060921 0.05593100666795969
4 0.35994793334499786 0.44641377483567124 0.03653967787060939 0.05593100666795969
4 0.3781806215957305 0.5476096130169605 0.04129084486680377 0.0578761439408634
4 0.2765571131927735 0.5159287915055707 0.03328734387822045 0.052550915152690794
4 0.3210074501509118 0.5295450102918038 0.03465884288963732 0.047990960910325245
4 0.29318619767945386 0.520058311050408 0.029844008897248565 0.04448332363742154
4 0.8940868755128821 0.12768155542121845 0.02809050790866543 0.039668277879787085
4 0.9216972223568523 0.1897033232990659 0.029971342889637497 0.047608323637421665
4 0.9184594758168932 0.20642843769315222 0.03328734387822045 0.052550915152690704
4 0.9760929036875027 0.2550255632971262 0.028154174904859986 0.04123077787978709
4 0.9423399861970166 0.25386154708626874 0.021522172927693362 0.031345594849248926
4 0.9507082431170989 0.2861000911769133 0.023212006920082472 0.03459814060688347
4 0.9313534066532521 0.27278689026852776 0.02809050790866543 0.039668277879787085
4 0.9150134822426839 0.23727982496605585 0.03140650889724874 0.044610869395056166
2 0.8730050543720747 0.1874072417857365 0.039219008897248386 0.045248598183228864
4 0.8626418518240669 0.41400156375616814 0.030035009885831698 0.049170823637421715
4 0.625774499085779 0.7374701120988766 0.03303267589344294 0.04630091515269079
4 0.6382108320895845 0.7348872460378002 0.02809050790866543 0.039668277879787085
4 0.6601494990857789 0.7346641054309169 0.029716674904859807 0.041358323637421535
4 0.6066889180591397 0.7500019340693083 0.026146005931498982 0.030165732122152632
2 0.8779220005314727 0.3273147646645538 0.01807883794672165 0.023278003333979846
4 0.11251451783167818 0.4720985274207452 0.056244682813525196 0.08089905575957416
2 0.24268217889637356 0.43482218377944426 0.039091674904859805 0.04212359818322895
2 0.3469266685162502 0.37693032226029577 0.03309634288963732 0.0478634151526907
2 0.5556742688202614 0.44062680513135444 0.032841674904859806 0.04161341515269079
2 0.6984374303792483 0.40467384542897716 0.021331171939110403 0.026658094849248925
4 0.8190311842964 0.02619712756082802 0.04648768083635879 0.05239425512165604
4 0.8715924515966055 0.09502842314928468 0.0377838428896375 0.04824605242559432
4 0.9412921393530466 0.18967150132863422 0.03328734387822045 0.052550915152690704
4 0.9531183187065306 0.24906247678282697 0.03290534190105419 0.0431759151526907
4 0.9906521635547438 0.30577499132669456 0.018695672890512327 0.0431759151526907
4 0.9719611606075848 0.2882844734488471 0.028026840912470874 0.038105777879787084
4 0.5985196379073529 0.60722450270576 0.031342841901054186 0.043048369395056164
2 0.4434435242574688 0.47565512255985815 0.031279174904859805 0.04148586939505616
2 0.6790892752088709 0.06449525558069799 0.03947367688202626 0.05149859818322886
2 0.7060801981365644 0.09207825057972817 0.029589340912470875 0.03823332363742164
2 0.7294686185927999 0.10819758709402741 0.031342841901054186 0.043048369395056164
2 0.40368736859279986 0.13479087756082803 0.03622134288963732 0.04811850666795978
2 0.7237822816718426 0.4880444548220936 0.026273339923887917 0.03329073212215263
2 0.5797285341433006 0.5115611874032882 0.031279174904859805 0.04148586939505634
2 0.6178479580595772 0.5429388620988765 0.019705004942915848 0.024968049091614476
2 0.5271049639538952 0.18193733134415155 0.036157675893442945 0.04655600666795978
4 0.4985859634967847 0.5785411354367358 0.03271434091247087 0.03848841515269079
4 0.4112173201894054 0.30035210468201073 0.03985567885919252 0.060873598183228864