2 0.3346332877391146 0.6263419063290876 0.032013659090609534 0.04520549214211726
2 0.28846344561190806 0.7137177818458161 0.02727161201270887 0.041862168320799496
2 0.33873618100141145 0.7270139944184286 0.031959112012708776 0.042080492142117266
2 0.21042599471840365 0.8119605368082148 0.04157957386326192 0.05657963978475218
2 0.3111702885498935 0.7603551873463342 0.03532957386326192 0.05628854135632899
2 0.17241965989809313 0.6503167154680967 0.024092064934808154 0.038591619106587774
2 0.027186800724758077 0.8408240531431531 0.02573638555165918 0.043351893713693815
2 0.7405423685022352 0.5878892584815645 0.027298885551659068 0.0434246683207995
2 0.8073031745085897 0.6051088376795656 0.03198638555165907 0.04364299214211727
2 0.7793884545403618 0.708054055214577 0.024173885551659068 0.04327911910658777
2 0.6246525413925625 0.4885143048002922 0.02557274431795715 0.03397689371369381
2 0.49034572523993847 0.4986791710113959 0.033548885551659066 0.04371576674922295
2 0.05653338148787883 0.8199100856081418 0.02886138555165918 0.04349744292790554
2 0.025217377430689046 0.6384075285360472 0.02718979139585782 0.0371746683207995
2 0.5186304123337251 0.5513118653870434 0.03215002678536116 0.05301799214211726
2 0.6384247150936686 0.5160207206398925 0.019322744317957153 0.03368579528527036
2 0.6207968843305479 0.5363888786216098 0.020857970779006862 0.03219606989237604
2 0.8352878526739229 0.6405540320552131 0.02557274431795733 0.03397689371369381
2 0.6817497954497522 0.6688160808551402 0.03031479139585791 0.037320217535011226
2 0.6565549265371846 0.7036106118723868 0.024037517856907442 0.03546661910658777
2 0.8434122240221225 0.5236747471090251 0.024146612012708603 0.04171661910658777
4 0.3978969468297241 0.6671809220448532 0.040262535713814974 0.0705693651776464
2 0.4764077305149442 0.6408495543860073 0.03519320616851011 0.04847604135632899
4 0.4000286424482228 0.43095232361642977 0.021103432629559958 0.04625856989237605
4 0.3825956805976697 0.41769034429459423 0.02258411201270878 0.041643844499481907
4 0.38988602921769794 0.43220660856261794 0.027435253246410874 0.0512371683207995
4 0.4505371570587194 0.41296214888548943 0.025872753246410873 0.051164393713693766
4 0.4691371525944925 0.4034951036002191 0.024282979707460583 0.04952911910658782
4 0.43463942166921593 0.398064894956548 0.02247501785690744 0.03539384449948209
4 0.4963581716692159 0.39519029797586663 0.02907957386326192 0.05599744292790545
4 0.3564752857105197 0.5338440372224996 0.02905230032431163 0.05443494292790554
4 0.35233148213979726 0.4308281991331585 0.03220457386326192 0.056142992142117265
4 0.2603309427725343 0.4906270382559569 0.025872753246410873 0.051164393713693815
4 0.30053320291880403 0.46451614847120465 0.027326159090609536 0.0449871683207995
4 0.27581957507778265 0.48208679218489847 0.024201159090609537 0.04484161910658777
4 0.9401895868456102 0.6927457706826736 0.02406479139585791 0.03702911910658777
4 0.9538605746707454 0.624866911915168 0.02422843262955965 0.046404119106587774
4 0.9473378392812422 0.6095330103435914 0.02431025324641105 0.05109161910658777
4 0.9909285576279121 0.5464122721304158 0.018142884744175802 0.04164384449948209
4 0.960500312495881 0.5573155388796387 0.016143197240056396 0.03041524607105863
4 0.9614764314084485 0.5236490142725329 0.01932274431795733 0.03368579528527036
4 0.9461514403369022 0.5415642603435915 0.024092064934808376 0.038591619106587774
4 0.9382395288106608 0.5810270206826736 0.024173885551659426 0.04327911910658777
2 0.9079986497518234 0.6402950128247908 0.0350841120127086 0.04222604135632881
4 0.8494928542987757 0.4240921240734957 0.022693206168510116 0.047893844499482086
4 0.5512018100635443 0.17761750020939698 0.027298885551659068 0.04342466832079959
4 0.5636881732940691 0.17625405335255012 0.0240920649348082 0.03859161910658786
4 0.585481352677218 0.1705477088530681 0.024119338473758488 0.04015411910658786
4 0.5299716923687925 0.17078745740532605 0.022338650162155815 0.027581344499481998
2 0.8829423283241935 0.5038502446278257 0.0144170560063543 0.02096747146395277
4 0.11176280356742715 0.5796446505381192 0.04508640340856664 0.078600188998964
2 0.2454383741842782 0.5781099216305685 0.0350295649348082 0.03910104135632882
2 0.3584974817327601 0.6049013999189468 0.027353432629559825 0.0465496683207995
2 0.5464048104672861 0.485121785155585 0.028779564934808023 0.03880994292790554
2 0.6925121972367612 0.4790986093911874 0.017596603084255237 0.02423802067816432
4 0.8923851067311125 0.8208558081100611 0.03557503571381489 0.070351041356329
4 0.9260004017804182 0.7309371294501792 0.030478432629559647 0.04669521753501123
4 0.9733100040538943 0.6192697293263448 0.025872753246410696 0.051164393713693815
4 0.9722463360348312 0.5583322293263449 0.027271612012708956 0.041862168320799496
4 0.9943438839268062 0.48983478639843925 0.011312232146387657 0.04157106989237604
4 0.982433813713697 0.5148540570766038 0.022502291395857556 0.03695634449948208
4 0.5527524476437982 0.3112476375129499 0.025709112012708958 0.04178939371369372
2 0.43064344277253425 0.4826946060814185 0.02565456493480802 0.03866439371369381
2 0.7468407816500345 0.8143425965709058 0.03363070616851012 0.04840326674922295
2 0.7665669005626023 0.7798027766785296 0.024037517856907442 0.03546661910658777
2 0.7857299577867727 0.7577993440897064 0.02568183847375849 0.04022689371369381
2 0.465536234572134 0.8243170258499601 0.028915932629560003 0.04662244292790554
2 0.6995786290555421 0.39119834905210515 0.020857970779006862 0.03219606989237622
2 0.5552519305976696 0.40964875020939695 0.0256545649348082 0.03866439371369381
2 0.5850115685849608 0.36760464537083276 0.016034103084255236 0.024165246071058542
2 0.5735884679330424 0.74344155335255 0.030423885551659247 0.043570217535011224
4 0.4622462244291595 0.36706745202864255 0.028725017856907443 0.03568494292790536
4 0.4368912629823482 0.6614553068672068 0.03225912094116268 0.05926799214211709