2 0.4217737919160561 0.2930109192791389 0.03132177759440165 0.04251476400381797
2 0.4081238437808671 0.19542739461332065 0.026397479254075585 0.03933522000318166
2 0.46021914004660064 0.20185866060632093 0.03264747925407559 0.03940794533736349
2 0.3670350572633957 0.07626886195100226 0.04152557178554286 0.05356135200509067
2 0.44542201162236206 0.16137002060791178 0.03371307178554286 0.05347044533736343
2 0.2755956863123343 0.21104439863145616 0.023154080083912554 0.0377363573360908
2 0.7961971419207005 0.4771013718969138 0.026634277594401644 0.042460220003181705
2 0.8657167365267601 0.4864576432209143 0.03132177759440182 0.04251476400381797
2 0.8741902421258374 0.3815792392186871 0.02350927759440182 0.042423857336090796
2 0.6529333166106727 0.5264666672501856 0.024361382573423462 0.03306703866963616
2 0.5280624485593963 0.4677103799331849 0.032765878424238615 0.04097044533736351
2 0.22239614087179324 0.01597844131922792 0.029167281743586494 0.03195688263845584
2 0.1307558603776066 0.16737730931731892 0.027604781743586493 0.03466590133672711
2 0.5720366688904022 0.4288836899268215 0.03191377344521662 0.05032726400381797
2 0.6748316273985534 0.505881447247004 0.018111382573423464 0.03299431333545435
2 0.665124740675945 0.48097235391473114 0.0209995842330974 0.029905676002545435
2 0.9046841481444778 0.4641099285487327 0.02436138257342364 0.03306703866963616
2 0.7678810425407561 0.3820343198997773 0.029285680913749522 0.03624658267027261
2 0.7553684645314359 0.34073715790105 0.02447978174358667 0.03462953866963616
4 0.9077751045780366 0.5461775412158236 0.02746307178554268 0.0533977200031817
2 0.873187539640971 0.5747298025541415 0.023390878424238794 0.04086135733609062
4 0.4964894493845888 0.2780666246021848 0.03946616431700996 0.06758748933799978
2 0.5622929707552131 0.33125471192713973 0.034801975104890734 0.047238626670908876
4 0.4191969340372491 0.4963450046149115 0.020621075934727527 0.04551249466899989
4 0.39773633113281975 0.5020682932845476 0.021828378424238615 0.04084317600254543
4 0.40862628694167863 0.4909944332829569 0.0256637734452168 0.05025453866963616
4 0.46092341536591724 0.5310467212762753 0.024101273445216797 0.050236357336090796
4 0.47538865706754746 0.5465171799411391 0.023864475104890738 0.0471113573360908
4 0.4404216612167323 0.5391046692791388 0.02123638257342364 0.03303067600254543
4 0.4986252475244223 0.5642313912715029 0.027581470955705713 0.0549602200031817
4 0.4115718429556745 0.38539841394813873 0.027463071785542727 0.05339772000318162
4 0.37324489399529287 0.47811317262095665 0.032150571785542856 0.05345226400381797
4 0.3055586412960006 0.38975974462922897 0.024101273445216797 0.050236357336090796
4 0.33508112055007616 0.42851316195895645 0.026752676764564675 0.044022720003181706
4 0.3175617338274678 0.4036949752944109 0.021946777594401647 0.04240567600254543
4 0.9905487786316979 0.10101848786605161 0.018902442736604286 0.06433522000318169
4 0.9942245192960317 0.12910712519896073 0.011550961407936456 0.050236357336090796
4 0.9947134618321435 0.5341400705363242 0.010573076335712982 0.050236357336090796
4 0.9939860450279447 0.5873741585375969 0.012027909944110604 0.029851132001909163
4 0.9859961155756988 0.6187696092059604 0.01811138257342364 0.03299431333545435
4 0.9772480776083349 0.5961951752069149 0.02315408008391273 0.0377363573360908
4 0.9821005983542591 0.5570417685391876 0.02350927759440182 0.042423857336090796
2 0.9740028332074122 0.49145313120627854 0.03420997925407576 0.039426126670908876
4 0.8450760402656708 0.668107632558914 0.022301975104890914 0.04709317600254544
4 0.4777603309323271 0.7841989932765936 0.026634277594401644 0.042460220003181705
4 0.4891714276129792 0.7903217239417754 0.023154080083912554 0.0377363573360908
4 0.5073653205593649 0.8034029792727754 0.023272479254075586 0.039298857336090884
4 0.4549856817621641 0.7829001226130025 0.02232528589277134 0.026798857336090796
2 0.9038581217994761 0.6079962885503235 0.014039189212119395 0.020457950668363624
4 0.19357701432165442 0.2534415313096829 0.04330155933798814 0.07699885200509068
2 0.32092168693703427 0.3035677059595928 0.033973180913749526 0.03630112667090888
2 0.4379674769789905 0.3209722872772298 0.026871075934727706 0.0455852200031817
2 0.5767017807179012 0.5007677805935943 0.027723180913749524 0.036228401336727244
2 0.7140726487691778 0.5593786172422315 0.017400987552445457 0.02361931333545435
4 0.9970518454428632 0.5903718892027787 0.005896309114273635 0.0393352200031817
4 0.9956436334102271 0.6342127958705059 0.00871273317954575 0.0361738573360908
4 0.5239939456596112 0.6616785559357302 0.024953378424238615 0.04087953866963616
2 0.4649112531234996 0.4598438832750027 0.024716580083912552 0.03775453866963616
2 0.8784023002144259 0.2720587885503235 0.03323947510489091 0.04722044533736343
2 0.8860497794685014 0.3110667445496872 0.02447978174358667 0.03462953866963616
2 0.8967155149463544 0.33831049721518724 0.02483497925407576 0.039317038669636165
2 0.6133907616223621 0.1594155272517765 0.028315176764564676 0.04404090133672711
2 0.690660304787818 0.6425365625795949 0.020999584233097578 0.029905676002545435
2 0.5594918925454004 0.5729064099300032 0.024716580083912552 0.03775453866963616
2 0.5741589664055355 0.6219978905951852 0.015838487552445456 0.023601132001909164
2 0.6900618506293443 0.2734683892425497 0.031203378424238613 0.040952264003817976
4 0.4566036908857264 0.5772313779440026 0.02904888257342364 0.03312158267027261
4 0.5316223885967082 0.29798822593095775 0.03094326929603177 0.058121582670272606