2 0.37851677024878405 0.683560613976524 0.02965278366526398 0.04522396879233561
2 0.36966507070427096 0.7807222190194782 0.024801592558271413 0.04029080732694616
2 0.42228163921592526 0.7701664993226315 0.031051592558271324 0.04061835594746519
2 0.33577616562479506 0.9025905749669434 0.03935516587924912 0.05509029172311415
2 0.4091169511041576 0.8121869029861045 0.03315972958158002 0.056325243102595124
2 0.23648054847175234 0.7760048207830719 0.021622028855940556 0.03856453301668665
2 0.741587233040141 0.46957784260694063 0.024910719962933214 0.043415807326946165
2 0.8107191789564571 0.4550373077812315 0.029598219962932947 0.04366146879233561
2 0.8250594427514549 0.5580018554972395 0.02334821996293286 0.04333392017181659
2 0.5954860485565703 0.43278492876670216 0.0230208377489479 0.033958920171816585
2 0.4737995323145016 0.5007680461341282 0.03110615626060209 0.04218085594746519
2 0.1945311175315608 0.9723785317734913 0.02765377404661713 0.03264208163720568
2 0.09494532369949585 0.8317712211671846 0.0262549651536097 0.0372476944820761
2 0.5209275034585611 0.5357295443251058 0.029871038474587407 0.05147396879233561
2 0.6182415022774347 0.45108787143975587 0.016770837748947897 0.03363137155129756
2 0.610337233040141 0.4764563636378398 0.019786710344286362 0.030670145861557075
2 0.8506348508261559 0.47322074174785794 0.0230208377489479 0.033958920171816585
2 0.7187003153467935 0.5666951820460625 0.02937996515360979 0.03741146879233561
2 0.7086606272350257 0.608551811399276 0.023075401451278843 0.03552142017181659
2 0.8130207781381504 0.3667970013587964 0.02329365626060209 0.041771420171816585
4 0.4531075424813026 0.6913487805302958 0.038338302902557686 0.07063340456798421
4 0.49872014284412225 0.6803803030315331 0.0285813569862416 0.059204581637205676
2 0.5159547720628825 0.6334676814802356 0.032886911069925695 0.048512743102595124
4 0.3637350515517953 0.48158203414834055 0.01876984736759484 0.04621325870642732
4 0.3420510245099533 0.47725970432015713 0.02173115626060227 0.04168953301668665
4 0.3541690785936373 0.4875421070791191 0.02518353847458741 0.051228307326946165
4 0.40405251670540493 0.44359735527009675 0.023621038474587408 0.05114642017181659
4 0.41712543557987897 0.4265360080290588 0.021949411069925696 0.04793953301668665
4 0.38242305336589383 0.43771252544191325 0.021458337748947898 0.03387703301668665
4 0.4388466681566838 0.40746178143480705 0.02690972958157989 0.0559976944820761
4 0.36298602868630453 0.5923557598380811 0.02685516587924912 0.0544351944820761
4 0.318549037123825 0.5026658180695385 0.02998016587924912 0.05459896879233561
4 0.2567905923886354 0.5963615863869041 0.023621038474587408 0.05114642017181659
4 0.2839359349469068 0.5559479483272632 0.026527783665263982 0.0450601944820761
4 0.26743791570961306 0.5817668198785608 0.02184028366526398 0.04481453301668683
4 0.9591516674388936 0.8270307372253022 0.022549611795565028 0.06512703301668665
4 0.9632860959320144 0.7979607129150427 0.015808538474587408 0.050736984396167625
4 0.9691938778679979 0.47246606795799684 0.02156746515360979 0.03700203301668683
4 0.9558878352170591 0.4068786895092943 0.021894847367595106 0.04637703301668683
4 0.9437697811333752 0.39659628675033237 0.022058538474587407 0.05106453301668683
4 0.9612598706964217 0.3200371087765997 0.020114092558271325 0.04004514586155707
4 0.9354686970126244 0.34400355325867576 0.015099210344286362 0.030424484396167805
4 0.9232787210592415 0.3134495940772786 0.016770837748947897 0.03363137155129756
4 0.9154290155242786 0.3372555862753625 0.021622028855940556 0.03856453301668683
4 0.9234672048171728 0.37504551334458397 0.02334821996293286 0.04333392017181659
2 0.9188317793192766 0.4407933440772787 0.03261409255827132 0.040700243102595124
4 0.7795212865756709 0.27653384950434556 0.020386911069925694 0.04785764586155707
4 0.40588786833416907 0.19005959746818063 0.02491071996293317 0.043415807326946255
4 0.41623509129232705 0.18405858095983724 0.021622028855940556 0.03856453301668679
4 0.4339136646133047 0.16909532225340998 0.021676592558271323 0.04012703301668678
4 0.38314977278067275 0.19359071121756205 0.02124008293962456 0.027627033016686786
2 0.8415649295894291 0.3309889761440258 0.0147718281303014 0.021049484396167807
4 0.1527156728811892 0.7406239207376434 0.04173612141421197 0.07860967887824373
2 0.27647312061160373 0.6803304726375228 0.0340674651536097 0.0376571302577247
2 0.3928074487419049 0.6539583231579211 0.02501984736759475 0.04654080732694634
2 0.5210936837657805 0.4639773750578005 0.02625496515360979 0.0372476944820761
2 0.6553074818590148 0.39455791044933647 0.016443455534962938 0.024256371551297562
4 0.967599117616379 0.6074585436477373 0.021150802902557685 0.06973264586155707
4 0.9685837534585611 0.512268874380432 0.02496528366526398 0.04497830732694617
4 0.9711680948357062 0.39360076153556167 0.023621038474587408 0.051146420171816497
4 0.946515324417286 0.3403053431727675 0.026364092558271324 0.04037269448207601
4 0.9491071002780018 0.2660865931727675 0.024801592558271322 0.04029080732694634
4 0.9386681080825501 0.297046666103546 0.02156746515360979 0.03700203301668683
4 0.45947168140352773 0.30812352272837984 0.02329365626060227 0.041771420171816585
2 0.411726118249351 0.5141588387617533 0.024747028855940555 0.03872830732694617
2 0.8360837335882951 0.6665989275235067 0.03132441106992552 0.04843085594746519
2 0.8413540761465665 0.6273317096356823 0.02307540145127902 0.03552142017181659
2 0.850148722788522 0.5987972738600336 0.024801592558271322 0.04029080732694616
2 0.5779760785088193 0.8002180902320915 0.028090283665263983 0.04514208163720568
2 0.62694935808255 0.31338315355193147 0.019786710344286362 0.030670145861557075
2 0.4993575822218343 0.39415287596231163 0.024747028855940555 0.03872830732694634
2 0.5112598706964218 0.3436206094539682 0.014880955534962936 0.024174484396167806
2 0.647666074332468 0.6803725797166418 0.029598219962933214 0.04366146879233561
4 0.3962871459241652 0.39799492820087523 0.027708337748947987 0.034204581637205765