2 0.34839465260883756 0.6901695170209468 0.026807939695149673 0.044200285892771515
2 0.31377018861499517 0.7789117856922788 0.022102258976990363 0.04072008838228243
2 0.36538268558993303 0.7914127083076585 0.028343168617910842 0.03963118506293437
2 0.24875878785286937 0.8794077705454317 0.03468407220870695 0.05572978174358667
2 0.3429355138487643 0.8256334203402946 0.028434072208706952 0.055256185062934546
2 0.19002816158582797 0.7172145012493999 0.01895907825883123 0.037358290041956364
2 0.06699570344571808 0.9117080172214393 0.028352258976990452 0.04119368506293455
2 0.7471770653730159 0.6454205049975995 0.022120439695149586 0.043845088382282425
2 0.8159906978865733 0.6615675684847725 0.026798849336070064 0.04263778589277152
2 0.8017514567653677 0.7643490263682237 0.018986349336070064 0.04204579004195637
2 0.6201009600850175 0.5475489222143946 0.020494307181592397 0.032789189212119395
2 0.4874202702916719 0.5601412427505374 0.028352258976990542 0.04119368506293455
2 0.09654230287998403 0.8897388514545369 0.023673849336070064 0.04240098755244546
2 0.0423855471244474 0.708369529668994 0.0236374878997516 0.03615098755244546
2 0.5220861617822197 0.612746024494124 0.02529089149054773 0.05189438672260849
2 0.6366572010098311 0.5745733635011062 0.014253397540672097 0.03387809253146727
2 0.6227219660369459 0.595382770969639 0.017360216822512698 0.030989890871793335
2 0.8489895502477054 0.6960852010581959 0.020494307181592574 0.032789189212119395
2 0.700016239942855 0.7269655803076273 0.02519998789975162 0.03626938672260849
2 0.6791361133812261 0.7620859415104263 0.020503397540672097 0.034351689212119396
4 0.8688429871141846 0.6187181402703154 0.020612481849627072 0.0531016892121194
2 0.8420623184962739 0.5792053543775438 0.018977258976990187 0.04048329004195637
4 0.416567935688129 0.7304761309230383 0.03164088544042372 0.0695554834032606
2 0.491377038147457 0.7033467910908635 0.028388620413308984 0.04744368506293437
4 0.38864188182618625 0.49408834503026694 0.014326120413308895 0.046378092531467276
4 0.3698237041330891 0.48094880498831055 0.017414758976990453 0.04036489087179333
4 0.37849472218526586 0.4948812504242072 0.020594301131468207 0.049976689212119396
4 0.4369475716195318 0.4751024693053207 0.019040891490547905 0.05142079004195636
4 0.4540714391059745 0.4654673601771139 0.019022710772388506 0.04829579004195637
4 0.41890155356735514 0.4604596288484458 0.017378397540672098 0.034114890871793334
4 0.4797890565924172 0.4564834464848039 0.02218407220870695 0.05478258838228243
4 0.35879127624360024 0.5980295612120881 0.02061248184962743 0.0531016892121194
4 0.3410129029034251 0.49516467034029465 0.02530907220870695 0.05501938672260849
4 0.25781003834384875 0.5560178147365729 0.019040891490547728 0.05142079004195636
4 0.29436061670087577 0.5298939452354039 0.022129530054229286 0.04540758838228243
4 0.2718134510098312 0.5469271572680402 0.017432939695149675 0.043489890871793335
4 0.960172489942855 0.7466790421397708 0.01894998789975162 0.03579579004195636
4 0.9652412641433518 0.6783434392353411 0.017451120413308985 0.04661489087179334
4 0.9565657009116354 0.6636297437994447 0.01747839149054755 0.051302390871793335
4 0.9928743429913582 0.5992838238833572 0.014251314017283434 0.040246491701630305
4 0.9632833335233885 0.6102562900651782 0.012672716822512697 0.030634693361304245
4 0.9599628908031768 0.5764257417248523 0.014253397540672097 0.03387809253146727
4 0.9467952702916719 0.5949505987784665 0.01895907825883114 0.037358290041956364
4 0.9431208244482022 0.634498350853059 0.018986349336070064 0.04204579004195637
2 0.9208236436318472 0.694500312885695 0.029905668617910663 0.0397495842330974
4 0.8352350806947181 0.47951300769689176 0.015897710772388506 0.048058991701630305
4 0.5074090207826514 0.23758008113281978 0.022120439695149586 0.043845088382282335
4 0.5191141352440318 0.23612432490904242 0.01895907825883114 0.037358290041956274
4 0.5401624334486337 0.2299102137062433 0.01896816861791084 0.038920790041956366
4 0.4855067497054124 0.23123499275053744 0.018895445745273954 0.02642079004195628
2 0.8786447131100796 0.5585502348763749 0.01261817466803521 0.021259693361304243
4 0.12090545686356365 0.6479424377622267 0.03481133723582168 0.07760478174358668
2 0.25363614363184706 0.6439438672260838 0.029887487899751618 0.03662458423309758
2 0.37013329722264326 0.668389605403229 0.020576120413308984 0.04685168921211939
2 0.5419986859827166 0.5455352137062432 0.023646578258831142 0.037713487552445454
2 0.6864208516737611 0.537737136946323 0.014198855386194253 0.024503092531467274
4 0.9281235801055431 0.8754426595663471 0.026953385440423715 0.06920028589277152
4 0.9510247489198456 0.7850311471187925 0.025254530054229462 0.04564438672260849
4 0.9831691075274935 0.672673779692216 0.019040891490547905 0.05142079004195636
4 0.9750066287029284 0.6119255338414009 0.022102258976990186 0.04072008838228243
4 0.9927107165279251 0.5430930234684388 0.014578566944149784 0.04036489087179333
4 0.9786538034691592 0.5676902817668085 0.01894998789975162 0.03579579004195636
4 0.5253692013044188 0.37169497200461304 0.02054884933607006 0.042164189212119306
2 0.42564243295765447 0.545308225529098 0.020530668617910662 0.03903918921211939
2 0.7828519867214012 0.8714627867411859 0.026826120413308986 0.04732528589277152
2 0.7982679084625699 0.8367092784428163 0.020503397540672097 0.034351689212119396
2 0.8145378030763759 0.814514969729528 0.020539758976990185 0.040601689212119395
2 0.5041548149802324 0.8862660348670861 0.023692030054229284 0.045525987552445454
2 0.6820009963857627 0.4491598890209154 0.017360216822512698 0.030989890871793335
2 0.539995303567355 0.4696355645360802 0.020530668617910842 0.03903918921211939
2 0.5655220235131259 0.42783915084377017 0.01418976502711473 0.022940592531467276
2 0.6020696193331544 0.8038814325873567 0.025236349336070062 0.042519386722608486
4 0.442929406026683 0.4294823159859728 0.025190897540672098 0.034706886722608486
4 0.45479464353365123 0.7240019105920323 0.023773843285945874 0.05958848755244546