2 0.2950692433520154 0.35467416198241636 0.03456517676456468 0.044659282132453626
2 0.24659769978557416 0.27423415571421017 0.029640878424238615 0.04139788981258556
2 0.29795929024244894 0.2548105543022844 0.03589087842423862 0.04157974623907634
2 0.1708299504102741 0.18367500336521228 0.04644987012586883 0.057477530878812376
2 0.27063977364570946 0.22442437232811532 0.04008147095570589 0.05573317445232169
2 0.13339803754315657 0.34846492907117516 0.026279080083912554 0.03818196159934022
2 0.0011704910769303133 0.17557666152019794 0.0023409821538606266 0.04259667695960414
2 0.6969393966713633 0.34921715452707597 0.029759277594401647 0.04296038981258556
2 0.7642811846387272 0.32465141204892334 0.03612767676456467 0.044704746239076346
2 0.7391054311142422 0.22482490828799967 0.028196777594401645 0.042914925705962934
2 0.5785544043450331 0.46101612404397496 0.02748638257342364 0.03353992570596294
2 0.4441202047599516 0.4657072872135256 0.036009277594401645 0.043142246239076344
2 0.016568502899785027 0.19284071786754636 0.03288427759440164 0.04305131802583091
2 0.4732641757156575 0.41029236150756265 0.036719672615379825 0.052517246239076346
2 0.5966657869184566 0.42774898297774816 0.021354781743586494 0.03492056927947225
2 0.5759155790350053 0.4135417304704657 0.02424298340326043 0.031886497492717505
2 0.7936852647226397 0.28637852223633775 0.02748638257342364 0.03353992570596294
2 0.64018175642427 0.2752544687919832 0.03252908008391255 0.03836381802583091
2 0.6227700360932641 0.23756425217807803 0.027604781743586493 0.035102425705962934
1 0.10984121575761377 0.4021582304039587 0.03347627344521675 0.05086381802583091
1 0.04878623920283053 0.3540449908288 0.03539397095570583 0.05559678213245363
2 0.803129274470902 0.39835568501017693 0.028078378424238437 0.04135242570596294
4 0.3547528192867431 0.3077249541439998 0.045834563487173074 0.06993206677218974
4 0.4002904622331288 0.2931479771052534 0.03563076929603195 0.058721782132453625
2 0.4329603296597053 0.3249375347062431 0.038045374275053764 0.04943771034569897
4 0.3517182945921265 0.5432305451310844 0.025308575934727705 0.045948997492717504
4 0.33418725247557773 0.5585516682506225 0.026515878424238616 0.04130696159934022
4 0.34156204459212647 0.5435260618241318 0.0319137734452168 0.05081835391920819
4 0.3978945549650887 0.5613751398790926 0.0303512734452168 0.05077288981258547
4 0.4320677228065836 0.5939004833734596 0.02867037427505359 0.04916492570596294
4 0.386187460359029 0.5718496386254514 0.024479781743586494 0.0350114974927175
4 0.36059638712359365 0.5289407245979709 0.03527557178554286 0.05403428213245363
4 0.3848151371235937 0.5282360309453195 0.026397479254075585 0.03974446159934022
4 0.3718298850490013 0.5247162258516122 0.025190176764564677 0.0443864974927175
4 0.45156400662476265 0.5629316282006102 0.03383147095570589 0.05555131802583091
4 0.31343888982288604 0.4414467362764535 0.03371307178554286 0.05398881802583091
4 0.27179491886718027 0.4972253748353978 0.03695647095570589 0.05564224623907634
4 0.21398241886718025 0.49890754678043703 0.030351273445216775 0.05077288981258565
4 0.2528906308998164 0.5203817300082474 0.0315585759347277 0.046130853919208195
4 0.23981121305832137 0.48724262107447414 0.03203217261537983 0.052380853919208194
4 0.22823417301636512 0.5062881377675216 0.026752676764564675 0.04443196159934022
4 0.9006465823589977 0.22246312325255216 0.0261606809137497 0.03661946159934022
4 0.9128021176270693 0.28836926807970265 0.028433575934727884 0.046039925705962936
4 0.9053681259254389 0.30417612450619336 0.028788773445216975 0.050727425705962934
4 0.9428788587039996 0.36466734362738096 0.02495337842423879 0.0412614974927175
4 0.9170859533100592 0.35528398343996653 0.01943708423309758 0.03018760517284953
4 0.8930681128531844 0.37391196298599544 0.02135478174358667 0.03492056927947216
4 0.8963590562144887 0.3613437668260614 0.02627908008391273 0.03818196159934022
4 0.886463837958075 0.3273324796790429 0.028196777594401822 0.042914925705962934
2 0.8660930609883734 0.27725592333169446 0.02724958423309758 0.030414925705962936
4 0.8024645784103054 0.4997135965303749 0.026989475104890824 0.04755696159934022
4 0.4983285723870208 0.7790590818823915 0.029759277594401647 0.04296038981258547
4 0.5100473223870208 0.7787181010827214 0.026279080083912554 0.03818196159934022
4 0.5316263244616133 0.7819878535900038 0.026397479254075762 0.0397444615993404
4 0.4765836269511242 0.7882665973217977 0.023887785892771518 0.02719899749271768
1 0.19616242114226534 0.7855126365138803 0.024598180913749566 0.03657399749271768
1 0.21738622570636873 0.7934698890211628 0.025805483403260433 0.031931961599340045
1 0.23408847363177623 0.7890862659016247 0.021236382573423463 0.03335806927947225
1 0.3494407864942494 0.8098952079049235 0.02279888257342346 0.03340353338609496
1 0.36705433898376033 0.8140598706787626 0.023035680913749523 0.036528533386094963
2 0.8408301840140272 0.41518783234460993 0.017164189212119395 0.02076714106622681