2 0.32850203375008197 0.3705862525340827 0.03434028366526398 0.04394089754067192
2 0.2740476575265466 0.2874737706844554 0.02954365626060227 0.040788626463433175
2 0.3226116430985764 0.2690101169954634 0.03423115626060227 0.04081589754067192
2 0.18648068094019155 0.19557664129415606 0.044151793283910834 0.056495439695149675
2 0.2918601509031246 0.23836865017295059 0.03784722958157989 0.05489657825883114
2 0.16570193338726227 0.36104710518980254 0.026309528855940557 0.03764544574527386
2 0.01109873502387556 0.18362102107723885 0.010848219962933106 0.04224204215447771
2 0.7354514381965856 0.37061054107432323 0.029598219962933214 0.04235112646343318
2 0.8002307008104574 0.34677358615566717 0.03434028366526398 0.04394089754067192
2 0.7616096557124481 0.24735030307637573 0.026473219962933215 0.04233294574527387
2 0.6314856792109109 0.4801395562978296 0.0261458377489479 0.032957945745273776
2 0.49724708846673826 0.4832640354169825 0.03584821996293321 0.04238748789975162
2 0.03362849945184583 0.20249828610435347 0.031160719962933105 0.04236021682251272
2 0.023660766326886816 0.3867778373340175 0.02156746515360969 0.03605567466803503
2 0.5187475770339928 0.4279316408031767 0.034613102176918174 0.05175339754067192
2 0.6414410325689557 0.4520781888113869 0.02151290145127884 0.03449317466803503
2 0.6228175181409854 0.43322364968197125 0.02296627404661713 0.03137726502711473
2 0.823921171954517 0.309419031900941 0.0261458377489479 0.032957945745273866
2 0.6687698804847046 0.2952378363520589 0.03255952885594056 0.0376818071815924
2 0.6403075745869221 0.2630475050681656 0.026200401451278842 0.03452044574527395
4 0.8624231659640671 0.38306561015977225 0.03154266587924894 0.0532977168225127
2 0.8443651359270004 0.42513948067127705 0.02641865626060209 0.040770445745273776
4 0.3869940908289909 0.3232799813586481 0.044588302902557685 0.06899543969514976
2 0.46809032340579576 0.34171688485124835 0.03762897477225664 0.04864657825883114
4 0.4147371780297847 0.5585498608471433 0.02501984736759475 0.045448855386194253
4 0.3988492832019278 0.5732981620768073 0.02485615626060227 0.040761355386194256
4 0.40379967802978467 0.5584862283335859 0.029871038474587407 0.05016362646343318
4 0.4667361876484315 0.5713498426967707 0.02830853847458741 0.05015453610435348
4 0.48575900616008577 0.579271427005726 0.02825397477225664 0.048592036104353656
4 0.45246535652290554 0.5876697342855144 0.024637901451278844 0.03451135538619425
4 0.5133210109694092 0.5856805082896195 0.031597229581580066 0.0548602168225127
4 0.3605184147829408 0.45981692417705566 0.03154266587924912 0.0532977168225127
4 0.3672446191367772 0.562960104895215 0.03628472958157989 0.05488748789975162
4 0.27018608066218985 0.5124055929913582 0.02830853847458741 0.05015453610435348
4 0.31235622249482187 0.5345214875069682 0.03126984736759484 0.0454852168225127
4 0.28605661732267873 0.5195277465821544 0.026527783665263982 0.04389544574527378
4 0.9233011238612827 0.24750990524111618 0.02625496515360979 0.03608294574527386
4 0.943588831210344 0.3140206943705318 0.02658234736759475 0.04545794574527386
4 0.9386657182336526 0.3296138781137531 0.02830853847458741 0.05015453610435348
4 0.9891418894703794 0.3884985196043009 0.021716221059241293 0.040761355386194256
4 0.9576538204105709 0.3812763720636289 0.018224210344286007 0.029787493949875808
4 0.9619246581595189 0.41410705278178817 0.021512901451279022 0.03449317466803503
4 0.9441642392850449 0.39760080883191234 0.026309528855940557 0.03764544574527386
4 0.9318899285779387 0.359255926318355 0.026473219962932858 0.04233294574527395
2 0.896331885294028 0.3028104835981432 0.03735615626060209 0.04083407825883123
4 0.861083899173844 0.5236542487234537 0.025074411069925872 0.047011355386194255
4 0.5909996107840747 0.7970270744482022 0.029598219962933214 0.04235112646343318
4 0.6034996107840748 0.7970997973208391 0.026309528855940557 0.03764544574527395
4 0.6255110200399019 0.8011333123479538 0.026364092558271324 0.039207945745273774
4 0.5710144929980598 0.8062838997801671 0.024419646641955416 0.028261355386194252
2 0.8855630548014741 0.44178208000734714 0.0163343281303014 0.020403403590796287
4 0.11290680480147422 0.43728689744247606 0.04954862141421192 0.0768352107723885
2 0.2453100770339928 0.42634082796424366 0.035684528855940555 0.03769998789975162
2 0.35493804817805225 0.3894862434588965 0.02970734736759484 0.04547612646343317
2 0.5545511569783924 0.4914083335233885 0.030997028855940557 0.0376727168225127
2 0.6995362747644073 0.48287873691779293 0.018060519237293703 0.02509999394987581
4 0.8619866232283104 0.12452185713471012 0.03990080290255769 0.06896816861791083
4 0.9048313768565075 0.21069116129124038 0.03439484736759475 0.04550339754067201
4 0.9632292086150057 0.317259323859027 0.029871038474587407 0.05016362646343318
4 0.9684821930059091 0.37821500457718626 0.02954365626060209 0.040788626463433085
4 0.9955655042611692 0.44324965211785816 0.00886899147766158 0.040761355386194256
4 0.9832366629688423 0.420479772629363 0.02469246515360979 0.03607385538619425
4 0.5785219142347866 0.6633878726528041 0.02798115626060227 0.040779536104353656
2 0.43938994844820467 0.5040168969514968 0.027926592558271325 0.039217036104353654
2 0.7181647013586117 0.14399349891984548 0.0360119110699257 0.04707498789975162
2 0.7411582572563942 0.17615201394696015 0.026200401451278842 0.03452044574527387
2 0.7622073672378606 0.19736393861499518 0.027981156260602092 0.04077953610435352
2 0.4383234339354164 0.1603305294650541 0.03283234736759475 0.04549430718159235
2 0.7150918420949353 0.5704514597904298 0.02296627404661713 0.03137726502711473
2 0.5704241828391081 0.5657043515755652 0.027926592558271325 0.039217036104353474
2 0.6045734935462141 0.6041764991162373 0.018005955534962936 0.02353749394987581
2 0.5540600505403048 0.2313020804983264 0.03272321996293322 0.042369307181592396
4 0.48313500316486097 0.6159674511080271 0.030887901451278666 0.034547716822512696
4 0.4268924045313217 0.3250742855151783 0.0348313569862416 0.05800339754067192