2 0.3121916773512588 0.39938368568919513 0.035165932629559825 0.04691354135632882
2 0.2522342504037418 0.3185296379227255 0.03039661201270887 0.04200771753501131
2 0.2987137840889619 0.2980566261359012 0.03667388555165925 0.04386131596343468
2 0.1586012528393738 0.23142343610347987 0.046294347402212256 0.058360463606069855
2 0.26619161038785577 0.26843974669023113 0.04157957386326192 0.056579639784752264
2 0.14901952150706016 0.398028739246633 0.027217064934808154 0.0387371683207995
2 0.7162109756469754 0.3799510589296122 0.032013659090609534 0.04520549214211709
2 0.7789876651763942 0.3539921805173994 0.035138659090609536 0.045351041356328815
2 0.7335603425309483 0.2558607415184354 0.02886138555165907 0.04349744292790536
2 0.6206411513766765 0.4949338959854961 0.028725017856907443 0.03568494292790554
2 0.48732013676617997 0.5043366670779453 0.03667388555165907 0.04386131596343468
2 0.013643308845728206 0.24496789764263513 0.01948638555165918 0.04306079528527027
2 0.014531473211343493 0.4300149857319763 0.01471706493480816 0.038154971463952594
2 0.5050610158250173 0.4473974623632156 0.03683752678536116 0.05323631596343468
2 0.6287303409060951 0.46642790632457826 0.022447744317957152 0.03383134449948209
2 0.6088990819776414 0.44833072373575505 0.023982970779006862 0.03234161910658777
2 0.8001671899331605 0.3151672750168814 0.028725017856907443 0.03568494292790545
2 0.6446984399331604 0.3079262016098486 0.03346706493480802 0.03902826674922304
2 0.6145063794625794 0.2776372340748373 0.02718979139585791 0.0371746683207995
2 0.8279257715070603 0.42964930603412804 0.0288341120127086 0.04193494292790554
4 0.36673312702694727 0.3488421842414531 0.048075035713814974 0.07093323821317572
4 0.4086069813290184 0.3328383486333112 0.038509120941162635 0.05955909057054054
2 0.44818767856907477 0.36434521381095764 0.039907979707460586 0.0502568651776464
4 0.4098593843305479 0.5834740494190995 0.027353432629559825 0.0465496683207995
4 0.39531564325900165 0.5999701906515937 0.02727161201270887 0.041862168320799496
4 0.39973040786949826 0.5845635144729113 0.032122753246410875 0.05145549214211727
4 0.46313438879477475 0.5945421360606986 0.032122753246410875 0.05145549214211709
4 0.48277473295057616 0.6017018186495219 0.030505706168510116 0.04825771753501122
4 0.44938553449270363 0.6118559145967459 0.025600017856907444 0.035539393713693815
4 0.5109542800284768 0.6061367615774274 0.03532957386326174 0.05628854135632881
4 0.34964285876300266 0.4877762516526298 0.03373980032431154 0.05465326674922295
4 0.36314802556424997 0.5906658112059238 0.03845457386326192 0.05643409057054054
4 0.2631928900125907 0.5438571236547018 0.032122753246410875 0.05145549214211727
4 0.3072565357105197 0.5638635626536658 0.03204093262955983 0.046767992142117264
4 0.27970823416839213 0.5508712570293133 0.028888659090609538 0.045059942927905536
4 0.8942387439109201 0.24851277605033872 0.027217064934808022 0.038737168320799584
4 0.9195757090078839 0.3137032824604795 0.02891593262955965 0.04662244292790545
4 0.9159558311668625 0.32992759594271487 0.030560253246410696 0.051382717535011314
4 0.9708030182606493 0.386344569887867 0.02568183847375849 0.04022689371369372
4 0.9371410844132735 0.380873665835091 0.020830697240056394 0.03063356989237622
4 0.9447450787312306 0.41401365156706743 0.02244774431795733 0.03383134449948204
4 0.9257223433417272 0.3975153562817971 0.027217064934808022 0.038737168320799584
4 0.9110189151763942 0.3601416348178444 0.02886138555165907 0.04349744292790536
2 0.8718103648520827 0.3052336569437508 0.038236385551659424 0.04393409057054054
4 0.8514917309219812 0.5275431505336101 0.028943206168510472 0.04818494292790554
4 0.6028083636309713 0.8149360268789081 0.032013659090609534 0.04520549214211718
4 0.6152947268614961 0.814736973735755 0.0272170649348082 0.038737168320799584
4 0.6371970004004466 0.8173183182352372 0.02724433847375849 0.040299668320799495
4 0.5826867784036237 0.8249274569865321 0.025490923701106283 0.029289393713693813
2 0.8703450965881381 0.44489547042598615 0.017569329545304768 0.022675520678164317
4 0.10198660876300267 0.47624147642635145 0.05289890340856664 0.07896406203449331
2 0.23282750567874758 0.4589170434232434 0.03661933847375849 0.040736315963434674
2 0.3398217995102374 0.41706349131354764 0.03204093262955983 0.04676799214211709
2 0.5443922970746053 0.5093366902373091 0.03193183847375849 0.040517992142117265
2 0.6885553542987758 0.49497459139460087 0.019186376623205346 0.02587329528527036
4 0.8250057284896446 0.12819596794478685 0.04336026217486477 0.06915241439185818
4 0.8740938392845374 0.2124468434615155 0.035165932629560005 0.04691354135632884
4 0.9391478693163094 0.31695671504930273 0.032122753246410694 0.05145549214211718
4 0.9487916505658976 0.37751322538838494 0.0319591120127086 0.042080492142117086
4 0.9880316312893033 0.44037925247669013 0.023936737421393416 0.04200771753501122
4 0.9659070125786064 0.4189023587629965 0.02718979139585791 0.0371746683207995
4 0.5801776128201924 0.6811774569865321 0.030396612012708955 0.04200771753501122
2 0.4307525369283357 0.5282428939185815 0.02880683847375849 0.04037244292790554
2 0.6833909728076017 0.15438597869815382 0.038345479707460585 0.05018409057054059
2 0.7081415568171334 0.1859827351082946 0.02718979139585791 0.03717466832079959
2 0.7311250892845373 0.20578796691132953 0.03039661201270878 0.042007717535011244
2 0.40601599512873604 0.18440084863331122 0.03360343262955982 0.04684076674922304
2 0.7103678989410446 0.5818581612869771 0.023982970779006862 0.03234161910658777
2 0.5659866534052714 0.5837202601296851 0.02880683847375849 0.04037244292790554
2 0.602537808031654 0.62055032609312 0.019159103084255058 0.02431079528527036
2 0.5265836396088489 0.2493431060769093 0.035138659090609536 0.045351041356328815
4 0.48185316111590915 0.638347794042416 0.03187729139585791 0.03739299214211709