2 0.38777593673067684 0.3116388112954064 0.028281508897248564 0.04296038981258556
2 0.3792551239928263 0.21361884844242493 0.025029174904859806 0.03974446159934022
2 0.43137603950614595 0.22061064601428476 0.029716674904859807 0.03988085391920819
2 0.34975064920169724 0.09308738809672593 0.0381021778706093 0.05417067445232167
2 0.41975013140720013 0.17959920110799193 0.03185217787060921 0.053988818025830956
2 0.2496803705327852 0.22627430964605372 0.02027800790866543 0.038045569279472155
2 0.7397337316740302 0.504126805818623 0.02359400889724874 0.04282399749271768
2 0.808133563194961 0.514720976510021 0.029780341901054184 0.04144335391920819
2 0.8264617519399853 0.41044265346962516 0.022031508897248385 0.04277853338609492
2 0.5916344712939068 0.5490946618494024 0.023148339923887918 0.031886497492717505
2 0.47211515015309935 0.4877359615328333 0.029780341901054184 0.04144335391920819
2 0.2117041625475701 0.02571436850068463 0.026591674904859808 0.0397899257059629
2 0.10536929642622814 0.17827341567683302 0.026400673916276596 0.03510242570596289
2 0.5205499915598619 0.4508186347315137 0.028599843878220454 0.05077288981258547
2 0.6199013927387256 0.5272340337152992 0.016962006920082297 0.033267141066226816
2 0.6083245641835443 0.5042140708623177 0.01995967292769336 0.030233069279472245
2 0.8489004846397797 0.4932240612288994 0.023148339923887918 0.031886497492717505
2 0.7201799184418881 0.40813234421928274 0.027963173916276673 0.03514788981258552
2 0.720400094335331 0.36433688011266013 0.021649506920082117 0.03340353338609488
1 0.20274170353659077 0.22647288644737334 0.027037343878220543 0.050727425705962934
1 0.1386911323957833 0.16672816191590933 0.02722834486680368 0.05541492570596294
2 0.8116312949061724 0.6016443149898232 0.021967841901054184 0.04121603338609496
4 0.4595063566926207 0.29808242814673835 0.03555018083635879 0.06814224623907635
4 0.504532355209746 0.3064321372387961 0.027355678859192524 0.058539925705962934
2 0.5198735123201086 0.3522447424116456 0.031597509885831696 0.04773881802583091
4 0.36078106072350313 0.5134369920159342 0.01747134288963732 0.04576714106622681
4 0.3386513927387256 0.5190504945232167 0.02034167490485981 0.03960806927947225
4 0.3508158117120863 0.5084539753228867 0.023912343878220544 0.05063649749271768
4 0.3927831358186434 0.5534769703083219 0.022349843878220456 0.05059103338609496
4 0.40887370943090884 0.6000935575344826 0.022222509885831743 0.047466033386094966
4 0.3777802183281574 0.5569513112954064 0.020087006920082206 0.03335806927947225
4 0.3736312292025723 0.5052069548689156 0.0256021778706093 0.05380696159934022
4 0.3950923937273087 0.5159997023616332 0.02027800790866543 0.038045569279472245
4 0.3853181457044751 0.5063291856685858 0.018970175893442943 0.04425010517284953
4 0.4330115463890471 0.583588019133823 0.025665844866803768 0.05536946159934022
4 0.3684900844494993 0.40102792022917955 0.0240396778706093 0.053761497492717504
4 0.3161688976816414 0.49493103292387647 0.02872717787060939 0.053897889812585476
4 0.2580473329666246 0.4048539507122806 0.022349843878220456 0.05059103338609492
4 0.28383124155986195 0.4439308225781774 0.025220175893442942 0.04443196159934022
4 0.293570997491361 0.4160558751646022 0.02397601087441492 0.0521989974927175
4 0.26844366349897225 0.41845344945863927 0.020469008897248564 0.0427330692794722
4 0.9665097262740039 0.14075594226599633 0.024485346843970034 0.06469899749271754
4 0.9789633053234766 0.16145488717228912 0.02234984387822081 0.05059103338609483
4 0.9680324866169461 0.4873043333322231 0.021776840912470875 0.036528533386094963
4 0.9512323057805873 0.554082656372619 0.0205963428896375 0.045858069279472245
4 0.9390360533091293 0.5654604255729488 0.020787343878220454 0.05054556927947225
4 0.9469812044879931 0.6392161743193077 0.018779174904859985 0.03956260517284953
4 0.9282776254385201 0.6183353729865242 0.015272172927693362 0.030096676959604097
4 0.8991485409518397 0.6229630370140045 0.016962006920082474 0.033267141066226816
4 0.9073430429290059 0.6138153575471179 0.02027800790866543 0.038045569279472245
4 0.9127454673395743 0.5772102678136747 0.022031508897248385 0.04277853338609496
2 0.9158187292025722 0.5209829998669859 0.02302100593149916 0.028761497492717503
4 0.7694981916364116 0.6950616943775674 0.0190975098858317 0.04737510517284953
4 0.39122199992563794 0.8029457728947467 0.023594008897248563 0.04282399749271741
4 0.4019366654389575 0.8087327716411054 0.02027800790866543 0.038045569279472245
4 0.4185829959713052 0.8225141268139549 0.021904174904859807 0.039653533386094966
4 0.3678163334237351 0.8014825612954063 0.021331171939110227 0.025591033386094697
1 0.12560361159835556 0.6606827503957114 0.018588173916276585 0.03487510517284953
1 0.14130952464021726 0.6783476235152495 0.02152217292769345 0.030278533386094965
1 0.15755660714973127 0.6827312466347877 0.016962006920082207 0.033267141066226816
1 0.24831425832859488 0.7588965930321485 0.018524506920082208 0.03331260517284953
1 0.262680505857137 0.771047252045064 0.018588173916276585 0.03487510517284953
2 0.8376380379860902 0.63525243685572 0.013327670950527093 0.02067621285298138
4 0.16277327813743941 0.26676526583511756 0.040619682813525196 0.07765363855894432