2 0.36165600862481384 0.33633504461534847 0.02844373545613248 0.0440818867226084
2 0.3499688227193377 0.23876130498831066 0.02337359818322886 0.03903918921211939
2 0.4021212540828859 0.2450714271887719 0.029623598183228773 0.03951278589277134
2 0.3165660045419279 0.11831782780882746 0.03702151000193972 0.05404888257342351
2 0.38974867090256654 0.2040436854871417 0.03089905575957417 0.05513778589277143
2 0.22052056771836792 0.2548930226200242 0.02012105242559432 0.03723989087179334
2 0.1542570653024719 0.026624467431220888 0.028985869395056162 0.03170028589277141
2 0.7191501599825431 0.5214268979439851 0.02362868969849785 0.042164189212119396
2 0.788426318467274 0.5298206610162397 0.028316189698497852 0.042519386722608486
2 0.8040031342287879 0.4256659572819732 0.020503689698497852 0.041927390871793334
2 0.5721159211924306 0.57002757345915 0.022863415152690792 0.032789189212119395
2 0.4511336125579185 0.511336889846108 0.029751143940863402 0.04107528589277134
2 0.1771525603015021 0.054300104153829264 0.0266261439408634 0.04083848755244536
2 0.07404405150751041 0.20999215186945536 0.024681006667959783 0.036032588382282335
2 0.49832734801405093 0.4724645666106727 0.02739141848667046 0.05021348755244528
2 0.6006553804357659 0.5478216093519214 0.015178460910325242 0.033759693361304244
2 0.5875972710426495 0.5248218172353726 0.019610869395056164 0.030989890871793335
2 0.8287483005894265 0.5077214406852338 0.022863415152690792 0.032789189212119395
2 0.6978966554406151 0.4254865132959692 0.027806006667959692 0.03626938672260849
2 0.6879315951391131 0.38385512034958347 0.021428460910325242 0.03423329004195628
1 0.139876345598155 0.2220553666013839 0.025828918486670592 0.05009508838228234
2 0.7946287789185572 0.6175458039626254 0.0203761439408634 0.04036489087179333
4 0.43284535347406283 0.32129130768760306 0.03517196757828493 0.0694370842330974
4 0.47783898907997646 0.3286311336223307 0.026466647274843248 0.05790758838228234
2 0.4952976849873922 0.37476077241953154 0.030261326971401558 0.04732528589277143
4 0.33954253725350697 0.5398268975197779 0.01619882697140156 0.04625969336130424
4 0.3178110584653343 0.5460410087225771 0.0188136439408634 0.040246491701630305
4 0.3304864016475933 0.5352102524987996 0.022703918486670638 0.04985829004195637
4 0.379896599221999 0.575114124699261 0.021268964244305088 0.051302390871793335
4 0.39281118740328813 0.5902422172307282 0.021013872729036098 0.04817739087179333
4 0.35881882467619175 0.5829499354871418 0.01986596091032524 0.034114890871793334
4 0.4149094569481255 0.6084244547831735 0.02308655575957417 0.054545790041956366
4 0.3407857860455589 0.4282974016689627 0.022959010001939718 0.052983290041956364
4 0.29537794907221776 0.5223308215850502 0.02764651000193972 0.053338487552445454
4 0.2342328971056654 0.43358670768295865 0.021268964244305088 0.051302390871793335
4 0.26098684468007105 0.47177379191605606 0.02375623545613248 0.0437266892121194
4 0.24415003104458913 0.4469155018740998 0.01906873545613248 0.04337149170163031
4 0.9449779180276288 0.1431396450442001 0.022416876063015678 0.06536489087179324
4 0.9496495715113898 0.1725786913099337 0.021268964244305265 0.051302390871793245
4 0.9481838268022237 0.4986918280325421 0.01999350666796005 0.035677390871793335
4 0.9331968134663041 0.5667314330115639 0.01932382697140156 0.0464964917016303
4 0.9212389474052278 0.5784026388204226 0.019706464244305267 0.05118399170163031
4 0.931714319675222 0.6523020801071345 0.0188136439408634 0.040246491701630305
4 0.9122148916456535 0.6311724413099337 0.014795823637421535 0.029072193361304243
4 0.8834521628574808 0.6368537562469992 0.015178460910325242 0.033759693361304244
4 0.8913124602821053 0.6272303025127328 0.020121052425594144 0.03723989087179334
4 0.8950910355865169 0.5905707520978144 0.020503689698497852 0.041927390871793334
2 0.8965576828613603 0.5340839537574883 0.022480777879787084 0.028101689212119398
4 0.7554709419452161 0.7120528205593649 0.01788887272903601 0.04794059253146728
4 0.3788292093640215 0.8289378643262989 0.02362868969849785 0.042164189212119396
4 0.3893840720911179 0.8344541585174401 0.02012105242559432 0.03723989087179334
4 0.40711370603004166 0.8483749485593963 0.020248598183228772 0.03880239087179334
4 0.3561091864852043 0.8280023263589349 0.020790732122152634 0.026420790041956365
2 0.8209841137658666 0.6509861886106414 0.014158094849248926 0.021259693361304243
4 0.1337541492316973 0.29705536660138393 0.03737219636645772 0.07736798340326043
2 0.2546567095331994 0.34709310062934434 0.032365960910325245 0.0350620842330974
2 0.3711427078662094 0.36456678839157114 0.02232128121376693 0.045170790041956274
1 0.07154067590353641 0.15399060560372177 0.022831464244305134 0.05142079004195628
2 0.4979927660416796 0.5439727137062432 0.02480855242559432 0.03759508838228243
2 0.6314750746761917 0.6036105906805893 0.015975686364518005 0.024503092531467274
4 0.954529034837611 0.363180380522053 0.030484467578284935 0.06908188672260832
4 0.9498737436219044 0.45872967886237903 0.027008781213767107 0.045525987552445454
4 0.9487102431628625 0.5789121242982758 0.021268964244305265 0.051302390871793335
4 0.9237423230092018 0.6344041850861564 0.02493609818322895 0.03915758838228243
4 0.9272182672496276 0.6881211809369715 0.02337359818322895 0.03903918921211939
4 0.9154835417954349 0.6777989875756673 0.01999350666796005 0.035677390871793335
4 0.4336278928536016 0.706530990675945 0.021938643940863402 0.04048329004195637