2 0.3558225100221493 0.33133762138289946 0.030928627390180985 0.04505994292790545
2 0.3087589404669627 0.2449848984712047 0.025940738741233017 0.04015411910658786
2 0.3587391540697681 0.2301197237402643 0.032190738741233016 0.04044521753501131
2 0.2296443345145814 0.14758766770162704 0.04090440468807692 0.054871590570540585
2 0.33080511875230767 0.19772675475751095 0.03475453423772627 0.05614299214211713
2 0.19313274290328616 0.3114896559148027 0.022715609191583754 0.03844606989237622
2 0.042385363971945686 0.12339895864367115 0.032290868290882346 0.04200771753501131
2 0.7627827112864536 0.3601816354460353 0.02614099784053181 0.04327911910658786
2 0.8297501657899604 0.3413909400369305 0.03082849784053181 0.04349744292790545
2 0.800485365513105 0.23932117183996543 0.024578497840531722 0.043206344499482
2 0.6486281785898868 0.4618790301931863 0.023977720542635694 0.03383134449948209
2 0.5134521421926923 0.45563764640429005 0.03229086829088246 0.04200771753501122
2 0.07503717766703619 0.143818466501554 0.029165868290882368 0.041862168320799586
2 0.04597714065153278 0.3261793562863063 0.02730297964193438 0.037101893713693726
2 0.5405665522794401 0.4018747915657258 0.031329145588778216 0.05130994292790549
2 0.6609884762458483 0.43466155872923357 0.017727720542635696 0.033540246071058634
2 0.6440117273255825 0.4142955548002922 0.02065246144333699 0.030560795285270358
2 0.8572348156976753 0.3056332225019192 0.023977720542635694 0.03383134449948209
2 0.7028384099298642 0.2806974966947403 0.0304279796419344 0.03724744292790536
2 0.6771479950627545 0.2466328658013282 0.024077850092285046 0.03539384449948209
4 0.8879724784053167 0.38177619148467257 0.028404404688076923 0.05428939371369372
2 0.8662569671465498 0.42196669789481334 0.024478368290882457 0.04164384449948209
4 0.41889420650609155 0.28843733788445347 0.04034320018457014 0.07042381596343468
2 0.49725903839977936 0.3129963821362664 0.03425388648947969 0.048330492142117175
4 0.42385751850313913 0.5248478728306415 0.020091256939830337 0.04611302067816432
4 0.40673986967515835 0.5389660308123588 0.02291586829088228 0.04157106989237604
4 0.4128699537283144 0.5245760450803825 0.02664164558877822 0.05109161910658777
4 0.4750590730989309 0.541269085403254 0.025079145588778218 0.05101884449948209
4 0.4936786651716515 0.5505884274215367 0.023316386489479514 0.04782106989237604
4 0.4588228038205995 0.5569133560814186 0.022415220542635693 0.03375856989237604
4 0.5200606924695474 0.5587626464042901 0.028504534237726274 0.05585189371369381
4 0.3789176534514592 0.42272460070473505 0.028404404688076923 0.05428939371369364
4 0.37615120372831445 0.5262862483473703 0.031529404688076926 0.05443494292790554
4 0.28313358651716625 0.4687156509524041 0.025079145588778308 0.05101884449948209
4 0.3238982888612047 0.49345878577475766 0.027803627390180986 0.04491439371369381
4 0.29857811381506216 0.47739929218489846 0.023116127390180985 0.044696069892376046
4 0.9618431701088971 0.2506117746116151 0.0226154796419344 0.03688356989237622
4 0.9763550555186423 0.31810748966542696 0.023216256939830517 0.04625856989237622
4 0.970275036240311 0.33327872539740333 0.023516645588778216 0.050946069892376135
4 0.983835690928388 0.38593069045121525 0.01596496144333699 0.030342471463952768
4 0.9852072262458483 0.4195608277547683 0.017727720542635696 0.033540246071058634
4 0.9691619216500567 0.4015021865222739 0.022715609191583754 0.03844606989237609
4 0.9604086829088235 0.36273078495069727 0.02457849784053181 0.043206344499482
2 0.9299911952473247 0.3038117032714968 0.03375323874123311 0.040517992142117085
4 0.8741776935492815 0.5211126732877075 0.021753886489479866 0.04774829528527036
4 0.5785600146456277 0.7746573201017732 0.02614099784053181 0.04327911910658777
4 0.590378894195277 0.7756740105484792 0.022715609191583754 0.03844606989237605
4 0.6118731623938742 0.7809415533525501 0.022815738741233105 0.04000856989237622
4 0.5571355976190497 0.7827074146012551 0.02201470234403846 0.027508569892376045
2 0.9058899660668155 0.4412774700207199 0.015364184145441228 0.02096747146395277
4 0.13347594308785632 0.38322341480614297 0.04396884793281677 0.0783818651776464
2 0.2673200169619796 0.3809074358985921 0.0351154796419344 0.03746576674922295
2 0.3806618237172398 0.3521210022763116 0.02634125693983034 0.04640411910658786
2 0.5698220581395361 0.46711664785203216 0.0273029796419344 0.03710189371369381
2 0.716516585437432 0.46968722208763447 0.017126943244739935 0.024165246071058633
4 0.912176232262828 0.12363405169992028 0.035655700184570094 0.07020549214211716
4 0.9476712461424885 0.21287633416490898 0.030928627390181162 0.04505994292790538
4 0.9914830004614252 0.3234841943801567 0.01703399907714953 0.051018844499482
4 0.9908513460040611 0.38382238089792137 0.018297307991877787 0.04022689371369363
4 0.9973813494739762 0.42720850786239206 0.005237301052047627 0.036883569892376046
4 0.5778114381506108 0.6406996970662439 0.02447836829088228 0.04164384449948209
2 0.45341580813953614 0.47253835608141853 0.025840609191583753 0.038591619106587774
2 0.7662827413621267 0.13356347746431796 0.032691386489479515 0.04825771753501131
2 0.7864543414544117 0.16710156948260058 0.024077850092285046 0.035393844499482
2 0.8058749699243268 0.18892091150088325 0.025940738741233104 0.04015411910658786
2 0.4839813810908088 0.13025665674337228 0.029366127390180984 0.04498716832079959
2 0.7237364049926187 0.5578956974805286 0.02065246144333699 0.030560795285270358
2 0.5793658412975282 0.5426795740307145 0.025840609191583753 0.038591619106587774
2 0.61019433913806 0.5835571311028092 0.015564443244739934 0.02409247146395277
2 0.5939757472222228 0.20819325806727984 0.03082849784053181 0.04349744292790545
4 0.4866066448135859 0.5869625750641718 0.028665220542635695 0.034049668320799496
4 0.45762603947951347 0.2936856100103599 0.03182979333702498 0.05912244292790545