2 0.3869078766912358 0.6356420923797981 0.03169628121376693 0.04522396879233561
2 0.352707961997587 0.7260933519907364 0.0266261439408634 0.04029080732694634
2 0.4045095780586633 0.7359320194490195 0.0328761439408634 0.04061835594746519
2 0.28827841336501453 0.8306823547042699 0.041836555759574165 0.05509029172311415
2 0.3814705618478058 0.7708769075086603 0.035714101517208705 0.056325243102595124
2 0.22820242744984015 0.6714202193581624 0.02337359818322877 0.03856453301668665
2 0.1058006242753398 0.8731984825871454 0.03300368969849793 0.04218085594746555
2 0.7869239810833825 0.5668180127787571 0.02688123545613248 0.043415807326946346
2 0.8561681886597278 0.5788809215306129 0.03156873545613266 0.04366146879233561
2 0.8419299586636072 0.6831932852799942 0.025318735456132658 0.04333392017181659
2 0.6587674169888584 0.4770295737237481 0.02455346091032524 0.033958920171816585
2 0.5254127830499348 0.4965718690649067 0.03300368969849785 0.042180855947465366
2 0.1352649836684563 0.8496857394845504 0.02987868969849794 0.042017081637205675
2 0.07990844866166746 0.6713460555179239 0.02793355242559432 0.0372476944820761
2 0.5601543159306918 0.5473188195398765 0.03220646424430509 0.05147396879233561
2 0.6749981948686457 0.5028550893275803 0.018303460910325243 0.03363137155129756
2 0.6610950625967119 0.5247677108788779 0.02117336939505634 0.030670145861557075
2 0.8886616953276876 0.6117000655831476 0.02455346091032524 0.033958920171816585
2 0.7389326333591956 0.6517153132082985 0.03105855242559432 0.03741146879233561
2 0.7183649129059726 0.6880998705352447 0.024681006667959693 0.03552142017181659
1 0.14590011048037826 0.6820102385800393 0.030643964244305134 0.051392081637205676
2 0.8807220363839147 0.49521192842801787 0.025191189698497853 0.041771420171816585
4 0.4557852935109164 0.6720465818643484 0.041549513335919566 0.07063340456798421
4 0.5010180451779064 0.6783065479431505 0.031281693032477874 0.059204581637205676
2 0.5300519698734949 0.6399091112629905 0.03507637272903601 0.048512743102595124
4 0.4263696341081015 0.43664134837269175 0.02088632697140156 0.04621325870642732
4 0.407316745168208 0.4243018006566839 0.023628689698497896 0.04168953301668665
4 0.41549590698691885 0.4379958084586001 0.02751896424430509 0.051228307326946165
4 0.47483908501648714 0.41527095940853975 0.02595646424430509 0.051146420171816545
4 0.4919787875918627 0.40417300712454757 0.02413887272903601 0.04793953301668683
4 0.4564399003189591 0.40132796811496696 0.022990960910325244 0.03387703301668683
4 0.5169947630460555 0.39344686906490667 0.02946410151720862 0.0559976944820761
4 0.3965701769907982 0.5425538336733707 0.029336555759574168 0.0544351944820761
4 0.37877715698691883 0.43992015660414924 0.03246155575957417 0.05459896879233561
4 0.29475271441348305 0.5063064744465451 0.02595646424430509 0.05114642017181659
4 0.3316469365336959 0.47769679556830125 0.02857128121376702 0.0450601944820761
4 0.30883118986767577 0.4961535464728124 0.023883781213767018 0.044814533016686656
4 0.9107428289767473 0.9494866706261018 0.023022911818711123 0.015208920171816586
4 0.9944663166795978 0.6560498518791947 0.011067366640804367 0.037002033016686656
4 0.9965790028145948 0.5875488353708513 0.006841994370810412 0.04637703301668665
4 0.992361876147605 0.5730735775689352 0.01527624770479008 0.051064533016686654
4 0.9972487469801301 0.5194163110605918 0.005502506039739785 0.030424484396167805
4 0.97652874396026 0.5058827555426679 0.018303460910325243 0.03363137155129756
4 0.9813915871425192 0.5173967876548435 0.02337359818322895 0.03856453301668683
4 0.9748863666892962 0.553044360585622 0.025318735456132658 0.04333392017181659
2 0.9612541724488703 0.6071110628696141 0.025733323637421535 0.029353307326946167
4 0.8741853807741217 0.3959112912728881 0.02257637272903601 0.04785764586155707
4 0.5437333798560378 0.17314433514370875 0.026881235456132302 0.043415807326946255
4 0.5553245840984034 0.1709676814802356 0.02337359818322895 0.03856453301668679
4 0.5759081510678652 0.16361220488598396 0.0235011439408634 0.04012703301668674
4 0.5212844239466824 0.16725950531552528 0.022480777879787084 0.027627033016686786
2 0.9172814186558484 0.47211194312733895 0.015720594849248926 0.021049484396167807
4 0.1585279141139206 0.6060275927184822 0.04531224212409226 0.07860967887824373
2 0.29180279971983425 0.5951199909548885 0.035746052425594324 0.0376571302577247
2 0.4085597360843523 0.6125387850528516 0.02713632697140156 0.04654080732694617
2 0.5797336212312241 0.4796023750578005 0.027933552425594144 0.0372476944820761
2 0.7250620966854168 0.46257092605316874 0.017538186364518003 0.024256371551297562
4 0.9696719345768419 0.7871261114901331 0.03686201333591939 0.07038774310259513
4 0.9880568200135776 0.6949452555426678 0.023886359972844672 0.04522396879233561
4 0.5624510421337906 0.30632864936806004 0.025191189698497853 0.041771420171816585
2 0.46332737123122403 0.48570296811496705 0.02649859818322895 0.03872830732694617
2 0.8233230930615727 0.791657560494765 0.03351387272903601 0.048430855947465365
2 0.8384858363936131 0.7563408582107728 0.024681006667959693 0.03552142017181659
2 0.8546051729079123 0.7327429059267807 0.0266261439408634 0.04029080732694616
2 0.5434123235167354 0.8228034984181203 0.030133781213767107 0.04514208163720568
2 0.7194182613790655 0.3742077888980389 0.021173369395056162 0.030670145861557075
2 0.5782351519859491 0.40357546359241125 0.02649859818322895 0.03872830732694634