2 0.3507143727649743 0.6602450692008223 0.031215283665263983 0.04495967292769336
2 0.3099926582443368 0.7451811433073793 0.026364092558271414 0.040081171939110406
2 0.36048373156531455 0.7612809871855998 0.03261409255827141 0.040335839923887916
2 0.23686767149118074 0.8404989604938541 0.04097222958157998 0.05627917490485963
2 0.3350943511654279 0.7937923982502951 0.03472222958157989 0.056024506920082116
2 0.1897867964487717 0.6763117850947027 0.023184528855940557 0.03839133794672147
2 0.05185775443080528 0.8594850879467215 0.032668656260602245 0.04189833992388792
2 0.7550372850160263 0.6439541547132668 0.026473219962933038 0.04320617193911023
2 0.822852267592831 0.6646605855496256 0.03116071996293286 0.043397172927693364
2 0.8006449400955022 0.7659538301124182 0.024910719962933214 0.04314250494291585
2 0.6343304262156861 0.5383978799986874 0.024583337748947897 0.033767504942915846
2 0.5002555265785059 0.5415162683259698 0.03266865626060209 0.04189833992388792
2 0.08317967630050416 0.8404777613687064 0.029598219962933124 0.043333505931499164
2 0.041666754978959455 0.6570140039543327 0.027817465153609677 0.037019838935304604
2 0.531016942457755 0.5958191077555661 0.03148810217691818 0.05277217292769336
2 0.6493477910064762 0.566314632964437 0.0183333377489479 0.03351283695813834
2 0.6328696191367772 0.5859267960062986 0.02140377404661713 0.03207767095052709
2 0.8529862008952754 0.7009946749792219 0.024583337748947897 0.033767504942915846
2 0.7007887838349 0.7213178093521716 0.02937996515360979 0.03708350593149916
2 0.6769891852861788 0.7546741374130612 0.024637901451278664 0.03533000494291585
4 0.8792188294810636 0.6256100144088181 0.028417665879248943 0.054207338935304605
2 0.8543899550716265 0.5848112594659023 0.02329365626060209 0.041516337946721646
4 0.4162500927279075 0.7050429160447923 0.03990080290255764 0.07027800790866542
2 0.49350207349061376 0.6832262658545118 0.034449411069925696 0.048212006920082116
4 0.4064484736759482 0.4690417490485979 0.02033234736759475 0.046076503954332715
4 0.3879886503549705 0.45424707859236235 0.02173115626060227 0.04145267095052709
4 0.3955382555271136 0.4693773300752371 0.026746038474587407 0.0510186719391104
4 0.4566295229503088 0.4539234264249156 0.02518353847458741 0.05095500494291585
4 0.47427089073632367 0.44528059688115107 0.023566474772256464 0.04932883794672147
4 0.4389236677781657 0.4383793394667773 0.021512901451278665 0.03520267095052709
4 0.500533290373504 0.43776918581645574 0.028472229581580067 0.05576983893530461
4 0.36783489617861925 0.5696664901513493 0.02841766587924912 0.054207338935304605
4 0.35876494182478275 0.4663186556646689 0.03154266587924912 0.05433467292769336
4 0.27018608066218985 0.5212197198853942 0.02518353847458741 0.05095500494291585
4 0.3083755614248962 0.497811394790254 0.028090283665263983 0.044832338935304604
4 0.28472973029937015 0.513230806349241 0.023402783665263983 0.04464133794672147
4 0.96111864862569 0.7592302807204405 0.023129965153609787 0.03682883794672147
4 0.9712451275742978 0.6917708666899957 0.023457347367595104 0.04620383794672165
4 0.9636955224021546 0.6766406152071209 0.023621038474587408 0.050891337946721474
4 0.9971850571637269 0.6151420411005638 0.005629885672546209 0.04145267095052709
4 0.9735591065229056 0.6239931176785788 0.016661710344286363 0.03032416996194396
4 0.9731672369227921 0.590431201176676 0.0183333377489479 0.03351283695813834
4 0.9581970013507624 0.6085445312147322 0.023184528855940557 0.03839133794672165
4 0.9525298439090338 0.6473205297318574 0.02491071996293286 0.04314250494291585
2 0.9256697327464408 0.7047364403022611 0.034231156260602094 0.04196200692008212
4 0.8556126599736175 0.4857835104544854 0.021949411069925873 0.04770267095052709
4 0.5445387176006804 0.2234639466908707 0.026473219962933038 0.04320617193911023
4 0.5570114357495151 0.2231920326604258 0.023184528855940557 0.03839133794672147
4 0.577914212791357 0.21858278710905008 0.023239092558271324 0.03995383794672147
4 0.5231994309401916 0.21557319224224641 0.02280258293962447 0.02745383794672147
2 0.8927704087924908 0.5668716843707621 0.0147718281303014 0.02088550296574958
4 0.12555811614155235 0.6019219387450242 0.04486112141421197 0.07828150889724857
2 0.2591791479927178 0.6081467169196447 0.0340674651536097 0.037274506920082294
2 0.3742237946346732 0.6409194076418353 0.02658234736759484 0.046331171939110224
2 0.5560417351086936 0.5305270301889679 0.027872028855940555 0.038582338935304605
2 0.7019990758528664 0.5325736443331435 0.016443455534962938 0.024074169961943958
4 0.9194718403656548 0.8846958543327059 0.03521330290255733 0.07008700692008248
4 0.9483656774816305 0.796157277754691 0.03126984736759475 0.04652217292769354
4 0.9886061926894231 0.6870661206443283 0.022787614621153907 0.05095500494291585
4 0.9853597020764017 0.6268143701500367 0.026364092558271324 0.040081171939110226
4 0.9908209679171666 0.5834463721272031 0.01835806416566683 0.03682883794672147
4 0.5531101641499686 0.3572168641813566 0.02485615626060227 0.041580004942915846
2 0.43952635770403187 0.5226588389724858 0.024747028855940555 0.03845500494291585
2 0.7730779900028351 0.8701492401885303 0.032886911069925515 0.048148339923887916
2 0.7914361204027216 0.8373513276409602 0.02463790145127902 0.03533000494291585
2 0.8086136967189242 0.8154272480971958 0.026364092558271324 0.040081171939110136
2 0.4920735266633239 0.8657204308735398 0.02970734736759475 0.04645850593149916
2 0.7036310085223385 0.4452646453217266 0.02140377404661713 0.03207767095052709
2 0.5604539273968124 0.4558135316718426 0.024747028855940555 0.03845500494291585
2 0.5886954892850449 0.4156169545995361 0.016443455534962938 0.02407416996194378
2 0.5963220278444503 0.7903941201128557 0.031160719962933216 0.043397172927693364
4 0.4651761437315486 0.40824351190017916 0.027762901451278844 0.0354573389353046
4 0.4551216197697494 0.7011658409496521 0.0317063569862416 0.059022172927693364