2 0.4162688528521115 0.2678435925027804 0.029942030054229286 0.04547909997176518
2 0.41293529547412733 0.16963360565696 0.02522725897699054 0.040518584186749564
2 0.46365745814010995 0.1768321846526249 0.03147725897699054 0.04088260523343701
2 0.3894255934823375 0.04916918721287366 0.04094316256778665 0.057053636803468075
2 0.45530460265571976 0.1359264635918201 0.03313066256778665 0.056598610495108836
2 0.28321597921734876 0.18265579237572346 0.02209316861791084 0.038774073663405906
2 0.7572200640172835 0.46041344019664543 0.025245439695149585 0.04364358418674961
2 0.825107000785567 0.47051721131392005 0.03149543969514994 0.04400760523343692
2 0.8483586693052818 0.3668538850196782 0.02368293969514994 0.04355257892507769
2 0.6062251905789124 0.5059141979479789 0.02362839754067192 0.03417757892507787
2 0.4910001663784157 0.44389858731169574 0.031486349336070064 0.04244510523343692
2 0.2562000030250621 0.0015408422204316972 0.02822499394987581 0.0030816844408633943
2 0.14135573214421499 0.13468727118786172 0.02677157825883123 0.03748458944842144
2 0.5412001542781673 0.4066114189381965 0.03154998184962743 0.053382605233436964
2 0.6368121152469475 0.48382709534537777 0.01737839754067192 0.0338135578783902
2 0.6260109706331418 0.46102663217708073 0.02049430718159222 0.03243306840173403
2 0.8666223350945224 0.449355571879616 0.023628397540672096 0.03417757892507769
2 0.7429444614597596 0.363621740182528 0.02989657825883114 0.03766659997176518
2 0.744756946334449 0.3205619849208562 0.02363748789975162 0.03574007892507769
1 0.2469603166495621 0.23943641339417604 0.03630111436318471 0.06459312101845249
1 0.21217222619228665 0.1782027817817926 0.028443162567786628 0.05632559471009326
2 0.8230354406771083 0.5581082165755918 0.023673849336070064 0.04199007892507769
4 0.48819839500658924 0.25428235046587533 0.03946247579950324 0.07102513154179624
4 0.5326660124930319 0.26262620050822766 0.030023843285945873 0.05954159997176518
2 0.5456745517206434 0.3087276557840169 0.033085210772388504 0.048786110495108836
4 0.3783865368899204 0.46998221615206887 0.020576120413308897 0.046495568401734036
4 0.3564888109922214 0.47516253981547474 0.022111349336070063 0.04189907366340595
4 0.3690433531466991 0.4650594977220999 0.02529089149054773 0.05145608418674961
4 0.4086143923743106 0.5096138635494677 0.02372839149054773 0.05136507892507787
4 0.4223996364223822 0.5564510661944212 0.02371930113146803 0.04980257892507787
4 0.39375700683569115 0.5128221635353503 0.022074987899751618 0.03564907366340577
4 0.3917132386853185 0.4613961714278581 0.02843407220870704 0.05476309471009326
4 0.4127342658126816 0.4726676003952882 0.020539758976990542 0.04024556840173403
4 0.40342289832623884 0.46227613196531925 0.020567030054229284 0.044933068401734035
4 0.45296838037225806 0.5374889635918201 0.026880662567786474 0.05623458944842134
4 0.3923177475641131 0.35748992142785807 0.02687157220870695 0.05467208944842143
4 0.3312257114597596 0.38760162663306025 0.03156816256778665 0.05650760523343701
4 0.2821796782822723 0.36078079237572347 0.02372839149054773 0.05136507892507769
4 0.3053808289462022 0.4000407134506457 0.026817030054229286 0.04529708944842139
4 0.3095007023845732 0.36309445029646614 0.02529998184962743 0.05301858418674961
4 0.29146831987101596 0.3750785108056924 0.022129530054229286 0.04502407366340595
4 0.993626759271578 0.09754390094586808 0.011310204722264317 0.06469953683170296
4 0.9853677899149826 0.44322042199255546 0.02208407825883114 0.03721157366340595
4 0.9654501996540988 0.5107642377634536 0.022138620413308985 0.046586573663405774
4 0.9521098623200814 0.5216940324876643 0.023728391490547552 0.05136507892507769
4 0.9563655702637994 0.5956397667026487 0.02054884933607006 0.04180806840173403
4 0.939305335290914 0.5747658245810391 0.015797716822512697 0.03059755261671846
4 0.9103809045727548 0.5795744219219683 0.017378397540672098 0.0338135578783902
4 0.9190246515476929 0.5704801429827732 0.022093168617910663 0.03877407366340595
4 0.9254882749860638 0.5333973719360857 0.02368293969514994 0.04355257892507769
2 0.9320609827333902 0.47756460088939834 0.025163626463433175 0.029581084186749606
4 0.7771956998504905 0.6513723691640755 0.020585210772388507 0.04805806840173403
4 0.39388323010111154 0.7596061582736785 0.025245439695149585 0.04364358418674961
4 0.40399857348525325 0.7660458740728114 0.02209316861791084 0.03877407366340595
4 0.42032301025353663 0.779152818825257 0.02210225897699054 0.040336573663405775
4 0.3712451608192707 0.7578007345679203 0.022029536104353476 0.02783657366340595
1 0.1369888563681529 0.6168095264495336 0.02052157825883123 0.037120568401734035
1 0.1509377268796577 0.635521729094487 0.02361930718159235 0.03261507892507787
1 0.16653545580241885 0.6392991764777685 0.017378397540671962 0.0338135578783902
1 0.2535627571302787 0.7154528818241449 0.020503397540672007 0.03399556840173403
1 0.26754798907810196 0.7279150844690984 0.01895907825883114 0.0370295631400623
2 0.8478309075978171 0.5918083823888424 0.01418067466803521 0.02113154735504672