2 0.34839465260883756 0.6379554829790532 0.026807939695149673 0.044200285892771515
2 0.31377018861499517 0.7320257143077212 0.022102258976990363 0.04072008838228243
2 0.36538268558993303 0.7367122916923414 0.028343168617910842 0.03963118506293437
2 0.24875878785286937 0.8424672294545683 0.03468407220870695 0.05572978174358667
2 0.3429355138487643 0.7743665796597053 0.028434072208706952 0.055256185062934546
2 0.19002816158582797 0.6890354987506001 0.01895907825883123 0.037358290041956364
2 0.06699570344571808 0.9023544827785607 0.028352258976990452 0.04119368506293455
2 0.7471770653730159 0.5327044950024005 0.022120439695149586 0.043845088382282425
2 0.8159906978865733 0.5384324315152276 0.026798849336070064 0.04263778589277152
2 0.8017514567653677 0.6434634736317764 0.018986349336070064 0.04204579004195637
2 0.6201009600850175 0.45401357778560547 0.020494307181592397 0.032789189212119395
2 0.4874202702916719 0.4867337572494625 0.028352258976990542 0.04119368506293455
2 0.09654230287998403 0.8758861485454631 0.023673849336070064 0.04240098755244546
2 0.0423855471244474 0.7025679703310059 0.0236374878997516 0.03615098755244546
2 0.5220861617822197 0.534128975505876 0.02529089149054773 0.05189438672260849
2 0.6366572010098311 0.4785516364988938 0.014253397540672097 0.03387809253146727
2 0.6227219660369459 0.501492229030361 0.017360216822512698 0.030989890871793335
2 0.8489895502477054 0.567977298941804 0.020494307181592574 0.032789189212119395
2 0.700016239942855 0.6214719196923728 0.02519998789975162 0.03626938672260849
2 0.6791361133812261 0.6597890584895737 0.020503397540672097 0.034351689212119396
4 0.8688429871141846 0.48753185972968466 0.020612481849627072 0.0531016892121194
2 0.8420623184962739 0.45204464562245616 0.018977258976990187 0.04048329004195637
4 0.416567935688129 0.6679613690769617 0.03164088544042372 0.0695554834032606
2 0.491377038147457 0.6294657089091366 0.028388620413308984 0.04744368506293437
4 0.38864188182618625 0.43559915496973306 0.014326120413308895 0.046378092531467276
4 0.3698237041330891 0.42530119501168945 0.017414758976990453 0.04036489087179333
4 0.37849472218526586 0.43793124957579277 0.020594301131468207 0.049976689212119396
4 0.4369475716195318 0.4092725306946793 0.019040891490547905 0.05142079004195632
4 0.4540714391059745 0.39703263982288606 0.019022710772388506 0.04829579004195637
4 0.41890155356735514 0.3973528711515541 0.017378397540672098 0.034114890871793244
4 0.4797890565924172 0.3841415535151962 0.02218407220870695 0.05478258838228234
4 0.35879127624360024 0.544157938787912 0.02061248184962743 0.0531016892121194
4 0.3410129029034251 0.4438978296597053 0.02530907220870695 0.05501938672260849
4 0.25781003834384875 0.5174196852634271 0.019040891490547728 0.05142079004195636
4 0.29436061670087577 0.48573105476459605 0.022129530054229286 0.04540758838228243
4 0.2718134510098312 0.5061978427319598 0.017432939695149675 0.043489890871793335
4 0.8565445376564776 0.9261566518462334 0.020421584308955333 0.020289189212119398
4 0.8697667003224602 0.9149940088998477 0.018977258976990187 0.04048329004195637
4 0.960172489942855 0.6017584578602293 0.01894998789975162 0.03579579004195636
4 0.9652412641433518 0.5325940607646589 0.017451120413308985 0.04661489087179334
4 0.9565657009116354 0.5191827562005553 0.01747839149054755 0.051302390871793335
4 0.9928743429913582 0.44915367611664275 0.014251314017283434 0.040246491701630305
4 0.9632833335233885 0.4647437099348218 0.012672716822512697 0.030634693361304245
4 0.9599628908031768 0.4313867582751477 0.014253397540672097 0.03387809253146727
4 0.9467952702916719 0.4519244012215335 0.01895907825883114 0.037358290041956364
4 0.9431208244482022 0.4920641491469411 0.018986349336070064 0.04204579004195637
2 0.9208236436318472 0.555499687114305 0.029905668617910663 0.0397495842330974
4 0.8352350806947181 0.3532994923031082 0.015897710772388506 0.048058991701630215
4 0.5074090207826514 0.16085741886718025 0.022120439695149586 0.043845088382282335
4 0.5191141352440318 0.15762567509095754 0.01895907825883114 0.037358290041956274
4 0.5401624334486337 0.14821478629375673 0.01896816861791084 0.038920790041956276
4 0.4855067497054124 0.15782750724946254 0.018895445745273954 0.02642079004195628
2 0.8786447131100796 0.42582476512362505 0.01261817466803521 0.021259693361304243
4 0.12090545686356365 0.6301825622377732 0.03481133723582168 0.07760478174358668
2 0.25363614363184706 0.6060561327739162 0.029887487899751618 0.03662458423309758
2 0.37013329722264326 0.612860394596771 0.020576120413308984 0.04685168921211939
2 0.5419986859827166 0.4638397862937568 0.023646578258831142 0.037713487552445454
2 0.6864208516737611 0.434137863053677 0.014198855386194253 0.024503092531467274
4 0.9281235801055431 0.7354948404336529 0.026953385440423715 0.06920028589277152
4 0.9510247489198456 0.6415313528812074 0.025254530054229462 0.04564438672260849
4 0.9831691075274935 0.5242012203077839 0.019040891490547905 0.05142079004195636
4 0.9750066287029284 0.4646369661585991 0.022102258976990186 0.04072008838228243
4 0.9927107165279251 0.3928444765315613 0.014578566944149784 0.04036489087179325
4 0.9786538034691592 0.4198097182331916 0.01894998789975162 0.03579579004195636
4 0.5253692013044188 0.29236752799538696 0.02054884933607006 0.042164189212119306
2 0.42564243295765447 0.481254274470902 0.020530668617910662 0.03903918921211939
2 0.7828519867214012 0.7535372132588141 0.026826120413308986 0.04732528589277152
2 0.7982679084625699 0.7164157215571839 0.020503397540672097 0.034351689212119396
2 0.8145378030763759 0.6917350302704721 0.020539758976990185 0.040601689212119395
2 0.5041548149802324 0.8106089651329139 0.023692030054229284 0.04552598755244537
2 0.6820009963857627 0.34615261097908456 0.017360216822512698 0.030989890871793335
2 0.539995303567355 0.38817693546391974 0.020530668617910842 0.03903918921211939
2 0.5655220235131259 0.34247334915622984 0.01418976502711473 0.022940592531467185
2 0.6020696193331544 0.7133060674126434 0.025236349336070062 0.04251938672260831
4 0.442929406026683 0.36270518401402724 0.025190897540672098 0.034706886722608396
4 0.45479464353365123 0.6556855894079676 0.023773843285945874 0.05958848755244546