2 0.40113871295010933 0.7289758027566483 0.039106058666190394 0.04593979139585791
2 0.41082543336491256 0.8253559249156268 0.03409077673520518 0.04117047077900686
2 0.46140994141068425 0.8066837913925624 0.03888753737886681 0.04281479139585791
2 0.4006313425156355 0.9487661513766765 0.050808383171822416 0.05706820616851012
2 0.45684277370998655 0.8496252678536121 0.0444491225281606 0.05539661201270896
2 0.27748305564097175 0.8418013108743232 0.029184755447881638 0.03796365016215582
2 0.7231658043035895 0.46395436931301415 0.03430929802252862 0.04429547077900686
2 0.789866985245839 0.4385237211794534 0.038996798022528624 0.04437729139585791
2 0.8236631950169805 0.5368890831921622 0.03263753737886681 0.04270569724005639
2 0.5699697484873907 0.4511116757264057 0.030528734160558103 0.034865923701106104
2 0.4615074024423336 0.5368252589251584 0.038996798022528624 0.04437729139585791
2 0.145457523457885 0.9177171542193456 0.03387225544788164 0.038045470779006864
2 0.5152279821437459 0.5627934695578956 0.04110560124083733 0.0522170649348082
2 0.596384783016266 0.4648702126580367 0.024169473516896467 0.03319432954530477
2 0.5937461020740165 0.49141907588856154 0.027185212873234655 0.03168637662320535
2 0.8336334107402068 0.450238517039538 0.030528734160558103 0.034865923701106104
2 0.719462014074731 0.5616651663909149 0.03543475544788173 0.03807274431795715
2 0.7172932266958642 0.60386630316039 0.030637994804219915 0.036428423701106105
2 0.7747279403254035 0.3529992784036237 0.030965776735204998 0.0411159237011061
4 0.47808362520292536 0.724843456165215 0.05324496832111621 0.06959547970746058
4 0.5208010029268662 0.7068162049473989 0.041542643815484226 0.0584670649348082
2 0.5296022025585492 0.6592554123337251 0.04244957995351371 0.04911933847375849
4 0.3474449024423335 0.5348342905817837 0.029621798022528623 0.04421365016215582
4 0.32478865244233357 0.5344388242670037 0.029403276735205087 0.041088650162155814
4 0.3391407295458558 0.5417291728870319 0.03630884059717552 0.05057274431795715
4 0.38019170046486217 0.49160248782184013 0.03474634059717552 0.05054547077900686
4 0.3908778281888029 0.47301612905554213 0.03296531930985207 0.047393197240056396
4 0.35848059143035477 0.48887690827653535 0.0274037341605581 0.034811376623205346
4 0.40886835752189815 0.45064625121452073 0.03808986188449896 0.05372501785690744
4 0.36803091802967386 0.6431377142828898 0.03808986188449896 0.05372501785690744
4 0.3063610805345915 0.5630587021080251 0.04288662252816078 0.05536933847375849
4 0.26259501901840954 0.6631990239426921 0.03474634059717552 0.05054547077900686
4 0.2820605670409381 0.6197353961016707 0.03598105866619035 0.04588524431795715
4 0.2707188754550269 0.6476967548679686 0.03107503737886681 0.042678423701106104
4 0.9522959294296403 0.4311902824608135 0.029184755447881728 0.03796365016215582
4 0.9253617248542788 0.3689260616818067 0.03129355866619008 0.04580342370110611
4 0.9110642780725874 0.3608544630617785 0.03474634059717552 0.05054547077900686
4 0.9140742996120125 0.28425105275335294 0.02929401609154354 0.03952615016215581
4 0.892630988347932 0.3112538835164737 0.022388452229572663 0.03004205600635439
4 0.8750117996120125 0.2835692142795945 0.02416947351689629 0.03319432954530477
4 0.8717557596352556 0.3077606907406441 0.02918475544788137 0.03796365016215582
4 0.8872115148310357 0.344011836438573 0.03263753737886681 0.04270569724005639
2 0.8952318284409045 0.40829252475017574 0.04045003737886681 0.0428420649348082
4 0.7242141241176446 0.2699861810014115 0.03140281930985207 0.04736592370110611
4 0.33406437151975454 0.24518540949435136 0.03430929802252862 0.04429547077900686
4 0.34325905505989407 0.2367416639585782 0.029184755447881638 0.03796365016215582
4 0.35852342214017313 0.21979962580913126 0.030856516091543364 0.03955342370110611
4 0.3116976986232768 0.2518348299490466 0.026966691585911206 0.028561376623205438
2 0.7970453367387778 0.313496447640503 0.01871714901126431 0.02217500892845372
4 0.18588006368674345 0.8206472853067778 0.058478771539425045 0.07748980032431163
2 0.29853823683532277 0.7420467727248761 0.040231516091543365 0.03971706493480802
2 0.409573925823344 0.6978348969124497 0.03441855866619026 0.045857970779006864
2 0.5020667004648621 0.49372982385996667 0.03398151609154336 0.039607970779006865
2 0.6225209481190737 0.40431454220334145 0.02206067029858776 0.02535455600635448
4 0.9558690436599278 0.4695806266166148 0.02816855866619008 0.04574887662320535
4 0.938173081290896 0.35350561322393426 0.03474634059717552 0.05054547077900677
4 0.9039509006007481 0.3059760482891261 0.034090776735205 0.041170470779006776
4 0.891789390209188 0.23380103936067237 0.034090776735205 0.04117047077900686
4 0.8872604273359533 0.26501012905224686 0.029075494804219913 0.03640115016215582
4 0.40955640839441826 0.35131840705871936 0.032528276735205176 0.0411431972400564
2 0.40205599278740756 0.559253637983996 0.032419016091543365 0.039580697240056396
2 0.855514492535306 0.6406959216659207 0.040887079953513705 0.0490920649348082
2 0.8527772586268494 0.6015379642795945 0.030637994804219915 0.036428423701106105
2 0.8571423305345913 0.5726726245880199 0.032528276735204996 0.0411431972400564
2 0.6230194307670225 0.8110691026739227 0.03754355866619026 0.04591251785690744
2 0.5784374483711752 0.3300179257264057 0.027185212873234832 0.031686376623205434
2 0.4667572671768242 0.4281905986167329 0.032419016091543365 0.039580697240056396
2 0.46874573809583053 0.37738207507778265 0.020388909654926124 0.02376478246740401