2 0.288385872211469 0.6259043043022844 0.03328768899896399 0.044659282132453626
2 0.2345288180348585 0.7101716557142101 0.028454639784752267 0.04139788981258565
2 0.28369191005314115 0.7266855543022844 0.034704639784752266 0.04157974623907634
2 0.14738622891206002 0.8055500033652123 0.04480738585581086 0.057477530878812286
2 0.25254891791102396 0.7587993723281153 0.03848461124870504 0.055733174452321774
2 0.1254128372652809 0.6407888213910432 0.025184090570540586 0.03818196159934022
2 0.6956718333363394 0.6085921545270759 0.02852741439185813 0.04296038981258547
2 0.7602416015333044 0.6293389120489234 0.03485018899896417 0.044704746239076346
2 0.7227351393749768 0.7310749082879997 0.02696491439185813 0.042914925705962934
2 0.5905734185301965 0.503203624043975 0.02652826674922295 0.03353992570596294
2 0.4562348058337495 0.5063322872135256 0.03477741439185813 0.043142246239076344
2 0.004762254964653328 0.8053407178675464 0.009524509929306656 0.04305131802583091
2 0.47868769458504445 0.5602923615075627 0.03521406203449331 0.052517246239076346
2 0.6017634756022912 0.5309649111909935 0.020351041356328814 0.03492056927947225
2 0.5821037930134679 0.5510417304704657 0.023330492142117087 0.03188649749271768
2 0.785057510962764 0.6660660222363377 0.02652826674922295 0.03353992570596294
2 0.6296422648917054 0.6861919687919832 0.03143409057054054 0.03836381802583091
2 0.6007702481424824 0.7198000906578802 0.026601041356328813 0.03510242570596276
2 0.8045053318885973 0.5500318452767337 0.02689213978475218 0.04135242570596294
4 0.3471765213018462 0.6702249541439999 0.043827082712657804 0.06993206677218958
2 0.4277737038906694 0.6483750347062431 0.03663101282028158 0.04943771034569906
4 0.3730092369748307 0.4338555451310843 0.023985463606069856 0.045948997492717504
4 0.35729434574233626 0.4194891682506225 0.025329639784752268 0.04130696159934022
4 0.36285298697483065 0.4341510618241317 0.030453787427387448 0.05081835391920819
4 0.4251903211352304 0.41907397961253584 0.028891287427387446 0.05077288981258552
4 0.44512183147431267 0.4099119282797524 0.027256012820281582 0.0491649257059628
4 0.411110704509842 0.4030996386254514 0.023476041356328813 0.0350114974927175
4 0.4719754299027361 0.4028890384671667 0.03223461124870504 0.05555131802583095
4 0.3199505494236087 0.5344836824363874 0.032161836641599176 0.05398881802583091
4 0.32553492349259533 0.43133595038307615 0.035359611248705035 0.05564224623907634
4 0.22934697415454908 0.486407546780437 0.028891287427387446 0.05077288981258565
4 0.271027205957584 0.46256923000824735 0.030235463606069858 0.046130853919208195
4 0.24455459719007835 0.47816313776752156 0.025475188998963994 0.04443196159934022
4 0.8845630512856355 0.7240256232525522 0.025111315963434678 0.03661946159934022
4 0.9048434720876344 0.6571192680797027 0.027110463606069855 0.046039925705962936
4 0.899321218158693 0.6416761245061935 0.027328787427387626 0.05072742570596276
4 0.9505605405322687 0.5801104872008903 0.02376713978475209 0.0412614974927175
4 0.9173477801931863 0.5896589834399666 0.018570217535011223 0.03018760517284953
4 0.9220374342459621 0.5559743052267212 0.020351041356328637 0.03492056927947225
4 0.9048670508713507 0.5728579283462594 0.025184090570540718 0.03818196159934022
4 0.8928914356937042 0.6122159450393069 0.026964914391858486 0.04291492570596276
2 0.8566414125343407 0.6702246733316943 0.03626713978475209 0.04162521034569906
4 0.8200276321362665 0.4512760965303749 0.025620738213175544 0.04755696159934022
4 0.5490602764691327 0.1884340818823915 0.02852741439185813 0.04296038981258561
4 0.5607790264691326 0.18809310108272137 0.025184090570540718 0.03818196159934022
4 0.5828359629868973 0.18355035359000388 0.025256865177646404 0.03974446159934022
4 0.5283667868082149 0.18045409732179768 0.023112168320799497 0.027198997492717546
2 0.845149602566762 0.5316850105578552 0.016571069892376045 0.02076714106622681
4 0.07187476840636206 0.567448261282771 0.048878455748187014 0.07788095909205772
2 0.20503187076372692 0.5729360801665319 0.03612159057054054 0.03850021034569906
2 0.3150768048002922 0.6056228965430102 0.030235463606069858 0.046130853919208195
2 0.5136663161728316 0.49607909732179767 0.02987159057054072 0.038318353919208195
2 0.6594689677444082 0.498078203352577 0.018351893713693813 0.02550010517284953
4 0.8233451073242728 0.8490770990376575 0.04070208271265763 0.0698411385589445
4 0.866446598018648 0.7612217463720903 0.033360463606069854 0.04622178213245363
4 0.923775408605399 0.6526674488002305 0.028891287427387623 0.05077288981258547
4 0.9289573682825274 0.5916617526402964 0.030017139784752088 0.04144335391920819
4 0.9633002890845266 0.5243462205078429 0.02376713978475209 0.04126149749271768
4 0.9434586699779386 0.5483292897873151 0.025111315963434678 0.03661946159934022
4 0.5365516602580289 0.3229909383088822 0.028454639784752267 0.04139788981258556
2 0.39858712572612565 0.48772469121187606 0.028381865177646404 0.03983538981258548
2 0.6796507653059901 0.8353137789002553 0.03499573821317572 0.04782974623907634
2 0.702272782055213 0.8018875134608493 0.026601041356328993 0.03510242570596285
2 0.7235313519475893 0.7809839800747543 0.028454639784752267 0.04139788981258548
2 0.39901934946638995 0.8302160680923378 0.03179796360606986 0.04617631802583091
2 0.6744818457423364 0.4102599546062183 0.023330492142117264 0.031886497492717505
2 0.5288782473139129 0.42073811652212767 0.028381865177646404 0.03983538981258548
2 0.5635101124915594 0.3807208702830513 0.01827911910658777 0.02393760517284953
2 0.5148669813932594 0.7550676524155049 0.03321491439185813 0.043096782132453625
4 0.4413632847413004 0.37335230265293173 0.029726041356328992 0.03519335391920819
4 0.38716582051605786 0.6659406194251215 0.03550516046291667 0.058767246239076344