2 0.3351960300760107 0.3716012474659173 0.035187227498762755 0.04550339754067192
2 0.27242603516439334 0.2922546359314029 0.030254066033373484 0.040788626463433085
2 0.31983994572527147 0.27244158479993474 0.03650406603337357 0.04082498789975162
2 0.18034035447712723 0.2052636960398615 0.04669793758467104 0.056504530054229285
2 0.28781533977780616 0.24293134680198727 0.04036605042954129 0.05490566861791084
2 0.16796758649844584 0.3717926658874363 0.02696529172311406 0.03764544574527395
2 0.7367618521022781 0.3544167300029157 0.03198034034363299 0.0439227168225127
2 0.7994322704650723 0.32748152528065133 0.03666784034363317 0.043949987899751616
2 0.7560330732694627 0.23004798907810198 0.028773453188503238 0.04234203610435348
2 0.6388333644267499 0.46908373888171023 0.028364017412854638 0.03452953610435348
2 0.5048678002023987 0.47767800976255737 0.03658595318850324 0.04238748789975162
2 0.02787045171816526 0.21865455122966404 0.0334609531885033 0.042369307181592375
2 0.030501886023475984 0.4030704578455223 0.020715291723114048 0.037609084308955376
2 0.5237948626177277 0.42130074473544266 0.03707727611928178 0.051762487899751575
2 0.6474747020568495 0.4401184015476927 0.022032130257724703 0.03293067466803503
2 0.6277829997728575 0.42225873585664814 0.025075243102595124 0.031386355386194255
2 0.8216447851643934 0.28905937471491727 0.02836401741285428 0.03452953610435348
2 0.6665478493887447 0.2821468202637994 0.033215291723114146 0.0376818071815924
2 0.6360038562861495 0.25106499190677234 0.028364017412854638 0.03452953610435348
1 0.0711335300760107 0.3731375181503726 0.035432888964152066 0.050190897540672005
2 0.8479759910664301 0.40378495004688225 0.02869156603337366 0.040779536104353475
4 0.3873450282669884 0.3228455848981306 0.047353034825709094 0.06900453005422928
4 0.42949490671569085 0.30697060002344106 0.0374048247398008 0.05801248789975162
2 0.46863264981828595 0.33800243140553027 0.04003850180902226 0.04865566861791084
4 0.42623154511401606 0.5578472987937771 0.025812227498762753 0.045448855386194253
4 0.41142541666531357 0.5735632023845734 0.027129066033373485 0.040770445745273776
4 0.4160752951140161 0.5579063861277946 0.03230788896415202 0.050172716822512696
4 0.4791485051999243 0.5684802717646098 0.03074538896415202 0.05016362646343318
4 0.4990482473980082 0.5753978922761147 0.03058161465389251 0.047038626463433174
4 0.4651645703287867 0.5849728801758662 0.025239017412854635 0.03451135538619425
4 0.5266376588633974 0.5799263109922214 0.034116050429541286 0.05486930718159222
4 0.36724829149597144 0.4612859161820239 0.034034163274411534 0.0533068071815924
4 0.37890284373453503 0.5643745547457055 0.03880355042954129 0.05489657825883114
4 0.2795712290806425 0.5180631570086417 0.03074538896415202 0.05016362646343318
4 0.32360451209732927 0.5381256721339522 0.03206222749876275 0.0454852168225127
4 0.2963050277011615 0.5242177082383057 0.028855340343632997 0.04390453610435348
4 0.9173833310713789 0.22207588691336153 0.026883404567984215 0.03608294574527386
4 0.9411760351643934 0.2883639622453265 0.028937227498762753 0.04546703610435347
4 0.937307406715691 0.3040162333225654 0.030745388964152198 0.05016362646343318
4 0.9857316186106214 0.36312761290925644 0.025566566033373306 0.040761355386194256
4 0.9587187392574078 0.35468839901360993 0.02030585594746519 0.02979658430895542
4 0.9370451351189647 0.3735702092202644 0.022032130257724703 0.03293067466803503
4 0.9387337878779267 0.361056573681645 0.026965291723114147 0.03764544574527395
4 0.9221294640426372 0.32754918209290135 0.028773453188503238 0.04234203610435348
2 0.89298751865605 0.2784849681972548 0.02811835594746519 0.029842036104353476
4 0.8695001882620396 0.5013457512765462 0.027456614653892687 0.047020445745273774
4 0.6149133440732193 0.7880700882177804 0.03198034034363317 0.0439227168225127
4 0.6274133440732192 0.7879973653451434 0.026965291723114147 0.03764544574527395
4 0.649411174805914 0.7902138503180287 0.027047178878243726 0.039207945745273774
4 0.5951331105815627 0.7983445128858154 0.024911468792335613 0.028261355386194252
2 0.8901601690401627 0.4183878055312723 0.01668953301668665 0.020403403590796287
4 0.11893694425493342 0.4502267380961433 0.05244997060135783 0.07684430113146803
2 0.25088962912607105 0.43304780757437583 0.03798467887824382 0.03927157825883114
2 0.3588758695151326 0.39100068725926274 0.03206222749876275 0.0454852168225127
2 0.5622265988229177 0.4835962116561513 0.03165279172311415 0.0376727168225127
2 0.7068021144267499 0.46868830826174684 0.020060194482076098 0.02510908430895533
4 0.8501405201263879 0.10211791091746662 0.04422803482570927 0.06898634933607006
4 0.8975721200809594 0.18702417604277713 0.035187227498762755 0.045503397540671967
4 0.9608301158970878 0.2905940827568313 0.032307888964152195 0.050172716822512696
4 0.9694924649471484 0.3514997665000526 0.03181656603337366 0.040797716822512695
4 0.9931933579258297 0.3958582996775399 0.013613284148340555 0.040788626463433175
4 0.9865062245580868 0.39281965808879626 0.026883404567984215 0.03608294574527395
4 0.5954529358871904 0.6553303110904173 0.03025406603337366 0.040788626463433175
2 0.44832455110690983 0.5022331030485032 0.03017217887824373 0.039226126463433174
2 0.707741658186029 0.12873547395279145 0.03847600180902226 0.04864657825883123
2 0.7320356512886239 0.15985366374613702 0.028364017412854638 0.03452953610435348
2 0.754934240727746 0.17925764871902233 0.03025406603337366 0.040788626463433134
2 0.42874687697836444 0.15849219340758283 0.03362472749876275 0.04549430718159235
2 0.7269718515364512 0.5553161546709507 0.025075243102595124 0.031386355386194255