2 0.393591534837611 0.30606158798390254 0.03482128121376693 0.04502333992388783
2 0.40384312181095217 0.20928208847819413 0.02987868969849785 0.04170733893530469
2 0.4537315515075104 0.22228876585451185 0.034566189698497854 0.04189833992388783
2 0.3919804637852632 0.08573450053147262 0.045089101517208706 0.05634284190105419
2 0.44851776408482563 0.1805323473754427 0.03883910151720862 0.05608817391627659
2 0.2693405760533176 0.20536922680547645 0.02649859818322886 0.03845500494291585
2 0.7178588558899588 0.5395359101504743 0.030006235456132478 0.0432698389353046
2 0.7844883754347961 0.5587116744849302 0.0346937354561323 0.04346083992388792
2 0.8179063954386756 0.45660534642404055 0.026881235456132656 0.04314250494291585
2 0.5650528492219989 0.5677988785158127 0.02767846091032524 0.03383117193911023
2 0.4559486583155531 0.49280685429552484 0.03625623545613248 0.04352450692008212
2 0.26355231696946185 0.01700972235685216 0.029145366061076317 0.013646005931499044
2 0.13727724620697815 0.1427671146384672 0.029496052425594322 0.03701983893530465
2 0.5086908921046955 0.4612504481737455 0.03545901000193972 0.05283583992388792
2 0.5907383754347961 0.5508169669568257 0.021428460910325242 0.03357650395433272
2 0.5880916075569488 0.5256259659682426 0.022863415152690792 0.03207767095052709
2 0.8281426516475932 0.5424619333821789 0.02767846091032524 0.03383117193911023
2 0.7132666928632999 0.4421515741809191 0.03262105242559432 0.03714717292769336
2 0.7112416783194323 0.3997412396942388 0.026243506667959694 0.03533000494291585
4 0.8105727722505975 0.6232662644088182 0.03246155575957417 0.05427100593149916
2 0.7703145630072621 0.6459251730020555 0.02675368969849785 0.041580004942915846
4 0.47072799074696636 0.30215002079742775 0.04467451333591956 0.0703416749048598
2 0.522912501956854 0.36384886615852297 0.03820137272903601 0.04827567391627667
4 0.3412644049815731 0.5053784970714316 0.02401132697140156 0.046140170950527096
4 0.31907054058748685 0.5083934091247101 0.02519118969849794 0.04151633794672147
4 0.3331170651332941 0.4995595785923624 0.03064396424430509 0.0510823389353046
4 0.3747945110407098 0.5459371714819998 0.029081464244305088 0.0510186719391104
4 0.3851102577067299 0.5636021739534577 0.02739141848667064 0.049392504942915846
4 0.3524731008889889 0.5505145835352783 0.024681006667959783 0.035266337946721474
4 0.40304718573629816 0.5839292614058875 0.0325891015172088 0.05583350593149916
4 0.361193880894808 0.3956679160447923 0.03246155575957417 0.054271005931498986
4 0.3008625455884567 0.4817844881741829 0.035714101517208795 0.055960839923887916
4 0.2553902910465288 0.3858698103035737 0.029081464244305088 0.05101867193911023
4 0.2755116013480309 0.4274498152464895 0.03013378121376693 0.044832338935304604
4 0.2636173792278179 0.40031431228074005 0.02700878121376693 0.04470500494291585
4 0.9467013330111413 0.5496443750929526 0.026371052425594142 0.03689250494291585
4 0.921031911190491 0.6144417041424255 0.02713632697140156 0.04626750494291585
4 0.9069216137658664 0.6240567846747732 0.027518964244305267 0.05095500494291585
4 0.9100468716417744 0.7010012866519395 0.025191189698497853 0.04151633794672147
4 0.8885863308851096 0.6758275317090237 0.01804836939505634 0.03032416996194396
4 0.8705379614900535 0.7048783617470797 0.021428460910325242 0.03357650395433272
4 0.8677636478545715 0.6812498607584966 0.02649859818322895 0.03845500494291585
4 0.8825434960378005 0.6442273632299546 0.026881235456132656 0.04314250494291585
2 0.8902441678584507 0.5786978637242461 0.03769118969849785 0.04202567391627667
4 0.7200119319432764 0.7340180806067098 0.02570137272903601 0.04776633794672147
4 0.32919587118273236 0.7972622495428896 0.030006235456132478 0.0432698389353046
4 0.3387781652733769 0.8047073350181531 0.02649859818322886 0.03845500494291585
4 0.3539727305758488 0.8202195884781942 0.0266261439408634 0.04001750494291585
4 0.30685848557681866 0.7924328280980708 0.024043277879787085 0.027453837946721293
2 0.7923810105816678 0.6828813449411658 0.015720594849248926 0.02088550296574958
4 0.17825331938535785 0.23614704152049332 0.049999742124092264 0.07834517589344295
2 0.2911202390799764 0.30345389973316983 0.037436098183228864 0.038900673916276676
2 0.4028231425637375 0.3370078404553604 0.030261326971401558 0.046394838935304605
2 0.49585631013232423 0.5320576966908707 0.03118609818322877 0.03864600593149916
2 0.6173329552811355 0.6091215568807136 0.019100686364518005 0.024137836958138335
4 0.9639202681677116 0.41552404307773017 0.016549513335919384 0.06919566897336064
4 0.9515162498308222 0.509864292089147 0.02401132697140156 0.046140170950527096
4 0.9340102722505975 0.6282959571081751 0.029081464244305265 0.05101867193911023
4 0.8992049664910233 0.6801794506823844 0.02987868969849785 0.04170733893530461
4 0.8877415658822001 0.7533941161957041 0.02987868969849785 0.04170733893530461
4 0.8831974581560736 0.7226388647128293 0.024808552425594144 0.03682883794672147
4 0.40510428012650523 0.6835618468811511 0.028316189698497852 0.04164367193911041
2 0.3961590701342639 0.47626134144394366 0.028061098183228862 0.038518671939110224
2 0.8493633027154583 0.34971601786885925 0.03663887272903601 0.04821200692008221
2 0.8469559087745949 0.38881035136695646 0.026243506667960048 0.03533000494291585
2 0.8509100851371734 0.417190019351734 0.0281886439408634 0.040081171939110226
2 0.6152748293872975 0.2022202994663398 0.031823826971401556 0.04645850593149901
2 0.5741093716417742 0.6873128824701454 0.022863415152690792 0.03207767095052709
2 0.46127427391758735 0.6004111072612744 0.02806109818322895 0.038518671939110224
2 0.464160286794465 0.6514788587441492 0.017538186364518003 0.02407416996194378
2 0.6624850560494383 0.32485664482743504 0.03313123545613248 0.043397172927693364
4 0.35859568406930825 0.5907403355124445 0.03093100666795978 0.03552100593149898
4 0.5008460543824483 0.3268926942194127 0.03596919303247788 0.05908583992388783