2 0.40346075455262315 0.7140625 0.034922963606069855 0.0453125
2 0.40278220430495415 0.8125 0.03001713978475227 0.040625
2 0.4542184257689069 0.7984375 0.03626713978475227 0.040625
2 0.3845330103435914 0.9359375 0.0463698858558109 0.05625
2 0.44678476137704876 0.840625 0.04004711124870504 0.0546875
2 0.27358485587653075 0.81875 0.02674659057054054 0.0375
2 0.7365794313504781 0.47265625 0.030162688998963995 0.04375
2 0.8039317512428543 0.45234375 0.03485018899896417 0.04375
2 0.8312690390845265 0.553125 0.02852741439185813 0.0421875
2 0.584546050457066 0.44921875 0.028163541356328814 0.034375
2 0.4715323201017731 0.52734375 0.03633991439185813 0.0421875
2 0.133664023163873 0.8875 0.02979881596343472 0.0359375
2 0.522456965263209 0.5578125 0.03677656203449331 0.0515625
2 0.6157767797789016 0.46640625 0.021840766749222952 0.0328125
2 0.6052373860652078 0.49140625 0.023330492142117264 0.03125
2 0.8462091424753485 0.4671875 0.028163541356328637 0.034375
2 0.7257446311028091 0.57109375 0.03299659057054054 0.0375
2 0.729248466710951 0.61328125 0.026601041356328813 0.034375
1 0.22742048532220077 0.78671875 0.033578787427387444 0.05
1 0.201089117663355 0.865625 0.035359611248705035 0.0546875
2 0.7993769919372293 0.365625 0.026892139784752266 0.040625
4 0.47519020533841144 0.7171875 0.046952082712657627 0.06875
4 0.519631564105917 0.70234375 0.03550516046291676 0.0578125
2 0.5312261896226458 0.6546875 0.038193512820281585 0.0484375
4 0.35790646774440826 0.51796875 0.025547963606069857 0.0453125
4 0.3361406296550671 0.515625 0.026892139784752266 0.040625
4 0.34902161931598485 0.52421875 0.030453787427387448 0.05
4 0.38728790674337227 0.47421875 0.030453787427387448 0.05
4 0.3989189195636539 0.42578125 0.02874573821317572 0.046875
4 0.37173568135047813 0.47265625 0.025038541356328815 0.034375
4 0.3716414820124319 0.525 0.03528683664159917 0.053125
4 0.3926089534763847 0.5109375 0.025256865177646404 0.0390625
4 0.38350578122664364 0.521875 0.025475188998963994 0.04375
4 0.4302951980997012 0.43984375 0.033797111248705033 0.0546875
4 0.37621335794344535 0.628125 0.03372433664159917 0.053125
4 0.31469581513937445 0.60703125 0.036922111248705036 0.0546875
4 0.2654749110865985 0.640625 0.030453787427387448 0.05
4 0.2877523254784566 0.5984375 0.03179796360606986 0.0453125
4 0.29310975951502194 0.634375 0.03208906203449331 0.0515625
4 0.27476001985410414 0.62578125 0.027037688998963992 0.04375
4 0.9654685647250897 0.45625 0.026673815963434676 0.0359375
4 0.9426710736164298 0.3921875 0.027110463606069855 0.0453125
4 0.9298264712590651 0.3828125 0.028891287427387623 0.05
4 0.9309395150965931 0.30859375 0.025329639784752445 0.040625
4 0.9142228959900052 0.33203125 0.020132717535011578 0.0296875
4 0.8853530332935582 0.33125 0.021840766749222952 0.0328125
4 0.8943277729544761 0.33984375 0.02674659057054072 0.0375
4 0.9020653442945943 0.375 0.02852741439185813 0.0421875
2 0.9104193457423364 0.43046875 0.027945217535011578 0.0296875
4 0.7495097326316045 0.27890625 0.02718323821317572 0.046875
4 0.36284879466609776 0.22734375 0.030162688998963995 0.04375
4 0.373368917701627 0.21953125 0.02674659057054054 0.0375
4 0.3889404137726856 0.20390625 0.026819365177646402 0.0390625
4 0.3407554708447802 0.23203125 0.02474744292790536 0.028125
1 0.11154735215247709 0.40625 0.025111315963434723 0.0359375
1 0.1257382847413003 0.38671875 0.026455492142117176 0.03125
1 0.14087313316972372 0.38046875 0.021840766749222994 0.0328125
1 0.22549003577475757 0.29140625 0.023476041356328813 0.034375
1 0.23864500723871035 0.27734375 0.023548815963434677 0.0359375
2 0.82221733250777 0.328125 0.016571069892376045 0.0203125