2 0.31659908831597616 0.6289611081423503 0.031504530054229284 0.044659282132453626
2 0.2676707089256768 0.7147454954476535 0.026798849336070064 0.04139788981258565
2 0.3175752601553408 0.7296968940357277 0.033048849336070066 0.04157974623907634
2 0.18587528738089973 0.8108596289920328 0.04094316256778661 0.055869566772189835
2 0.28848720297374847 0.7617879800082473 0.03469316256778665 0.05568771034569906
2 0.1548030702637994 0.6469478931777979 0.023655668617910842 0.03818196159934022
2 0.0077973018188392 0.8317357333069527 0.0155946036376784 0.04277853338609461
2 0.7237030611886132 0.604617708367142 0.026807939695149587 0.04296038981258547
2 0.7899820461614985 0.624560483835678 0.031495439695149584 0.043096782132453625
2 0.7573644680008631 0.726273748021443 0.025245439695149585 0.042914925705962934
2 0.6126024556060271 0.5016183919906636 0.025190897540672098 0.03353992570596276
2 0.47822291042648735 0.5063095551602143 0.033057939695149585 0.043142246239076344
2 0.031982672919519166 0.812994093494367 0.029932939695149673 0.04305131802583091
2 0.010718289620394925 0.6301050371470185 0.02143657924078985 0.036664925705962935
2 0.5036859978587007 0.5602468974009399 0.03154998184962743 0.052471782132453626
2 0.6249433743221339 0.5285984291376822 0.018940897540672096 0.03335806927947225
2 0.6068609948336385 0.548652516363843 0.0220568071815924 0.031886497492717505
2 0.8163309227231274 0.6605063440230924 0.025190897540672098 0.03353992570596294
2 0.662315588414172 0.6837345585254265 0.02990566861791084 0.03836381802583091
2 0.6355621908735001 0.717319948338012 0.02519998789975162 0.03510242570596276
4 0.8495797599589491 0.5845515977840161 0.028434072208706952 0.053943353919208195
2 0.8287223592950191 0.5445403632234223 0.023673849336070064 0.04130696159934022
4 0.3788354679026672 0.672455043877443 0.04102497579950324 0.06993206677218958
2 0.4578644377502421 0.6490653564929977 0.03465680113146803 0.04943771034569906
4 0.3903643621236895 0.4362220271843957 0.022138620413308895 0.045948997492717504
4 0.3740444705349459 0.42185565030393385 0.022111349336070063 0.0412614974927175
4 0.38020811212368955 0.43651754387744307 0.026853391490547728 0.05077288981258547
4 0.4420132205349459 0.4198779616658472 0.02529089149054773 0.050727425705962934
4 0.4608132175098838 0.41073864238637503 0.025281801131468207 0.04916492570596294
4 0.42647912412574207 0.404707602732074 0.022074987899751618 0.03501149749271763
4 0.4881978741257421 0.4029117705204781 0.028443162567786652 0.05550585391920824
4 0.342907579142594 0.5375859503830761 0.028434072208706952 0.053943353919208195
4 0.34272629284184875 0.43448368243638746 0.03313066256778665 0.05564224623907634
4 0.24866722063314173 0.49033652883374834 0.02529089149054773 0.050727425705962934
4 0.29020528083979624 0.46647548000824735 0.028388620413308897 0.046130853919208195
4 0.26433767242853984 0.48206938776752156 0.023692030054229284 0.04443196159934022
4 0.919110489078102 0.7168807129859955 0.023646578258831142 0.03661946159934022
4 0.9359076245185255 0.6492158398664574 0.023701120413308983 0.04599446159934022
4 0.9297485281093216 0.633772696292948 0.02529089149054755 0.050727425705962934
4 0.976973506933887 0.5722525230942676 0.022111349336070063 0.0412614974927175
4 0.9448922599589491 0.5817782872800326 0.017360216822512698 0.03018760517284953
4 0.947431452679161 0.5481163411200984 0.018940897540672096 0.03335806927947225
4 0.9309252087292851 0.5657812142396367 0.023655668617910665 0.03818196159934022
4 0.9213274949318343 0.6043352488793727 0.02524543969514994 0.042914925705962934
2 0.8889599016458887 0.6630797630651377 0.03461134933607006 0.04162521034569906
4 0.8394558470965748 0.44502609653037484 0.02214771077238851 0.04751149749271768
4 0.5519387081401099 0.1878119562555709 0.026807939695149587 0.04296038981258556
4 0.5644432533196497 0.18666699340258944 0.023655668617910842 0.03818196159934022
4 0.5855597292173487 0.18214697796318324 0.02366475897699054 0.03974446159934022
4 0.5308949551150478 0.17983197169497708 0.022029536104353653 0.0271989974927175
2 0.8694518984244347 0.5253895464512326 0.01574317466803521 0.02076714106622681
4 0.09664111232008125 0.5744340471761484 0.04575792759490125 0.07788095909205772
2 0.23019395570422296 0.5775781160599092 0.03459316861791084 0.03850021034569906
2 0.3424985129840112 0.6078984503830761 0.026826120413308896 0.046085389812585656
2 0.534527452580965 0.49529784732179766 0.028343168617910842 0.038318353919208195
2 0.6806030218628057 0.494171953352577 0.017332945745273953 0.02550010517284953
4 0.8660440555312723 0.8426225105578553 0.036337475799503235 0.06979567445232178
4 0.9032718656397309 0.7540541040522223 0.03151362041330898 0.04622178213245363
4 0.9546848955957643 0.643982770586985 0.02685339149054755 0.05077288981258547
4 0.9558161244203296 0.5838037885336738 0.02836134933607006 0.04144335391920819
4 0.9866712146812133 0.5165109884545315 0.02054884933607006 0.04121603338609496
4 0.9677848592950191 0.5404940577340037 0.023646578258831142 0.03661946159934022
4 0.5480319372592628 0.3222778844688162 0.025236349336070062 0.04135242570596294
2 0.4189615399149826 0.48850594121187607 0.02522725897699054 0.03978992570596276
2 0.7208224591220685 0.8312256724737646 0.033085210772388504 0.04782974623907634
2 0.7421071066627405 0.7977994070343584 0.02519998789975162 0.03510242570596276
2 0.7617610765103153 0.7761373557015749 0.02678975897699054 0.03983538981258548
2 0.43962245609700645 0.8308154616658472 0.029951120413308985 0.04617631802583091
2 0.6904825367917246 0.4071804187128409 0.022056807181592218 0.031886497492717505
2 0.5459012898167867 0.41997959857543893 0.02522725897699054 0.03978992570596294
2 0.5781643439733168 0.379203834389674 0.015761355386194255 0.023892141066226814
2 0.5509872029737485 0.7541500100956369 0.031495439695149584 0.043096782132453625
4 0.45477684094825477 0.3742017488128658 0.02832498789975162 0.03519335391920828
4 0.4179206938003663 0.6674121912118761 0.031586343285945874 0.058721782132453625