2 0.3625 0.6691398272635379 0.021875 0.0412614974927175
2 0.3375 0.7636172529695009 0.0171875 0.03800010517284953
2 0.38984375 0.7660004553976411 0.0234375 0.03661946159934022
2 0.2828125 0.8769272467012946 0.0296875 0.05086381802583091
2 0.3703125 0.8040687567304247 0.0234375 0.05224446159934013
2 0.209375 0.7290640597125607 0.0140625 0.0363466769596041
2 0.10703125 0.9468857086963464 0.0234375 0.03818196159934004
2 0.75234375 0.5413902826611791 0.0171875 0.04112510517284953
2 0.821875 0.5424921299164698 0.021875 0.03969899749271768
2 0.8171875 0.6480972722363377 0.0140625 0.041034176959604096
2 0.61640625 0.47112690993735223 0.0171875 0.03018760517284953
2 0.48671875 0.5108379307870348 0.0234375 0.03818196159934022
2 0.13359375 0.9195503188837607 0.0203125 0.039653533386094966
2 0.06171875 0.7505479177884041 0.0203125 0.03340353338609496
2 0.52578125 0.5557950781214679 0.0203125 0.04902853338609496
2 0.6359375 0.49399610860456883 0.0109375 0.033130748746358664
2 0.6234375 0.5177973214575502 0.0140625 0.028534176959604095
2 0.85703125 0.5703754375174593 0.0171875 0.03018760517284953
2 0.71328125 0.6323706353267461 0.021875 0.03344899749271768
2 0.69609375 0.6711519904995955 0.0171875 0.03175010517284953
4 0.86953125 0.488761724664478 0.015625 0.05201714106622681
2 0.8390625 0.45605452474362024 0.0140625 0.039471676959604095
4 0.43359375 0.695196210412206 0.025 0.06635242570596275
2 0.5046875 0.651721343560874 0.0234375 0.04443196159934022
4 0.3828125 0.4654237938774431 0.009375 0.04558528463973595
4 0.36328125 0.4566170952102267 0.0125 0.03942621285298138
4 0.37265625 0.4688443105704906 0.015625 0.048892141066226816
4 0.42890625 0.436738852732074 0.0140625 0.0504091769596041
4 0.44453125 0.4237842116658472 0.0140625 0.047284176959604095
4 0.409375 0.4263696540648576 0.0140625 0.031659176959604095
4 0.46953125 0.40899428595988435 0.015625 0.05357964106622681
4 0.36328125 0.5753670952102266 0.015625 0.05201714106622681
4 0.3359375 0.4761627170761235 0.0203125 0.052153533386094963
4 0.26015625 0.5549302262473236 0.0140625 0.0504091769596041
4 0.29296875 0.5203817300082474 0.0171875 0.04268760517284953
4 0.27265625 0.5428477633943422 0.0125 0.04255121285298138
4 0.90390625 0.9440115143187789 0.0140625 0.0597841769596041
4 0.91328125 0.918738729679043 0.0140625 0.05040917695960445
4 0.971875 0.5975025756806923 0.015625 0.03482964106622681
4 0.9703125 0.5287980397873151 0.0125 0.04567621285298138
4 0.96015625 0.5150310564803624 0.0125 0.05036371285298138
4 0.990625 0.4438320064012201 0.0125 0.03942621285298138
4 0.9609375 0.4611020744270511 0.009375 0.028397784639736124
4 0.9546875 0.4284714308535419 0.0109375 0.033130748746358664
4 0.94375 0.44988342959990063 0.0140625 0.0363466769596041
4 0.94453125 0.48970444754658926 0.0140625 0.041034176959604096
2 0.928125 0.5542443206661274 0.0265625 0.036710389812585474
4 0.82265625 0.3580943978631584 0.0109375 0.04719324874635875
4 0.475 0.18617891158670494 0.0171875 0.04112510517284949
4 0.48671875 0.18271293078703482 0.0140625 0.03634667695960414
4 0.50625 0.17198837945425133 0.0140625 0.03790917695960414
4 0.45234375 0.18449439113273383 0.0171875 0.02393760517284953
2 0.87265625 0.4269520464512325 0.0109375 0.019068248746358662
4 0.13359375 0.6742378188837608 0.0265625 0.07421038981258547
2 0.26484375 0.6430750839274555 0.0265625 0.03202288981258548
2 0.38203125 0.6427902759307544 0.015625 0.04420464106622681
2 0.5390625 0.485096133215175 0.0203125 0.03496603338609496
2 0.68125 0.4465838995125111 0.0125 0.02223871285298138
4 0.953125 0.7316418949601646 0.0203125 0.06621603338609497
4 0.96640625 0.6367242000538716 0.0203125 0.04277853338609496
4 0.9875 0.5189229346144655 0.0140625 0.048846676959604096
4 0.97265625 0.460761093627381 0.01875 0.038045569279472245
4 0.98828125 0.3876502025611542 0.0171875 0.03800010517284953
4 0.97265625 0.41622984362738097 0.0140625 0.0347841769596041
4 0.50625 0.3157383794542513 0.015625 0.039517141066226814
2 0.425 0.5087275129986308 0.0171875 0.03643760517284953
2 0.809375 0.7584808427694512 0.021875 0.0443864974927175
2 0.82109375 0.720639861969781 0.0171875 0.03175010517284953
2 0.834375 0.6952534170634882 0.0171875 0.03800010517284953
2 0.53515625 0.8313035434817317 0.01875 0.04273306927947225
2 0.66796875 0.36025159441880383 0.0140625 0.028534176959604095
2 0.53046875 0.4103461858015997 0.0171875 0.03643760517284953
2 0.55078125 0.3628801524155049 0.0109375 0.02219324874635884
2 0.62421875 0.7287120894042388 0.021875 0.03969899749271768
4 0.4296875 0.38984112067876275 0.021875 0.030323997492717504
4 0.47109375 0.6800425718532617 0.01875 0.05679556927947225