2 0.38705297770427033 0.2635855572573863 0.031184298022528624 0.04604582363742162
2 0.38378014825495965 0.16597710468201074 0.026169016091543363 0.040975686364518
2 0.43557759503665094 0.16951682180125383 0.032419016091543365 0.04148586939505616
2 0.36250571781691326 0.04808797407706693 0.041214861884498966 0.05618609818322884
2 0.42675425209368695 0.12906716498351284 0.0350741225281606 0.0572384151526907
2 0.2539998131056658 0.18899962968685993 0.02293475544788164 0.03915809484924897
2 0.7250671578902151 0.4286377617896158 0.02638753737886681 0.044100686364518006
2 0.793052333384583 0.4339632484536963 0.03107503737886681 0.04448332363742154
2 0.8182869161880884 0.32859022224089907 0.02482503737886681 0.04397314060688355
2 0.5742969795458558 0.4852220858860794 0.02416947351689629 0.03459814060688356
2 0.4590815249704942 0.4332605863451214 0.032528276735204996 0.043048369395056164
2 0.2278682738852135 0.006043092723217061 0.02863845222957302 0.012086185446434122
2 0.11291027338101042 0.15157886226805445 0.027512994804219915 0.037978232122152546
2 0.5101412804183759 0.39180666785845075 0.031621340597175515 0.05229582363742162
2 0.6046782482352893 0.46176873936984053 0.017919473516896288 0.03408795757634522
2 0.5938171578902152 0.4393516054309168 0.02082595222957302 0.031218049091614474
2 0.8350977217521856 0.4103345587551983 0.02416947351689629 0.03459814060688342
2 0.712255437475412 0.33413833376004753 0.030637994804219915 0.03823332363742162
2 0.706557094532448 0.29343358542703746 0.0242787341605581 0.03616064060688355
1 0.17677067758805481 0.16034821332622123 0.030058840597175517 0.05216827787978708
2 0.790839987339526 0.5211443840596099 0.024715776735204996 0.04241064060688356
4 0.45829419317539505 0.24456474816383217 0.0407449683211162 0.07168355242559432
4 0.5030057596352556 0.24945967119243068 0.030605143815484227 0.05998077787978708
2 0.5154075706472343 0.2942779636160853 0.03452781930985207 0.0494259151526907
4 0.34639585467190653 0.4673163351371734 0.02035605866619026 0.04671550333398002
4 0.32413844241909046 0.4745707257440569 0.023153276735205175 0.04228309484924893
4 0.3374032669247226 0.46261285968298055 0.026933840597175518 0.051913186364518006
4 0.38294535986768663 0.50006519119631 0.025371340597175517 0.05178564060688338
4 0.3942981231092384 0.5154510751352337 0.02359031930985207 0.04853309484924893
4 0.3605786869712088 0.5088820818031935 0.022606973516896466 0.03447059484924893
4 0.41413537570712844 0.5316979574071675 0.02882412252816078 0.05672823212215263
4 0.35727836037188976 0.35612374362190435 0.028714861884498965 0.05516573212215263
4 0.30317573239584733 0.45220138922975756 0.031839861884498964 0.05542082363742153
4 0.25091909972822796 0.3663593551410527 0.025371340597175517 0.05178564060688347
4 0.27396883363668456 0.4033173501400828 0.02805929802252862 0.04579073212215259
4 0.2600920039352724 0.3795928077164282 0.023371798022528624 0.045408094849248924
4 0.9813760501162155 0.04029351253852186 0.024792186390131123 0.06572059484924896
4 0.9824797282084734 0.06894467102325279 0.017558840597175517 0.05114791181871081
4 0.9542301340050017 0.39517233117497363 0.022825494804219915 0.037595594849248924
4 0.933961556649378 0.46285403875131903 0.02348105866619008 0.046970594849248926
4 0.9206967321437458 0.47481190481239527 0.02380884059717552 0.05165809484924892
4 0.9241006015698133 0.5483291531454053 0.02148151609154354 0.04059304909161447
4 0.9068256202592468 0.5287659522370198 0.016138452229572664 0.030835411818710766
4 0.8775915883282615 0.5358130487532586 0.017919473516896288 0.0340879575763454
4 0.886059652190232 0.525800319965086 0.022934755447881726 0.039158094849248926
4 0.8933147773162828 0.48869893269218245 0.02482503737886681 0.04397314060688338
2 0.9003185301662743 0.43297509117691335 0.025404191585911208 0.03003818636451818
4 0.7429327290416528 0.6174930966369251 0.02202781930985189 0.04840554909161447
4 0.3581592552726547 0.7545453971056654 0.02638753737886681 0.044100686364518006
4 0.3679330930198386 0.759185099681041 0.02293475544788164 0.039158094849248926
4 0.384137247226883 0.771844596347061 0.023044016091543364 0.04072059484924893
4 0.33566689623814727 0.7540510605913662 0.022169930942249484 0.028220594849248926
2 0.8142721335007985 0.5526336290586401 0.015482888367602499 0.021460411818710768
4 0.16454954701412242 0.23514091923557662 0.044416271539425 0.0797511439408634
2 0.2795300548077925 0.27935369165535195 0.03532549480421991 0.038615960910325244
2 0.39373466644019 0.2902278055903963 0.026606058666190348 0.047225686364518
1 0.11522652623100202 0.09623765802568898 0.027043101240837242 0.05347568636451805
2 0.5027715408099361 0.4638729864949026 0.027512994804219915 0.037978232122152636
2 0.6304323650634667 0.5155953699747844 0.017263909654925948 0.02471295757634522
4 0.9668061796817419 0.25976098965970457 0.023557468321116205 0.07028054909161448
4 0.9579067910620378 0.35370230829615645 0.026496798022528623 0.04566318636451801
4 0.947931221500084 0.4741423540537909 0.025371340597175517 0.05178564060688338
4 0.9175445989719233 0.5309981319335779 0.02773151609154354 0.04110323212215263
4 0.9161188567655933 0.5847130632971262 0.02616901609154354 0.040975686364518
4 0.9051103009493948 0.5755134064793852 0.022825494804219915 0.037595594849248924
4 0.4244394551564392 0.6287324540731876 0.024715776735204996 0.04241064060688356