2 0.4646634890464333 0.7471867921004072 0.03569345909205772 0.047515350092285046
2 0.4807635136570395 0.8449128932724264 0.03086956677218975 0.04252746144333699
2 0.53026340848419 0.8309295388612046 0.035557066772189574 0.04282785009228505
2 0.47812791013354267 0.968731125073829 0.046949207838416565 0.059153756939830514
2 0.5283659393630025 0.8729167797619061 0.04065374373179385 0.05719073874123311
2 0.3483601906166437 0.8504643815522342 0.027653638558944316 0.03920220234403828
2 0.7703976973470683 0.5078877668050961 0.030960494985435006 0.04565246144333699
2 0.8345594857477281 0.48860564311554294 0.03564799498543501 0.045952850092285044
2 0.874923724464957 0.5894462523071267 0.029352530878812642 0.04398983189368781
2 0.6160368062808415 0.48240000616463796 0.02756271034569906 0.03607720234403846
2 0.5130231180384662 0.5600162615633087 0.03716503087881229 0.0444904796419344
2 0.22161348568122102 0.9164224437061652 0.030778638558944315 0.03940246144333699
2 0.5677022578510519 0.5900332310262104 0.03743781551854859 0.0538654796419344
2 0.643031215293757 0.4989459585086765 0.022829746239076344 0.03421431369509058
2 0.6422188730530312 0.5246270789590272 0.024346782132453625 0.032751943244739935
2 0.8786731986007095 0.503909270505724 0.02756271034569906 0.03607720234403846
2 0.7716994360642971 0.6062251372554467 0.033903638558944495 0.039602720542635694
2 0.7729269669431096 0.6484126372554468 0.02756271034569906 0.03607720234403846
4 0.8560420291629527 0.4229200863602827 0.03435827962517095 0.055227720542635694
2 0.8140674778301692 0.40073540329457574 0.029307066772189572 0.04242733189368768
4 0.5411805249398107 0.7505306400332239 0.04731292069139812 0.07165375693983034
2 0.588489782461658 0.6880597208471776 0.038909387305303154 0.05084060919158375
4 0.3988469577719095 0.5488005544389083 0.02631845909205772 0.04691457279438911
4 0.37616797571859817 0.5465674259689932 0.027744566772189748 0.04232720234403846
4 0.3904577962517116 0.555281091915837 0.032704851411925785 0.05200259099298634
4 0.42884669483978577 0.5078343954318948 0.031142351411925874 0.05190246144333699
4 0.437698857613625 0.4904664227297907 0.02948892319868044 0.048677331893687815
4 0.40688076662654044 0.5033075817368042 0.02600021034569906 0.03597707279438911
4 0.45422712806759613 0.4689115977759332 0.03440374373179385 0.056790220542635696
4 0.42622546318218585 0.6589463124584729 0.03435827962517113 0.055227720542635694
4 0.3597988296378064 0.5735910009228506 0.039091243731793845 0.05709060919158375
4 0.32206080040834667 0.6702063826319684 0.031142351411925784 0.05190246144333699
4 0.338779287476223 0.6283891224529355 0.032568459092057724 0.04731509099298634
4 0.3286601413954312 0.6558132156053903 0.027835494985435093 0.04545220234403846
4 0.9911688781008496 0.4942815515042477 0.017662243798300635 0.03763970234403846
4 0.9654170291629527 0.42992915483573524 0.029443459092058078 0.047114831893687634
4 0.9511044765765281 0.42043423888889125 0.031142351411925517 0.05190246144333703
4 0.9488540032987054 0.3430904888888914 0.026182066772189927 0.04222707279438911
4 0.9293371251646022 0.36913255474345014 0.01961381802583091 0.030889054595791877
4 0.909768771245394 0.33980600014765827 0.022829746239076344 0.034214313695090495
4 0.908106982844734 0.36309330582318433 0.027653638558944493 0.03920220234403846
4 0.9255816393503672 0.40086341609450216 0.02935253087881229 0.04398983189368781
2 0.9376246497752085 0.4663580081672228 0.038727530878812644 0.04459060919158375
4 0.7585101481258558 0.31373724860649876 0.02792642319868044 0.048577202344038464
4 0.3661718839400908 0.2566235464193439 0.030960494985435093 0.04565246144333708
4 0.3753195634069774 0.2494118237172398 0.027653638558944316 0.03920220234403846
4 0.38968594028743925 0.23395680443890834 0.027699102665567032 0.040764702344038464
4 0.3445014724198929 0.26225298272425335 0.02425585391920828 0.029626943244739846
2 0.8332661072179135 0.3637558374400169 0.01782399749271768 0.022976425046142522
4 0.2555134610706148 0.8219004881229243 0.05379024122451135 0.07986677513842758
2 0.36344196984610344 0.7523971213732012 0.03707410266556703 0.0413654796419344
2 0.47158943896729105 0.7172186898486539 0.032568459092057724 0.04731509099298634
2 0.5500541051063425 0.5195006855297171 0.03238660266556703 0.041065090992986344
2 0.6654995971887837 0.44034171652824095 0.01947742570596276 0.026201554595791876
4 0.9947826172470435 0.5328631901531956 0.010434765505912935 0.046814443244739934
4 0.9774623880967258 0.4151051912329297 0.031142351411925517 0.05190246144333703
4 0.9401155007914227 0.3643647115909954 0.030869566772189928 0.04252746144333717
4 0.9231576698334681 0.2907572308693268 0.030869566772189928 0.04252746144333717
4 0.9209646840192331 0.3225882217700282 0.026045674452321775 0.03753957279438911
4 0.4489964072970558 0.3695426534514592 0.02930706677218975 0.04242733189368782
2 0.45504313347787245 0.5773551534514592 0.029261602665567033 0.040864831893687635
2 0.9131260696086766 0.6963866671742364 0.03734688730530315 0.0507404796419344
2 0.9080832169431096 0.6570738433001131 0.02756271034569906 0.03607720234403846
2 0.9103671309705899 0.6283678523994117 0.030869566772189928 0.04252746144333699
2 0.6914054969639921 0.8482741324750848 0.034130959092057725 0.047415220542635694
2 0.6164423200708951 0.36233783003876124 0.024346782132453625 0.032751943244739755
2 0.5106446126281898 0.4514725763381334 0.029261602665567033 0.040864831893687815
2 0.5099482791629527 0.40074139111295815 0.01943196159934022 0.024639054595791875
2 0.729910404327555 0.7244151303156164 0.03564799498543501 0.045952850092285044
4 0.41038619985435076 0.46298297038575226 0.03229567445232173 0.03794009099298634
4 0.5692911530739136 0.7250392867017365 0.0376196719450391 0.0601154796419344