2 0.4186348994351376 0.7066792742559431 0.0254292269557407 0.04241064060688356
2 0.40027446164069297 0.798260996376156 0.022030824882222078 0.03903054909161448
2 0.4529599642325911 0.8064400292569129 0.028144123845462943 0.037978232122152636
2 0.3536618847322205 0.9038255991013127 0.035624433176296225 0.05255091515269043
2 0.43592828911481335 0.842281934407664 0.027948634213055358 0.05347568636451783
2 0.26930813416657273 0.7464597671289414 0.01876912384546294 0.03721295757634539
2 0.18171782568421116 0.9510679056097929 0.028280824882222166 0.03954073212215263
2 0.80040372634361 0.6284732365433943 0.020741726955740704 0.042028003333980025
2 0.8703450794538877 0.6388365227581311 0.02685502591898157 0.040975686364518
2 0.8733223994351377 0.7437950897275929 0.01917922695574035 0.0419004575763454
2 0.6601116255424064 0.5410055742656414 0.02134731969842587 0.031218049091614474
2 0.5325819478327304 0.5639492535031577 0.028280824882222076 0.03954073212215263
2 0.20680600857768344 0.9275187063683973 0.023730025918981414 0.04072059484924893
2 0.1229505440157856 0.7492504430324778 0.023183221771944408 0.03447059484924893
2 0.5749642289355081 0.6139491245652039 0.02611273213953691 0.05022314060688356
2 0.6801992416121749 0.5666911004784386 0.013808221771944318 0.033705320303441685
2 0.6697497571635638 0.5891082344173624 0.01808561866166656 0.02940045757634522
2 0.9080986491523138 0.6713938023049082 0.02134731969842605 0.031218049091614474
2 0.7676390359572672 0.7150007968448964 0.026308221771944317 0.034725686364518005
2 0.753019461357869 0.7518152706320992 0.01992152073518518 0.032653003333979844
2 0.8815765224321286 0.5544295718497455 0.01904252591898157 0.040337957576345215
4 0.4922576186151838 0.7413888562283144 0.030741443543888813 0.06766573212215263
4 0.5384880696519432 0.7467139560785332 0.023671237323333115 0.05778054909161447
2 0.5606467421778227 0.7074122110795031 0.02882762902925915 0.045790732122152636
4 0.42515086517481393 0.5063124834992785 0.014901830066018463 0.04620532030344186
4 0.40394980843587874 0.4944981386500295 0.01748002591898139 0.04021041181871077
4 0.4151996667299528 0.5078271860746539 0.01986273213953691 0.04971295757634522
4 0.4689206975499065 0.4835125833494972 0.018436933176296223 0.05114791181871077
4 0.48423333925583256 0.47235181380465985 0.018163531102777596 0.04802291181871077
4 0.4491454397742121 0.4702632842578828 0.018359020735185184 0.032525457576345215
4 0.5072901304433788 0.46104752304799507 0.02183533524981467 0.05452800333398002
4 0.41277658722958216 0.6131205928923948 0.021698634213055356 0.05296550333398002
4 0.37902772087698977 0.5110798607702425 0.026386134213055534 0.05334814060688338
4 0.30739602012305445 0.5789213228885156 0.018436933176296223 0.05114791181871077
4 0.33896864886948974 0.5496960795564754 0.022440927992499925 0.043718049091614475
4 0.3197203628657397 0.5690679618284091 0.017753427992499925 0.04333541181871077
4 0.9992059996939346 0.6298755951876046 0.0015880006121307133 0.05114791181871077
4 0.998888860438495 0.5760968909452393 0.0022222791230099405 0.029017820303441865
4 0.9945824235157634 0.5420567307935183 0.010835152968473238 0.033705320303441866
4 0.986195671913749 0.5621938876112593 0.01876912384546294 0.03721295757634539
4 0.9896815483511101 0.6020376376112593 0.019179226955740702 0.0419004575763454
2 0.9780304403398599 0.6639158842772794 0.029706623845462587 0.038105777879787084
4 0.8581206071162957 0.45478038715221736 0.016601031102777598 0.04789536606107632
4 0.4971852327051848 0.2391565475938023 0.020741726955740704 0.042028003333979845
4 0.5093434801132867 0.23627066365487864 0.01876912384546294 0.03721295757634539
4 0.5280545238927312 0.22848998562531034 0.01890582488222208 0.038775457576345394
4 0.47503683063166624 0.23424590698691886 0.0192380155513888 0.024840503333979847
2 0.9136276048072214 0.5306730785177052 0.012577912441111038 0.019642820303441867
4 0.1892501958064802 0.6825250707624837 0.03454994872768502 0.07573332363742154
2 0.31824462869995246 0.6674576644037847 0.030995721771944408 0.035108323637421536
2 0.4359789328469895 0.6832735962263748 0.02101512902925915 0.04515300333397985
2 0.5829435327997212 0.5455657863839146 0.02331992280870363 0.03603309484924892
2 0.7223286615461564 0.5251412003286574 0.014413814514629664 0.022895366061076318
4 0.5382872692745827 0.37204866698885847 0.02060502591898139 0.040465503333979844
2 0.4697401952408324 0.5549411731977762 0.020331623845462943 0.03734050333398002
2 0.8728035725266651 0.8531222923029684 0.027265129029259327 0.04566318636451818
2 0.882022747644443 0.8166426583640447 0.01992152073518518 0.032653003333980024
2 0.8938980310562948 0.7927905701827556 0.020468324882222076 0.03890300333398002
2 0.6038478124418966 0.8908942618381076 0.024003427992499837 0.04384559484924892
2 0.7029546534876381 0.4366846071463984 0.01808561866166656 0.029400457576345396
2 0.5685010325168973 0.469146807595742 0.020331623845462943 0.03734050333397985
2 0.5855621019324992 0.4247749253238082 0.012851314514629664 0.022767820303441866
2 0.6850793971260634 0.7997906429020933 0.02529252591898139 0.040848140606883375
4 0.4663821664471288 0.4367651291071318 0.024472319698425872 0.031473140606883554