2 0.36948136968781886 0.7001522822340733 0.026227530878812466 0.04437471658814811
2 0.34091375197855706 0.7896057614988883 0.021403638558944317 0.03927711347787035
2 0.3926808404583591 0.8011481457119437 0.027653638558944316 0.039823917624907425
2 0.28233202533552204 0.8920185705468977 0.03431281551854841 0.05443322177194432
2 0.37187424696399213 0.835953081197314 0.02810827962517113 0.05544891762490707
2 0.21452709672656525 0.7310134285581478 0.018233174452321598 0.0374412114043519
2 0.10338632290738185 0.9285733508012036 0.027699102665567032 0.041386417624907065
2 0.763764915610326 0.6458118455709245 0.021494566772189572 0.04240211347787017
2 0.8335462181967508 0.6604887917067114 0.026182066772189927 0.04281221658814793
2 0.8248735633404702 0.7641510339310169 0.018369566772189927 0.042128711404351905
2 0.6316450859060125 0.5508719095199062 0.021221782132453626 0.03302711347787035
2 0.5003867257185981 0.565883171913749 0.027699102665567032 0.041386417624907426
2 0.13156514720141896 0.9061023199812498 0.024574102665567032 0.0411130155513888
2 0.06629418520636735 0.7250580800660185 0.022875210345698994 0.03628881451462966
2 0.5377563450772126 0.6182460457592119 0.024846887305303156 0.0504880155513888
2 0.6495600116119755 0.5773756209242581 0.013454746239076342 0.033906108294074144
2 0.6369379911580044 0.5988699121118044 0.01805131802583091 0.031191211404351903
2 0.8672680003292044 0.6946095134786557 0.021221782132453626 0.03302711347787035
2 0.7209756735278848 0.7285662655049061 0.02600021034569906 0.03656221658814811
2 0.7025355620868291 0.7643575025454153 0.019704746239076344 0.03445291244111104
4 0.8828953488381363 0.6157128254013873 0.020250315518548234 0.05320291244111104
2 0.8537246743858148 0.5773147067397206 0.01832410266556721 0.040566211404351904
4 0.4399673659268952 0.7390479783698602 0.0316424565847754 0.06978481969842587
2 0.5123591914745734 0.7095354270975454 0.027880959092057723 0.047636417624907425
4 0.39879548198680437 0.5024468055611567 0.013818459092057811 0.04640610829407414
4 0.37894598324044554 0.48980054260166594 0.016761602665567032 0.04042951036759259
4 0.38870742814673837 0.5039019988222215 0.020159387305303155 0.05007791244111104
4 0.4457470383341528 0.4823974371823139 0.018642351411925873 0.05150371140435191
4 0.4618123075344827 0.4721140480682863 0.018551423198680438 0.048378711404351904
4 0.42663332548117133 0.4682570247412029 0.018142246239076343 0.034316211404351905
4 0.4872525767348126 0.4626508651748139 0.02029577962517113 0.054765412441111036
4 0.374566023290458 0.6070857874178697 0.02025031551854841 0.05320291244111104
4 0.35132108841329507 0.5045274239399994 0.02493781551854841 0.053613015551388796
4 0.2721169732113157 0.567731470028518 0.018642351411925873 0.05150371140435191
4 0.30638667313217344 0.5403384933556012 0.02154003087881238 0.043964613477870354
4 0.2850799744649569 0.5579559288409717 0.016852530878812378 0.04355451036759259
4 0.9816403888881489 0.7420203386437019 0.01818771034569906 0.03587871140435191
4 0.9819837181967508 0.6734753901988407 0.016943459092057724 0.046679510367592415
4 0.9729807912371466 0.6586610344966648 0.017079851411925872 0.05136701036759259
4 0.9988892756331381 0.5937680578237481 0.002221448733723719 0.04042951036759242
4 0.9761225116119755 0.6059461376069426 0.013318353919208192 0.029218608294073967
4 0.9712387833195878 0.5720106350150445 0.013454746239076342 0.033906108294074144
4 0.9585485667056826 0.5911611762025908 0.018233174452321775 0.0374412114043519
4 0.9581454014245612 0.6308682251658315 0.018369566772189927 0.042128711404351905
2 0.9396514656894684 0.6915911116879612 0.029216138558944494 0.03996061866166656
4 0.8414627036152744 0.47727575051916504 0.015426423198680438 0.048105309330833276
4 0.5018904235943918 0.24262132917106385 0.02149456677218975 0.04240211347787035
4 0.5135182453811465 0.2405215869467583 0.018233174452321775 0.03744121140435182
4 0.5336034248480331 0.2344862004246286 0.018278638558944495 0.03900371140435181
4 0.4791205133278352 0.2367329141380546 0.019477425705962937 0.02664041244111104
2 0.8889347486798517 0.5554588305851835 0.013091033386094608 0.021406108294074144
4 0.14085626451496935 0.6630064308672219 0.03343227711788872 0.07773402073518518
2 0.2731231952354972 0.6558760189917587 0.030642246239076344 0.03540981969842587
2 0.3898704260351673 0.6777789962303233 0.020022994985435093 0.04539041244111104
2 0.5537019423325032 0.5502868576819434 0.022920674452321776 0.03785131451462966
2 0.6967472486798518 0.538644603063795 0.01474446159934022 0.02466780933083328
4 0.9573798379510766 0.8723722199820351 0.026954956584775404 0.06937471658814828
4 0.9742059736070271 0.781112232941526 0.024710494985435004 0.045800515551388976
4 0.9952019859788372 0.6672349521215721 0.009596028042325599 0.05150371140435191
4 0.9878412616119754 0.6069713953826371 0.022966138558944492 0.039413814514629664
4 0.99768029671393 0.5367368078237481 0.004639406572140103 0.0390037114043519
4 0.989670534573229 0.5627135474561555 0.01818771034569906 0.03587871140435191
4 0.5276071406040084 0.37656639368569345 0.019886602665567032 0.04070291244111104
2 0.4384633872387962 0.5534522309617584 0.019795674452321776 0.03757791244111104
2 0.8124310508040582 0.8721590235634246 0.02631845909205772 0.04749971658814829
2 0.8254251442984252 0.8366705828942578 0.019704746239076344 0.03445291244111104
2 0.8403454506457735 0.8138188432618503 0.021403638558944494 0.03927711347787044
2 0.5356245098961159 0.8931387390202769 0.02310253087881229 0.04410131451462931
2 0.6871700087089816 0.4505294483983784 0.01805131802583091 0.031191211404351903
2 0.5476134152146146 0.4749451050900452 0.019795674452321776 0.03757791244111104
2 0.569732456122557 0.43168312064143405 0.01313649749271768 0.022968608294074145
2 0.628209163498755 0.8077275022625916 0.02618206677218975 0.0428122165881482
4 0.44828936513547235 0.4358641897742121 0.024346782132453625 0.0333005155513888
4 0.4771491171805364 0.7313913032520825 0.02351170783841656 0.058163814514629666