2 0.3908206500196705 0.3478864446751845 0.024715776735205086 0.042538814514629666
2 0.3623353810781355 0.2514413801605549 0.01980975544788164 0.03900371140435181
2 0.41456987043447374 0.2544583648919899 0.025950494804219914 0.037988015551388796
2 0.3043593540908288 0.13300444698425867 0.03318384059717552 0.05259731969842587
2 0.3938696043429304 0.21382380296925857 0.02704310124083733 0.05361301555138882
2 0.23505161523869367 0.2744701941095366 0.016575494804219916 0.03716780933083328
2 0.12516924480421993 0.04666853138560162 0.02605975544788164 0.039550515551388846
2 0.7851001637654254 0.5120520002363411 0.020028276735205 0.042128711404351905
2 0.8545221531217635 0.516572696372128 0.02460651609154354 0.040976314514629665
2 0.8471470596745965 0.4111039463721281 0.016903276735204996 0.04185530933083328
2 0.6524622624083726 0.5695535590015266 0.01926345222957302 0.031191211404351903
2 0.5214964856731674 0.5177190739872677 0.02605975544788173 0.0395505155513888
2 0.15369843639013112 0.07711744901050897 0.023044016091543364 0.04083961347787033
2 0.08731895558376765 0.23825114717254614 0.022606973516896424 0.03458961347787035
2 0.559007557328808 0.47674205094300826 0.023699579953513704 0.05021461347787035
2 0.6703546027534466 0.5478248219610172 0.013231973516896468 0.03376940725731466
2 0.6577781930985205 0.5234304147037026 0.016029191585911207 0.02935530933083328
2 0.8893288418576832 0.4924414207359705 0.01926345222957302 0.031191211404351903
2 0.7427709161112139 0.41750162639087823 0.02416947351689629 0.034726314514629666
2 0.7243597696978397 0.37629086602328565 0.019372712873234655 0.032753711404351814
2 0.8747032491668207 0.6053030057029614 0.01679401609154354 0.040292809330833276
4 0.46172872972108275 0.32924304288448986 0.029588947033792935 0.06781221658814811
2 0.5342646474217805 0.3782949890202768 0.026496798022528623 0.045800515551388796
4 0.41908703369569605 0.5522417540060178 0.012543558666190436 0.04613270622055552
4 0.3986488475576665 0.5597712900097678 0.015231516091543362 0.04015610829407414
4 0.4087122624083726 0.5482281972670826 0.01901207995351375 0.04980451036759259
4 0.46563960560343814 0.5850439835536566 0.017558840597175517 0.05123030933083328
4 0.48224795139639376 0.6004734939212492 0.01734031930985207 0.048105309330833276
4 0.4468731801090703 0.5942727205941659 0.016247712873234833 0.032480309330833276
4 0.5066687971893493 0.6165865094726379 0.019339861884498967 0.05449201036759259
4 0.3950325386393746 0.44143139312004565 0.01923060124083733 0.052929510367592594
4 0.3714472091900639 0.5372032229032401 0.023918101240837243 0.05333961347787035
4 0.2925466770069771 0.45265327417555506 0.017558840597175517 0.05123030933083328
4 0.32692703084570446 0.48904939542911985 0.02013753737886681 0.04369121140435191
4 0.30508488183444016 0.46539728195124946 0.01545003737886681 0.043281108294074146
4 0.9223720267352051 0.1210735601328223 0.01854218639013112 0.06529280933083333
4 0.9337137183211164 0.15001876635337785 0.017558840597175517 0.05123030933083328
4 0.9974589620784927 0.4768443979745352 0.005082075843014522 0.03574201036759259
4 0.998108990112643 0.5451842948642573 0.0037820197747141294 0.04640610829407414
4 0.9933859622045436 0.5567957381253222 0.01322807559091288 0.051093608294074146
4 0.9956531205605245 0.610565287088563 0.00869375887895103 0.02894520622055552
4 0.9922403104309012 0.6427626324231464 0.013231973516896289 0.03376940725731483
4 0.9798277917414676 0.6207119751658314 0.016575494804219916 0.03716780933083328
4 0.9793853953280933 0.5810732767209703 0.016903276735204996 0.04185530933083328
2 0.9616244589379622 0.5158488179085168 0.029075494804219913 0.03826141762490742
4 0.8619461590738485 0.7004692427434707 0.014215319309852249 0.04783190725731483
4 0.5198946889111467 0.8390377079174991 0.020028276735205 0.042128711404351905
4 0.5319412208421318 0.8447504656931935 0.016575494804219916 0.03716780933083328
4 0.5521826650259332 0.8566154786526843 0.016684755447881727 0.03873030933083328
4 0.4974023298766392 0.8393992928844899 0.018826409654926123 0.024941211404351904
2 0.910263690752732 0.6363670779932853 0.01224862772394104 0.019706907257314655
4 0.16147735744502353 0.32160974278995347 0.03169775025210155 0.07576141762490733
2 0.2941859506400891 0.3650555293593513 0.028747712873234653 0.033573917624907336
2 0.4113734506400891 0.37530810711629553 0.018684298022528623 0.045117010367592594
2 0.5740805362935861 0.5479431076819434 0.022716234160558103 0.036152113477870354
2 0.7174370523851294 0.5993087009902764 0.01402964901126431 0.022968608294074145
4 0.9804187455605244 0.3404578386437018 0.02490144703379258 0.06740211347787035
4 0.9924136880672286 0.43659054486425736 0.01517262386554279 0.043964613477870174
4 0.9990594849168628 0.6131530448642574 0.0018810301662743 0.039140412441111036
4 0.5468181858090535 0.713275581762962 0.01835651609154354 0.04042951036759242
2 0.4590511159949983 0.5130322825168973 0.019700494804219915 0.0374412114043519
2 0.8347566842964442 0.30053759326185026 0.024934298022528622 0.04566381451462957
2 0.8475351897443257 0.33892615000078546 0.019372712873234832 0.032753711404351814
2 0.8626738706865753 0.36665060881323913 0.019809755447881727 0.03900371140435181
2 0.5584730537225118 0.2026012133841193 0.02170003737886681 0.04382791244111106
2 0.7070947681083558 0.6845920901043042 0.016029191585911207 0.02935530933083328
2 0.5676062971893494 0.621917849906249 0.019700494804219915 0.0374412114043519
2 0.5896341164992014 0.6704332623473601 0.012467149011264311 0.02283190725731483
2 0.6500592562041863 0.31310806936911917 0.02460651609154336 0.040976314514629665
4 0.46813617491329024 0.631850633035277 0.023950952229573018 0.031601314514629664
4 0.4986495755140384 0.3464496667299528 0.022683383171822412 0.05789041244111104