2 0.4233589891943076 0.27482860215247706 0.03223564732681172 0.045132717535011226
2 0.41459166297065303 0.1780991513666888 0.027275131541796328 0.04022689371369372
2 0.4666546919098481 0.1842913393321955 0.03196263154179633 0.04044521753501131
2 0.37941375519108467 0.058315344294594215 0.042247684158514785 0.05650686517764645
2 0.45408680247554417 0.14335812427838357 0.034435184158514785 0.05614299214211713
2 0.28149844190984813 0.19291513027423962 0.02249662628012441 0.03844606989237613
2 0.7890049179499762 0.45990765364300046 0.027457142065139807 0.043351893713693815
2 0.8577017100433508 0.4692419582338956 0.032144642065139804 0.043570217535011224
2 0.871181110142173 0.36442602564507237 0.024332142065139804 0.04320634449948209
2 0.6422433100151161 0.5090451286216098 0.025348610495108836 0.03390411910658777
2 0.5204978416557344 0.44969586145810203 0.03361613680346807 0.042080492142117266
2 0.2390547947242107 0.008041478288378267 0.028109589448421436 0.016082956576756534
2 0.138742523536349 0.14942845761021384 0.027093121018452494 0.037101893713693726
2 0.5668422206372818 0.4115023486378204 0.032599668373499216 0.051382717535011224
2 0.6653244942442179 0.488385872211469 0.019098610495108838 0.03361302067816432
2 0.6568371600574684 0.46371335794344526 0.02204159997176518 0.030633569892376044
2 0.8979248916416168 0.44700093114559036 0.02534861049510866 0.03390411910658777
2 0.7654393443571574 0.3646508116247177 0.030218121018452494 0.03724744292790536
2 0.7551697022920175 0.322827184660247 0.023877115756780753 0.035393844499482
4 0.8964526678793892 0.5293232795740138 0.02809417889684269 0.05428939371369381
2 0.8604542546969745 0.5568511201445544 0.024241136803468066 0.04164384449948209
4 0.4985032023626047 0.260361533707843 0.03994173151356151 0.07042381596343468
2 0.5619356417827912 0.3138097113342675 0.03398015785015538 0.048330492142117085
4 0.4101441705808121 0.4783367458661708 0.02138915258848364 0.04618579528527036
4 0.38858768899666357 0.48482434036565286 0.022678636803468065 0.04157106989237604
4 0.4004961547957965 0.474085893508806 0.026349668373499214 0.05109161910658777
4 0.45056404423010055 0.5132725179920772 0.024787168373499213 0.05101884449948209
4 0.4640195994776549 0.5290965711352305 0.024696163111827298 0.04945634449948209
4 0.42987981790762386 0.5212862251880063 0.022223610495108837 0.03375856989237604
4 0.48620541261771705 0.5468641139393015 0.028185184158514787 0.05585189371369381
4 0.4084157996329467 0.36796217204485326 0.028094178896842868 0.05428939371369372
4 0.36525660480991395 0.46084318486513476 0.03278167889684287 0.05450771753501123
4 0.30212029700211074 0.37212959532805157 0.024787168373499213 0.05101884449948209
4 0.33022218117474295 0.4107725643108049 0.027548147326811722 0.044914393713693636
4 0.31309559435715745 0.38571906038186343 0.02286064732681181 0.04469606989237622
4 0.9965711631118273 0.0826215998806747 0.006857673776345408 0.06464469685684686
4 0.9999614736210536 0.1114186879700159 0.00007705275789291477 0.050363873035529305
4 0.9958486392225424 0.5055518316837097 0.008302721554915137 0.04625856989237622
4 0.9890676536921401 0.5171079158441094 0.021864692615719862 0.05101884449948209
4 0.9992007878647723 0.5914529443801567 0.0015984242704554675 0.04149829528527036
4 0.9826400678370367 0.5699610880938504 0.01735409997176518 0.03041524607105863
4 0.9711334204396376 0.6010484222542501 0.019098610495108657 0.03361302067816432
4 0.963563844145396 0.5786832706826737 0.02249662628012459 0.03844606989237605
4 0.9707092152344355 0.5399653730400384 0.024332142065139804 0.04320634449948209
2 0.966060241613382 0.4735955103435915 0.035087631541796324 0.04059076674922295
4 0.8275423151356136 0.6508215980186479 0.021480157850155734 0.04774829528527036
4 0.453633649251776 0.7677245775453713 0.027457142065139807 0.043351893713693815
4 0.46493517029846343 0.7734651552956302 0.02249662628012441 0.03844606989237605
4 0.4828962150226742 0.7859458846174657 0.02415013154179633 0.040081344499482086
4 0.43079538872843237 0.7656548093484062 0.021859589448421347 0.027508569892376045
2 0.8890188704537552 0.5899889518237548 0.015245568401734032 0.02096747146395277
4 0.19700932082080846 0.23523537096861472 0.045084257821920604 0.07845463978475228
2 0.322160510240995 0.2858089516143578 0.034905621018452494 0.03746576674922295
2 0.4383693391660728 0.30389751799207726 0.02607665258848364 0.04640411910658786
2 0.567857960043351 0.48274164785203216 0.028746626280124234 0.0387371683207995
2 0.7021489310335686 0.542289968158693 0.01699007892507769 0.024165246071058633
4 0.9904516312947411 0.5725402785405566 0.01909673741051776 0.04022689371369381
4 0.9918317562594474 0.6468318031476624 0.016336487481105166 0.04022689371369381
4 0.9869327256871921 0.6167633134867445 0.022405621018452494 0.03688356989237622
4 0.5067824941030437 0.6446102551717956 0.025803636803468068 0.04171661910658777
2 0.4581875574548674 0.4424142084387833 0.02562162628012423 0.038591619106587774
2 0.8819982418251435 0.25425050496690793 0.03241765785015573 0.04825771753501131
2 0.8873983733669398 0.2931674557526962 0.023877115756780753 0.035393844499482
2 0.8960677180770331 0.3209649700207199 0.025712631541796326 0.04015411910658786
2 0.6224195735222315 0.1417848540145039 0.0291106473268119 0.04498716832079959
2 0.6748954572713407 0.6258130976043631 0.02204159997176518 0.030633569892376044
2 0.546262952080256 0.5558174288692788 0.02562162628012441 0.038591619106587774
2 0.5585046178229193 0.6045995312266437 0.01699007892507769 0.024165246071058633
2 0.6925262181476203 0.2560249824267167 0.030582142065139806 0.04349744292790545
4 0.4430924494494201 0.5598393029382654 0.02847361049510866 0.034049668320799496
4 0.5325897760260105 0.28070826695862 0.031492194681858446 0.05912244292790536