2 0.32626578647222276 0.6013793655524766 0.033867160144236144 0.04779888257342364
2 0.27346940121361174 0.6867733365081825 0.029070557370694416 0.04275618506293437
2 0.32236149610336867 0.7026342122331288 0.035320557370694415 0.04322978174358667
2 0.18800598631972287 0.7809036900373119 0.045059233282500034 0.0595651767645645
2 0.29258373033579926 0.7346304960513078 0.038772865691319505 0.057529080083912554
2 0.16303908785899357 0.6160958288345127 0.025872822188333356 0.03939438672260831
2 0.7328976461796186 0.5870018313100905 0.030705792553055566 0.04599958423309758
2 0.797578395229688 0.6087099653334065 0.035393292553055566 0.046354781743586496
2 0.7615701196784729 0.7092669950024006 0.02754442496187508 0.04420028589277134
2 0.626336562023438 0.4808128761259315 0.027362587005972116 0.036387785892771515
2 0.4917797240675352 0.4831827047599516 0.03535692496187508 0.04479228174358667
2 0.03459004559027843 0.7800068087132883 0.03223192496187503 0.04455548340326043
2 0.023231052239792167 0.5946021049790218 0.019622822188333368 0.038920790041956366
2 0.5149639573500352 0.5377751163776694 0.03557513050895835 0.05416728174358667
2 0.6371656124602783 0.508949531519872 0.02107621941479181 0.034351689212119396
2 0.6188338397588546 0.5283390715618281 0.024164851823611146 0.03302598755244546
2 0.8226881512136117 0.6451560281958797 0.027362587005972116 0.036387785892771515
2 0.6681824891695145 0.664690046042019 0.03212282218833344 0.03986798340326061
2 0.6400035909931256 0.698130430690035 0.027362587005972116 0.036387785892771515
2 0.8403276332618408 0.5287730889837603 0.027508057370694415 0.04263778589277152
4 0.3860232993900006 0.6469393966713632 0.04535017401194441 0.07206517676456467
2 0.466128373478195 0.6252168394079676 0.0386273953265972 0.051279080083912555
4 0.40711247691732677 0.40977036077859186 0.02449216014423623 0.047088487552445414
4 0.3911238010055212 0.39532935248022216 0.025945557370694417 0.04251938672260831
4 0.39695622691732674 0.41053995538465154 0.030851262917777865 0.052249584233097404
4 0.4592016537790629 0.3948664885781306 0.02928876291777769 0.05213118506293437
4 0.47856924961875036 0.3863552489510928 0.029216027735416716 0.049006185062934374
4 0.443976044071667 0.37958503069467936 0.024237587005972294 0.03615098755244537
4 0.5058038968452087 0.37959576347323987 0.032522865691319326 0.05705548340326043
4 0.3554610175705213 0.5107301321492163 0.03248649810013893 0.055492983403260435
4 0.3593107565526045 0.4071315354685641 0.037210365691319504 0.05741068091374966
4 0.26352678428802123 0.46134728401867164 0.029288762917777867 0.05213118506293455
4 0.306022755602674 0.43777880683918846 0.03074216014423614 0.0475620842330974
4 0.27978756392329907 0.4538540927319598 0.027580792553055566 0.04576278589277152
4 0.9234525238387853 0.7040439308905275 0.02583645459715278 0.03783188672260849
4 0.9422194012136117 0.6360984916784084 0.027617160144236052 0.04732528589277152
4 0.9371682253018061 0.6208286891888973 0.02928876291777769 0.05213118506293437
4 0.9874033082237158 0.5598902665735176 0.024383057370694416 0.04240098755244546
4 0.9547362785884381 0.568626649146941 0.01944098423243048 0.031108290041956366
4 0.9586600591736463 0.535458951636452 0.02107621941479181 0.034351689212119396
4 0.9410549850854519 0.5524455420933269 0.025872822188333443 0.03939438672260849
4 0.9302272410693755 0.5916147858695495 0.02754442496187508 0.04420028589277134
2 0.895562606760695 0.649025466783299 0.03691942496187508 0.04491068091374952
4 0.854460908813056 0.4298736476970486 0.026091027735416716 0.048769386722608485
4 0.5782925734226043 0.1651412545501702 0.030705792553055566 0.04599958423309749
4 0.5907925734226044 0.164194061188866 0.025872822188333443 0.0393943867226084
4 0.6126130220358335 0.16019272280658367 0.02590918977951393 0.0409568867226084
4 0.5577436840799307 0.15652419376228952 0.024092116641249994 0.029900987552445368
2 0.8813883911456255 0.5107917609744401 0.01609777868534721 0.021496491701630305
4 0.10809570829996573 0.5419964006200555 0.05021951196784728 0.08023287427505359
2 0.24129006800736158 0.5483387211561985 0.03684668977951393 0.041785680913749526
2 0.3524100591736463 0.5813978296597053 0.03074216014423623 0.0475620842330974
2 0.5486655037028129 0.47261113504900126 0.030560322188333443 0.0397495842330974
2 0.6943053120234379 0.47566251222384004 0.019331881458888846 0.026420790041956365
4 0.8653153283596883 0.8289739985268856 0.04222517401194459 0.0718283784242387
4 0.9063020446403479 0.7405617713474024 0.033867160144236054 0.04779888257342364
4 0.9616960998268407 0.6322747520513705 0.030851262917777688 0.05224958423309758
4 0.9657465137707991 0.5709228549557999 0.030633057370694418 0.042874584233097576
4 0.9940097988213197 0.5048592244569688 0.01198040235736073 0.042519386722608486
4 0.9796265226045143 0.5283918128392513 0.02583645459715278 0.03783188672260849
4 0.5688838186729517 0.29890094791147437 0.029070557370694416 0.04275618506293437
2 0.4334035264042365 0.46334472405598354 0.02903418977951393 0.04119368506293455
2 0.720965263105209 0.8140854721818837 0.03706489532659738 0.05116068091374961
2 0.7428941612815979 0.7811186842145199 0.027362587005972293 0.036387785892771515
2 0.7643145663918409 0.7599298458322375 0.029070557370694416 0.04275618506293437
2 0.4398418964639591 0.8072131232261466 0.03230466014423605 0.04768048340326061
2 0.707911910712917 0.3877597705222098 0.024164851823611146 0.03302598755244537
2 0.5633442931217365 0.3971491937622895 0.02903418977951393 0.041193685062934374
2 0.5968646547289934 0.357825662018703 0.01773301386770836 0.024739890871793246
2 0.5547207076343756 0.7327673850490013 0.033830792553055565 0.04623638257342346
4 0.47458961122600724 0.34987329729141886 0.030487587005972296 0.036624584233097404
4 0.42506761559441025 0.6431981674172877 0.035720600873680654 0.060417281743586494