2 0.3972870932719402 0.7281263689092724 0.03754355866619026 0.04591251785690744
2 0.4054113136867434 0.8244792175293008 0.032528276735205044 0.0411431972400564
2 0.45594119141068423 0.8065883340062363 0.03888753737886681 0.04281479139585791
2 0.3928188425156355 0.9486297836819247 0.049245883171822415 0.05704093262955965
2 0.4505927737099865 0.8495161736978109 0.0444491225281606 0.05539661201270896
2 0.27145157692829525 0.8385672167185216 0.029184755447881638 0.03796365016215546
2 0.7244551526944351 0.46788789285196464 0.03430929802252862 0.04429547077900686
2 0.7910470729930228 0.44401974471840366 0.03743429802252862 0.04435001785690744
2 0.8232261524423337 0.5431390831921622 0.03107503737886681 0.042678423701106104
2 0.571422987843729 0.4527014492653561 0.030528734160558103 0.034865923701106104
2 0.4615074024423336 0.5368252589251584 0.03888753737886681 0.04281479139585791
2 0.1388086857107011 0.912125673294069 0.03387225544788164 0.038045470779006864
2 0.5136108518219149 0.5635474460189451 0.03954310124083733 0.05218979139585791
2 0.5970021420507734 0.4672275994275118 0.024169473516896467 0.03319432954530477
2 0.5936368414303548 0.4929815758885615 0.02562271287323483 0.031659103084255236
2 0.8339229878437291 0.4572834038090132 0.030528734160558457 0.034865923701106284
2 0.7183529821437459 0.5663390296214397 0.03543475544788173 0.03807274431795697
2 0.715402944764879 0.6085265296214397 0.029075494804219913 0.03640115016215582
4 0.8176202806704775 0.37721407426370845 0.03652736188449888 0.05369774431795715
2 0.7775251583944183 0.3577413254815244 0.030965776735204998 0.0411159237011061
4 0.4741227448810945 0.7255565223178391 0.05168246832111638 0.06956820616851012
2 0.5264225722367183 0.6599821152558245 0.04244957995351371 0.04911933847375849
4 0.3467729130859953 0.5332581538123085 0.029731058666190347 0.04577615016215582
4 0.32495254340782614 0.5320950742670038 0.029403276735205087 0.041088650162155814
4 0.3384687401895175 0.5401530361175567 0.03474634059717552 0.05054547077900686
4 0.38108221110852386 0.4900536245913153 0.03474634059717552 0.05054547077900686
4 0.39098708883246464 0.4714536290555421 0.03296531930985207 0.047393197240056396
4 0.3585898520740165 0.4873144082765354 0.0274037341605581 0.034811376623205346
4 0.40970423784372895 0.44987863798399585 0.03819912252816078 0.05528751785690744
4 0.3657964286733356 0.6415343039744642 0.03652736188449897 0.05369774431795715
4 0.30579835182191495 0.55992006533855 0.04132412252816078 0.05534206493480802
4 0.26046979030573303 0.6600331136342665 0.03474634059717552 0.05054547077900686
4 0.2799353383282616 0.6165694857932452 0.03441855866619026 0.045857970779006864
4 0.26781239674235036 0.644517207790068 0.031184298022528624 0.044240923701106105
4 0.9524762458895006 0.4397976692302887 0.029184755447881728 0.03796365016215582
4 0.9271591716359702 0.3767794719902322 0.03129355866619008 0.04580342370110611
4 0.9136429748542788 0.36872151013967913 0.03318384059717552 0.05051819724005648
4 0.9174342463937037 0.29213173660072883 0.02773151609154354 0.039498876623205434
4 0.8960455654514543 0.3183533173638496 0.022388452229572663 0.03004205600635439
4 0.8784263767155347 0.29066864812697035 0.02416947351689629 0.03319432954530477
4 0.8751703367387776 0.31486012458802 0.02918475544788137 0.03796365016215582
4 0.8890635919345579 0.3510839967469986 0.03107503737886681 0.042678423701106104
2 0.8962480252225958 0.4161322982891261 0.04045003737886681 0.0428420649348082
4 0.7286284725084903 0.2739742516182625 0.03140281930985207 0.04736592370110611
4 0.3381345124852471 0.24290984334172716 0.03430929802252862 0.04429547077900686
4 0.34811044602538666 0.23447973457542926 0.029184755447881638 0.03796365016215582
4 0.3633748131056658 0.21753769642598225 0.029294016091543362 0.03952615016215581
4 0.3166037199106002 0.24879165056589758 0.026966691585911206 0.028561376623205438
2 0.7997879244859616 0.31901974471840366 0.01871714901126431 0.02217500892845372
4 0.18073909561772866 0.8158643279204517 0.056916271539425 0.07746252678536117
2 0.2947958778008154 0.7396348388775003 0.038669016091543364 0.03968979139585791
2 0.4065035561451749 0.6969990998345489 0.03441855866619039 0.045857970779006864
2 0.5020667004648621 0.49372982385996667 0.03398151609154336 0.039607970779006865
2 0.623919557153581 0.4066855657422918 0.02049817029858776 0.025327282467404143
4 0.9561039904416191 0.47740676338609 0.02660605866619008 0.04572160308425506
4 0.9406971477507566 0.36215391030183497 0.03474634059717552 0.05054547077900686
4 0.9065295973824394 0.31384309536702676 0.034090776735205 0.041170470779006776
4 0.8959852173127102 0.24091410997752338 0.032528276735204996 0.04114319724005648
4 0.8914016241176446 0.2729044496690979 0.029075494804219913 0.03640115016215582
4 0.4127360387162492 0.35059170413662005 0.032528276735205044 0.0411431972400564
2 0.4013840034310693 0.5576775012145208 0.030856516091543364 0.03955342370110611
2 0.8526790696388282 0.6476862613574952 0.040887079953513705 0.0490920649348082
2 0.8507230857303716 0.608541940740644 0.029075494804219913 0.03640115016215582
2 0.8550881576381137 0.5796766010490696 0.032528276735204996 0.0411431972400564
2 0.617332159479699 0.8140986452875965 0.03598105866619043 0.04588524431795724
2 0.5813985574056826 0.3324162228043064 0.025622712873234654 0.031659103084255055
2 0.46831976717682416 0.4282178721556833 0.030856516091543364 0.03955342370110611
2 0.4710894880958305 0.3774229853862081 0.020388909654926124 0.0237647824674041
2 0.6660806519381305 0.6874503705308302 0.03743429802252862 0.04435001785690744
4 0.3653368788092216 0.4467575921239112 0.03376299480421992 0.03648297077900686
4 0.5041598061451749 0.6987036960189451 0.041542643815484226 0.05846706493480802