2 0.31829054057927675 0.6551265319359835 0.0301965773392725 0.04478671034428618
2 0.27118772656750456 0.7402356527172232 0.025454533338636055 0.0399355192372937
2 0.3217962538988228 0.756852723042976 0.03170453333863614 0.04015377404661713
2 0.1927258245544597 0.8336284994518458 0.04126134667409054 0.05610615626060209
2 0.2940797865611412 0.787929108252186 0.03344884667409058 0.0558333377489479
2 0.1563445239099587 0.6690104387447399 0.02231135200509069 0.03826389183263199
2 0.010797855943684409 0.8505456370233085 0.021595711887368817 0.04171627404661713
2 0.7240592825827766 0.6435045626908404 0.025490896005727137 0.043060519237293704
2 0.7910195159134585 0.6653820518910674 0.03174089600572696 0.04327877404661713
2 0.7617127292330046 0.765962405249112 0.02392839600572714 0.043005955534962934
2 0.6104064099300033 0.5371503805695227 0.023819308004454243 0.03363095553496294
2 0.4759677752625942 0.537926652169069 0.031722714672181594 0.04171627404661713
2 0.0387741212205961 0.8321602247722566 0.028615896005727014 0.04316964664195524
2 0.011180211290592875 0.6482291688744739 0.02236042258118575 0.03686508293962447
2 0.5026842692552763 0.592787766959859 0.031849984006999676 0.05265377404661713
2 0.6233694865929579 0.5649579220393349 0.01756930800445424 0.03341270072563951
2 0.6059547199236398 0.5838889713136954 0.020676126670909057 0.03195932813030104
2 0.8187263452419133 0.7023016985330227 0.023819308004454243 0.03363095553496276
2 0.6653286252387316 0.7203919557045989 0.030105670671545327 0.036974210344286364
2 0.6391473859007318 0.7538666546161398 0.023837489337999784 0.035193455534962934
4 0.85008598058564 0.6268031907284743 0.027180665340544863 0.05405258293962447
2 0.8278933545910488 0.5861682670446771 0.023910214672181594 0.04144345553496294
4 0.3810627132400043 0.7010863618803832 0.03986247867599957 0.07011409255827132
2 0.4594695239099587 0.6795957969969258 0.033357940006363405 0.0480208377489479
4 0.38615184460536645 0.46523070743387934 0.020839758672817864 0.04602182813030105
4 0.3691279766072754 0.45056800670824 0.022347714672181596 0.04138889183263199
4 0.37521434460536646 0.46484876151756344 0.025581802673454224 0.050873019237293704
4 0.43712399860759366 0.4505977777596321 0.024019302673454136 0.050818455534962934
4 0.45520183660886626 0.44185026033643704 0.02400112133990877 0.04925595553496294
4 0.4208995619430481 0.4343998588851582 0.022274989337999783 0.035138891832631816
4 0.4826364932765935 0.43499262512722703 0.02719884667409058 0.05561508293962447
4 0.34122005792491256 0.5652654237686153 0.02718066534054513 0.05405258293962447
4 0.3385137759389119 0.4620040145127883 0.031886346674090585 0.05577877404661713
4 0.24645299793127587 0.5150620379264332 0.024019302673454312 0.050818455534962934
4 0.28657855860123027 0.4922346623358701 0.027071577339272502 0.04467758293962447
4 0.26138765459900315 0.5077678930985764 0.0223840773392725 0.04451389183263199
4 0.9235587485678227 0.7606722484403555 0.022293170671545327 0.03670139183263199
4 0.937621795910277 0.6939485399101677 0.022402258672817865 0.04607639183263181
4 0.9315536092457313 0.6781052851008443 0.024019302673454136 0.050818455534962934
4 0.9775842719207765 0.6179688824684393 0.020785214672181595 0.041334328130301044
4 0.9446626839195037 0.6261980447194911 0.015970445337363515 0.030233137023308564
4 0.9466069919239579 0.5934401084218222 0.0175693080044546 0.03341270072563951
4 0.930781997254958 0.6100819713985135 0.02231135200509087 0.03826389183263199
4 0.921733713916322 0.6488443710356938 0.02392839600572714 0.04300595553496276
2 0.891364413908368 0.7064014106914076 0.03328521467218124 0.041770837748947895
4 0.8352978692711848 0.48716777185400045 0.020857940006363408 0.04758432813030104
4 0.5406142673058649 0.2213046365599724 0.02549089600572696 0.043060519237293704
4 0.5531233579726377 0.22095989617861928 0.02231135200509069 0.03826389183263199
4 0.5742807426400466 0.21622775616008577 0.022329533338636055 0.039826391832631994
4 0.5188301739735921 0.21272824472734042 0.022184082670272432 0.02732639183263199
2 0.8679643712603671 0.5680283914541139 0.014298857336090976 0.02080357332097762
4 0.09625245591982187 0.5942262043538366 0.04307838534372679 0.07803571996293321
2 0.229809843252731 0.6020164009031246 0.03324885200509069 0.0386458377489479
2 0.34274564791536755 0.6356597693221117 0.025527258672817865 0.04618551923729371
2 0.5323541352641851 0.5281721954529799 0.02699885200509051 0.03842758293962447
2 0.6784660665977305 0.5317114016209148 0.017460220003181703 0.02403770072563951
4 0.8736485605506417 0.8855432736680988 0.03517497867599957 0.06995040145127902
4 0.909059896562732 0.7976811751193777 0.030214758672817865 0.046349210344286185
4 0.9564263399109132 0.689915804338138 0.025581802673454133 0.050873019237293704
4 0.9563541619191855 0.6289510224869727 0.027035214672181597 0.04155258293962447
4 0.9844887999284124 0.5619371372777626 0.019204533338636053 0.03971726442797028
4 0.9670103985916854 0.5863369365521232 0.02229317067154497 0.03670139183263199
4 0.5398410132877294 0.3549256684111378 0.025472714672181596 0.0414980192372937
2 0.4160115199315941 0.518638449629331 0.02543635200509069 0.03837301923729371
2 0.7276729892186872 0.8702853175001639 0.031795440006363404 0.04796627404661713
2 0.7483763878899141 0.8374008956304649 0.023837489337999784 0.035193455534962934
2 0.7673809265595504 0.8161806600584354 0.025454533338636055 0.0399355192372937
2 0.4464048078851416 0.8620263510806098 0.028652258672817864 0.04629464664195524
2 0.6857342212762754 0.44442965643023824 0.02067612667090888 0.03195932813030104
2 0.5410393392743663 0.4534450139646341 0.02543635200509069 0.03837301923729371
2 0.5719808039465479 0.4138840061600858 0.015897720003181702 0.023983137023308565
2 0.5559076245624139 0.7876935283926043 0.03017839600572696 0.04322421034428636
4 0.44859784794718427 0.4048859736759482 0.028524989337999785 0.03535714664195542
4 0.4201797572406406 0.6977629544386545 0.03036020934118149 0.05884921034428636