2 0.46141938275092975 0.7123529916121847 0.03485018899896399 0.04394089754067192
2 0.47296265839149293 0.8091870849963264 0.03001713978475227 0.040788626463433175
2 0.5230889369275402 0.7948291483262389 0.034704639784752266 0.04081589754067192
2 0.4638681023528557 0.932710943407583 0.04480738585581072 0.05649543969514994
2 0.5188038513193984 0.8370530097625574 0.03848461124870504 0.05489657825883114
2 0.3395872322128105 0.8146518106976337 0.02674659057054054 0.03764544574527377
2 0.7808263924708394 0.4729303806668456 0.03008991439185813 0.04235112646343318
2 0.8471405971855692 0.4537894952264221 0.03485018899896417 0.0439408975406721
2 0.8823033093438969 0.5543934832243694 0.02696491439185813 0.04233294574527378
2 0.6272818614535928 0.44803544067710827 0.02652826674922295 0.032957945745273776
2 0.5206551798982268 0.5244575609922213 0.03633991439185813 0.04238748789975162
2 0.2090136284077036 0.880272786398941 0.0297988159634347 0.03610112646343318
2 0.5736731720403441 0.555407579142594 0.03521406203449331 0.05175339754067192
2 0.6546084948282044 0.4642871545727548 0.021913541356328992 0.03449317466803503
2 0.651903025845451 0.4900911304704538 0.023330492142117264 0.03137726502711473
2 0.8908370932566279 0.46916451035173257 0.02652826674922295 0.032957945745273776
2 0.7783435554149556 0.5706275372827039 0.03299659057054054 0.03768180718159222
2 0.7764022198068137 0.612837763180403 0.026601041356328813 0.03452044574527378
4 0.8722090636871233 0.3880008687629889 0.032161836641598995 0.0532977168225127
2 0.8313464691876412 0.36635767291951915 0.02689213978475209 0.040770445745273866
4 0.5381274319651415 0.7150325640172834 0.045389582712657625 0.06899543969514958
2 0.5891226976809072 0.6522189466290367 0.038193512820281585 0.04864657825883114
4 0.40608325764848585 0.5141836572050335 0.025547963606069857 0.045448855386194253
4 0.38406270843427415 0.5111859222321481 0.025329639784752268 0.040761355386194256
4 0.39774421877335636 0.5197024041799714 0.030453787427387448 0.05016362646343318
4 0.43856611786373356 0.47335866930528187 0.028891287427387446 0.05015453610435348
4 0.44866670988201623 0.4553262867917246 0.028818512820281583 0.048592036104353475
4 0.416472794042416 0.4687984343323965 0.025038541356328815 0.03451135538619425
4 0.46643425268608707 0.4341234524827692 0.03223461124870504 0.0548602168225127
4 0.42758373014589585 0.6234632084346975 0.032161836641598995 0.0532977168225127
4 0.36580501405862664 0.5386433017206433 0.036922111248705036 0.05488748789975162
4 0.3226244023956369 0.6350143076725716 0.028891287427387446 0.05015453610435348
4 0.3417896253073317 0.5934853378249969 0.03179796360606986 0.0454852168225127
4 0.33052679362813125 0.6201205606976338 0.027037688998963992 0.04389544574527378
4 0.9979067688161376 0.4590986430616816 0.004186462367724885 0.03608294574527395
4 0.9819479367226525 0.3951770436274157 0.027110463606069855 0.04545794574527386
4 0.9674124017764644 0.3851026068591322 0.028891287427387623 0.05015453610435348
4 0.9693151960282773 0.3085082906023536 0.02532963978475209 0.040761355386194256
4 0.948640977045524 0.3344168056294682 0.01857021753501158 0.029787493949875808
4 0.9301071468140656 0.305610549579344 0.021913541356328635 0.03449317466803503
4 0.9272925159206535 0.32907077547704305 0.02674659057054072 0.03764544574527395
4 0.943101606491194 0.3664889622453265 0.02696491439185813 0.04233294574527387
2 0.9515905026860871 0.43130089598854776 0.03782963978475209 0.04083407825883114
4 0.7796148411897131 0.2791349288714475 0.02562073821317572 0.047011355386194255
4 0.38938579342324353 0.2227955879231927 0.03008991439185813 0.04235112646343318
4 0.3983969203877142 0.21492854576871498 0.02674659057054054 0.03764544574527386
4 0.41329417431665566 0.19921264217791884 0.026819365177646402 0.039207945745273864
4 0.366947867244561 0.22761489812984714 0.02474744292790536 0.028261355386194252
2 0.8522561286171004 0.32872586271286475 0.016571069892376045 0.02040340359079611
4 0.24839715198135215 0.7862682563447118 0.050440955748186946 0.0768352107723885
2 0.3600388192686944 0.7168501149523598 0.03612159057054054 0.03769998789975162
2 0.4701565279123655 0.6818251542781673 0.030235463606069858 0.04547612646343317
2 0.5602420647205804 0.4851541664766115 0.03143409057054072 0.0376727168225127
2 0.6792231970617346 0.40553432328886146 0.018351893713693813 0.02509999394987581
4 0.9896554671207266 0.3802560255752389 0.020689065758546833 0.050163626463433086
4 0.9593601532242065 0.3296656731159109 0.030017139784752088 0.040788626463433175
4 0.9465647466902312 0.2562827152703886 0.030017139784752445 0.040788626463433085
4 0.9425514888323482 0.28756453152716727 0.025111315963434678 0.03607385538619425
4 0.4665005651348652 0.3348774314055303 0.028454639784752267 0.040779536104353475
2 0.4612994505763913 0.5419950398167867 0.028381865177646404 0.039217036104353474
2 0.9153769826270952 0.6604798567609363 0.03655823821317554 0.04707498789975162
2 0.9119951174494488 0.6214264471200159 0.026601041356328636 0.03452044574527395
2 0.9153726745215434 0.5932741760427771 0.02845463978475209 0.040779536104353475
2 0.6841184822128106 0.8126473865205781 0.033360463606069854 0.04549430718159249
2 0.6349594667064418 0.3276456726249316 0.023330492142117087 0.031377265027114645
2 0.5242274820079227 0.4165950640172835 0.028381865177646404 0.039217036104353474
2 0.5257685572769824 0.36579108811958444 0.01827911910658777 0.02353749394987581
2 0.7299317882514478 0.6889099046709507 0.03321491439185813 0.04236930718159222
4 0.4216119042576637 0.4281325277165383 0.03128854135632882 0.034547716822512696
4 0.5682130382514478 0.6898507568356911 0.03550516046291676 0.05800339754067192