2 0.3609914435585068 0.70625 0.032491127390180986 0.04375
2 0.3516584114802489 0.803125 0.027503238741233105 0.0390625
2 0.4037716240033202 0.79453125 0.032190738741233106 0.0390625
2 0.31577337138242656 0.92421875 0.04256703423772627 0.0546875
2 0.39096194093761316 0.8359375 0.03475453423772619 0.0546875
2 0.21861537400332018 0.79453125 0.022715609191583754 0.0375
2 0.7278144054632693 0.5046875 0.02770349784053181 0.0421875
2 0.7965841918604638 0.4921875 0.032390997840531635 0.0421875
2 0.8094568268087841 0.59609375 0.024578497840531722 0.0421875
2 0.581299153303801 0.4625 0.025540220542635696 0.0328125
2 0.45917502699335416 0.52734375 0.03385336829088246 0.040625
2 0.17504943939645373 0.98671875 0.02826470234403846 0.0265625
2 0.07556747841454192 0.84453125 0.0273029796419344 0.0359375
2 0.5053095473514198 0.56328125 0.03289164558877822 0.05
2 0.6042662839331845 0.48203125 0.019290220542635694 0.0328125
2 0.5956329611387953 0.50703125 0.022214961443337167 0.0296875
2 0.8366887577150226 0.5125 0.025540220542635696 0.0328125
2 0.703687688159836 0.60078125 0.0304279796419344 0.0359375
2 0.6931716903193044 0.64296875 0.024077850092285046 0.034375
4 0.8356955590716121 0.43046875 0.028404404688076923 0.053125
2 0.7998476966408259 0.4046875 0.024478368290882457 0.040625
4 0.43607178671096164 0.7171875 0.04034320018457009 0.06875
2 0.49983270049833717 0.6609375 0.03425388648947969 0.046875
4 0.3489582202380939 0.50390625 0.021653756939830338 0.0453125
4 0.32743367366186654 0.4984375 0.02291586829088237 0.040625
4 0.33928283158914596 0.50859375 0.02664164558877822 0.05
4 0.389592514654853 0.4671875 0.025079145588778218 0.05
4 0.4031438749261708 0.45078125 0.024979016039128908 0.0484375
4 0.3689493476282749 0.46015625 0.022415220542635693 0.0328125
4 0.4254391795219627 0.43203125 0.028504534237726274 0.0546875
4 0.3465865869878168 0.6140625 0.028404404688076923 0.053125
4 0.30395660086747744 0.5234375 0.03309190468807692 0.053125
4 0.24028652221299213 0.61484375 0.025079145588778308 0.05
4 0.2686210757290498 0.575 0.027803627390180986 0.04375
4 0.251343938159836 0.60078125 0.023116127390180985 0.04375
4 0.9380279056201527 0.86953125 0.016605311535622037 0.0640625
4 0.9422240522886653 0.840625 0.011016645588778573 0.05
4 0.9551884338408995 0.51640625 0.0241779796419344 0.0359375
4 0.9423065044758202 0.44921875 0.02321625693983016 0.0453125
4 0.9297261613233655 0.43828125 0.025079145588778218 0.05
4 0.948594879706533 0.36328125 0.021353368290882458 0.040625
4 0.9221430012366177 0.3859375 0.01752746144333699 0.0296875
4 0.9108142774547794 0.35546875 0.019290220542635694 0.0328125
4 0.9031123989848643 0.378125 0.022715609191583754 0.0375
4 0.9100342250184561 0.41640625 0.02457849784053181 0.0421875
2 0.9049974691583598 0.4828125 0.0353157387412331 0.0390625
4 0.7674740900701358 0.3125 0.02175388648947969 0.046875
4 0.3941448164728677 0.21328125 0.02770349784053172 0.0421875
4 0.40548283467146495 0.20703125 0.022715609191583754 0.0375
4 0.4235214358434842 0.19375 0.024378238741233106 0.0390625
4 0.371288307373569 0.21640625 0.02201470234403846 0.0265625
2 0.8286130467331109 0.3703125 0.015364184145441228 0.0203125
4 0.13434979796972857 0.75625 0.04553134793281677 0.0765625
2 0.25982946175710414 0.7 0.0351154796419344 0.0359375
2 0.37617515500184395 0.6765625 0.02634125693983034 0.0453125
2 0.5067404418604639 0.4921875 0.028965609191583752 0.0375
2 0.6414146329457353 0.4265625 0.017126943244739935 0.0234375
4 0.9505336073458824 0.65 0.020030700184570094 0.06875
4 0.9534664450996664 0.55546875 0.02477875693983016 0.0453125
4 0.9579512908730148 0.43671875 0.026641645588778573 0.05
4 0.9340620103359164 0.3828125 0.027503238741233105 0.0390625
4 0.9372556639442591 0.30859375 0.027503238741233105 0.0390625
4 0.9267093877260972 0.3390625 0.0226154796419344 0.0359375
4 0.44659109114986995 0.33359375 0.02604086829088246 0.040625
2 0.3968054349206335 0.5375 0.025840609191583753 0.0375
2 0.8196352583333315 0.70546875 0.032691386489479515 0.046875
2 0.8252634970745646 0.66640625 0.024077850092285046 0.034375
2 0.8340970789682522 0.63828125 0.025940738741233104 0.0390625
2 0.5593312091362105 0.8296875 0.029366127390180984 0.04375
2 0.6146401843023247 0.34453125 0.02221496144333699 0.0296875
2 0.4855651511443327 0.4203125 0.025840609191583753 0.0375
2 0.4980942319582862 0.37109375 0.017126943244739935 0.0234375
2 0.6301221753599096 0.7125 0.03082849784053181 0.0421875
4 0.382390086369508 0.42109375 0.028665220542635695 0.0328125
4 0.4702861004060521 0.6953125 0.03182979333702498 0.0578125