2 0.29425284429459425 0.3913364874483855 0.034922963606069855 0.04703213025772479
2 0.24334962386409878 0.30722043701884416 0.03001713978475227 0.042098968792335524
2 0.292696806452922 0.2902276888278665 0.03626713978475227 0.042426517412854546
2 0.15992500186202682 0.2151347563315781 0.04636988585581085 0.05854284034363302
2 0.2636107739879333 0.25894338930283634 0.04004711124870504 0.05665279172311406
2 0.131080756205253 0.3804355297373264 0.026746590570540584 0.03881019448207601
2 0.7012669776692058 0.396220897782121 0.031725188998963996 0.04530585594746528
2 0.7665666459900053 0.3730157711424408 0.036412688998963993 0.04555151741285455
2 0.7328338089341214 0.2733532858417619 0.02852741439185813 0.04357958163720586
2 0.5920481813504781 0.5048379019659924 0.028163541356328814 0.035767081637205676
2 0.4573093083149488 0.5056081066248338 0.03633991439185813 0.04398901741285446
2 0.011412631100554519 0.2196098151288624 0.022825262201109038 0.043825243102595036
2 0.0004237233259795399 0.40361632293077854 0.0008474466519590798 0.03848264586155703
2 0.4818041941707597 0.4505045267966503 0.03677656203449331 0.05336401741285464
2 0.6035507615819364 0.4764639184743359 0.021840766749222952 0.03387703301668665
2 0.5856376695636538 0.45751252261277886 0.024892992142117088 0.03247830732694616
2 0.7925683738640987 0.336003772046952 0.02816354135632899 0.035767081637205766
2 0.6382447468996281 0.3200844436891065 0.03299659057054054 0.03913774310259503
2 0.6107939890417452 0.2873195313192061 0.02816354135632899 0.035767081637205766
4 0.8274656046336766 0.41066625734763085 0.033724336641599 0.05476274310259508
2 0.8075319402418183 0.45191205506363874 0.028454639784752444 0.042017081637205675
4 0.3551753817219817 0.3444072557657512 0.04695208271265781 0.07104284034363309
2 0.43491638565092305 0.36424944425493344 0.039756012820281586 0.05040279172311406
4 0.3707853033525501 0.580955587402957 0.025547963606069857 0.04654080732694617
4 0.35443255728149153 0.5957617158516595 0.026892139784752266 0.041935194482076096
4 0.36062905335255013 0.5804233208946135 0.03201628742738745 0.05155585594746519
4 0.4226196311028091 0.5946363070998036 0.030453787427387448 0.05147396879233561
4 0.4418233953708327 0.6026911465389256 0.03030823821317572 0.04834896879233561
4 0.40701174772819765 0.6102646291260709 0.025038541356328815 0.035603307326946165
4 0.4689488215495151 0.6088116717536962 0.033797111248705033 0.056325243102595124
4 0.32139107899311326 0.4812554805509805 0.03372433664159917 0.05476274310259512
4 0.3228379549241267 0.5847080291714996 0.03848461124870504 0.05657090456798421
4 0.22814619313730242 0.532756025553455 0.030453787427387448 0.05147396879233561
4 0.2701688732449263 0.555320422319523 0.03179796360606986 0.04686835594746519
4 0.24426134470887897 0.5398658406823174 0.028600188998963993 0.04514208163720568
4 0.8948800446660977 0.2747973563976912 0.026673815963434676 0.0372476944820761
4 0.9120996238640988 0.34226813941437795 0.028672963606069857 0.04670458163720585
4 0.9066843777930401 0.35764747794898877 0.030453787427387625 0.051473968792335525
4 0.9555906046336766 0.4173810040682705 0.02532963978475209 0.04185330732694621
4 0.9230692030620998 0.40941137381054576 0.020132717535011224 0.03067014586155703
4 0.9262284363128769 0.442469535275935 0.021840766749222952 0.03387703301668665
4 0.9089874323839353 0.4259028329919429 0.02674659057054072 0.0388101944820761
4 0.899051660258029 0.3870074293284697 0.02852741439185813 0.043579581637205766
2 0.865661271506734 0.3304365247604854 0.03790241439185813 0.044070904567984306
4 0.8193897772977021 0.5504281201925011 0.02718323821317554 0.0481851944820761
4 0.5365771615008832 0.8214588359326189 0.031725188998963996 0.04530585594746519
4 0.5490771615008831 0.822113933173657 0.02674659057054072 0.0388101944820761
4 0.5708429995902244 0.8256041033454735 0.026819365177646402 0.0403726944820761
4 0.5157916265546951 0.8305505529159323 0.02474744292790554 0.02935330732694652
2 0.8482468314743127 0.46892581467457717 0.016571069892376045 0.021131371551297563
4 0.07431702584996014 0.45577636646291486 0.05200345574818703 0.07910100180902227
2 0.20789365922457165 0.4463305246489437 0.037756865177646405 0.04094590456798421
2 0.31997843631287687 0.41069731908559126 0.03179796360606986 0.04686835594746523
2 0.5140494598865255 0.5148469877870697 0.03143409057054072 0.03905585594746519
2 0.660016931350478 0.5083999932141368 0.01991439371369381 0.025982645861557074
4 0.8395461894132488 0.15129125734763088 0.043827082712657985 0.07087906603337357
4 0.8785487233259796 0.23869940411369908 0.034922963606069855 0.04703213025772479
4 0.9315217119534399 0.3456354788534999 0.03201628742738762 0.05155585594746528
4 0.9341522522763116 0.40685958389645405 0.03157963978475244 0.042180855947465234
4 0.9679236306885244 0.47206518204200326 0.02689213978475209 0.041935194482076096
4 0.9470674751880065 0.4490437618701867 0.026673815963435033 0.0372476944820761
4 0.5302630031048812 0.6879912386915809 0.03001713978475227 0.042098968792335614
2 0.39836880190480806 0.5267970318850329 0.029944365177646405 0.04053646879233561
2 0.6945954083960022 0.1695388890756937 0.038193512820281585 0.050320904567984305
2 0.715796166253885 0.20197625282507511 0.028163541356328814 0.035767081637205766
2 0.7367614836650618 0.22265392299689166 0.03001713978475227 0.042098968792335614
2 0.41281671546809673 0.18296514472990327 0.033360463606069854 0.04695024310259503
2 0.671602940656103 0.5959376147654343 0.024892992142117265 0.03247830732694616
2 0.5269989160489972 0.5899255529159321 0.029944365177646405 0.04053646879233561
2 0.5596637127820095 0.6284458203287867 0.01827911910658777 0.02433825870642714
2 0.5261664319696507 0.2546907377870698 0.03485018899896417 0.04546963025772479
4 0.4369881921038451 0.6392461222286661 0.03128854135632882 0.03593085594746519
4 0.3942014944184288 0.34723568464399496 0.03706766046291676 0.05961401741285446