2 0.41328125 0.2785997437983008 0.0296875 0.044613818025830906
2 0.4140625 0.1817020117449895 0.025 0.03978992570596294
2 0.46484375 0.19038067827975236 0.03125 0.03997178213245363
2 0.38984375 0.06053170539764106 0.040625 0.055869566772189704
2 0.45625 0.14922448086617712 0.0328125 0.05564224623907634
2 0.2796875 0.1895181749145401 0.021875 0.038136497492717504
2 0.76015625 0.4825692121280657 0.025 0.04291492570596276
2 0.828125 0.494654023489979 0.03125 0.043096782132453625
2 0.85078125 0.3916510439439501 0.0234375 0.04286946159934022
2 0.609375 0.5236752484171544 0.0234375 0.03349446159934022
2 0.49375 0.45828959230723276 0.03125 0.04153428213245362
2 0.25625 0.0050702817367422135 0.028125 0.010140563473484427
2 0.1421875 0.138831516297336 0.0265625 0.036710389812585564
2 0.54375 0.42245974089530697 0.03125 0.052471782132453626
2 0.634375 0.5041978227111914 0.0171875 0.03331260517284953
2 0.62890625 0.4793569470843709 0.0203125 0.031841033386094966
2 0.86953125 0.474699224664478 0.0234375 0.03349446159934022
2 0.7453125 0.38534487114098115 0.0296875 0.036801318025830906
2 0.7390625 0.3441204775674718 0.0234375 0.03505696159934022
2 0.821875 0.5831171299164697 0.0234375 0.04130696159934022
4 0.48984375 0.26855950257378947 0.0390625 0.06988660266556704
2 0.54765625 0.3246898306287503 0.0328125 0.04782974623907634
4 0.38125 0.4810942579840658 0.0203125 0.045903533386094784
4 0.359375 0.4856370054767833 0.021875 0.04126149749271768
4 0.371875 0.4758982926238019 0.025 0.05072742570596276
4 0.41796875 0.5183071014784328 0.0234375 0.05068196159934022
4 0.43046875 0.5343496386254514 0.0234375 0.04911946159934022
4 0.396875 0.524389616917839 0.021875 0.0350114974927175
4 0.45078125 0.5532898552393565 0.0265625 0.05546038981258565
4 0.38984375 0.37068795539764104 0.0265625 0.053897889812585656
4 0.33828125 0.46125077091618955 0.03125 0.05559678213245363
4 0.284375 0.36906928259467203 0.0234375 0.05068196159934022
4 0.3078125 0.4090123209953318 0.0265625 0.044522889812585655
4 0.29375 0.383640247954936 0.021875 0.0443864974927175
4 0.98828125 0.47202520256115416 0.021875 0.0365739974927175
4 0.96875 0.5389997538939377 0.021875 0.045948997492717504
4 0.95546875 0.5495424488002305 0.0234375 0.05068196159934022
4 0.96640625 0.6250054500538716 0.0203125 0.04121603338609496
4 0.94296875 0.602249911653212 0.015625 0.030142141066226813
4 0.928125 0.6331505706661275 0.0171875 0.03331260517284953
4 0.92265625 0.6098721950393069 0.021875 0.03813649749271768
4 0.93359375 0.571272696292948 0.0234375 0.04286946159934022
2 0.934375 0.5056249642396367 0.0328125 0.04157974623907634
4 0.78125 0.6741429466886595 0.0203125 0.047466033386094786
4 0.3984375 0.7712191528112162 0.025 0.04291492570596276
4 0.40859375 0.7779548861181689 0.021875 0.038136497492717504
4 0.425 0.7915400129986307 0.021875 0.039698997492717505
4 0.37578125 0.7687533823572451 0.021875 0.02719899749271768
2 0.84765625 0.6175232221571955 0.0140625 0.020721676959604095
4 0.1921875 0.22800166488541024 0.0421875 0.07779003087881238
2 0.31171875 0.2846799107287751 0.0328125 0.03845474623907634
2 0.42578125 0.30792353094531943 0.025 0.046039925705962936
2 0.53828125 0.4937126152684863 0.0265625 0.038272889812585476
2 0.66640625 0.5595158085254266 0.0171875 0.02393760517284953
4 0.99375 0.3367098281879748 0.0125 0.06911371285298147
4 0.9890625 0.4313774705078428 0.021875 0.04594899749271768
4 0.98359375 0.5518490948810222 0.025 0.050727425705962934
4 0.95390625 0.6058379129068532 0.0265625 0.04139788981258548
4 0.95 0.6793890731734098 0.025 0.03978992570596276
4 0.9421875 0.6491476437065232 0.021875 0.03657399749271768
4 0.46171875 0.6521903564929977 0.025 0.04135242570596294
2 0.4328125 0.4475626924655174 0.025 0.038227425705962756
2 0.871875 0.28244352850454396 0.03125 0.04778428213245363
2 0.8734375 0.32146056439792126 0.0234375 0.03505696159934022
2 0.8796875 0.3494037079714305 0.025 0.03978992570596294
2 0.62421875 0.1560558394042389 0.028125 0.04613085391920828
2 0.63046875 0.6418114829777481 0.0203125 0.031841033386094966
2 0.51015625 0.5648434691876946 0.025 0.038227425705962936
2 0.5171875 0.6146388807078925 0.015625 0.023892141066226814
2 0.68359375 0.273859453352577 0.0296875 0.04305131802583091
4 0.40703125 0.5639378502247915 0.028125 0.03519335391920819
4 0.521875 0.2895024883880245 0.0296875 0.05867631802583091