2 0.3523502083076585 0.34011055367294124 0.03456517676456468 0.04575259099298634
2 0.2928908527039368 0.2599212083610181 0.029640878424238615 0.04232720234403846
2 0.341647661417225 0.24031081277223984 0.03589087842423862 0.0427277205426357
2 0.20453690249415532 0.1713779449427828 0.0447689709557058 0.05729086829088237
2 0.3103734280139645 0.2109132094407523 0.03851897095570589 0.05689035009228505
2 0.18878461577619132 0.3364615268364706 0.0262790800839126 0.039001943244739753
2 0.022765761622362053 0.1657554079272794 0.023509277594401645 0.04348918414544119
2 0.7557003512540442 0.327608444638241 0.029759277594401647 0.04388970234403846
2 0.820449012871762 0.3014779387781449 0.034446777594401824 0.04419009099298643
2 0.7807810163962469 0.20274934454595597 0.028196777594401645 0.04378957279438913
2 0.65203274482513 0.4410177074381675 0.02748638257342364 0.03441457279438929
2 0.5175985452400484 0.44884759870800905 0.036009277594401645 0.04429022054263569
2 0.05080825124939985 0.18358445558324096 0.03288427759440164 0.04408996144333708
2 0.04050140374355517 0.36873021360280545 0.027723180913749555 0.03753957279438911
2 0.5392358242843425 0.39250796113879527 0.03515717261537983 0.05356509099298652
2 0.6652305618367879 0.4079851619416742 0.021236382573423463 0.034014054595791876
2 0.6430120197202391 0.3944931608619401 0.024242983403260608 0.032651813695090494
2 0.8442291323729307 0.2630569864341064 0.02748638257342364 0.03441457279438911
2 0.6889020923309745 0.2541697470745645 0.03252908008391255 0.039402461443337165
2 0.6656888126619804 0.21719018122000575 0.027604781743586493 0.03597707279438913
1 0.1627199458601039 0.375813923504983 0.03347627344521675 0.05190246144333717
1 0.08253461577619133 0.3432703362126245 0.03383147095570584 0.05658996144333717
2 0.8692193222097501 0.37528687616278855 0.026515878424238793 0.042126943244739756
4 0.40678833195801245 0.2918745103359163 0.04583456348717303 0.07135336829088228
4 0.4495911385967082 0.27657088294573534 0.035630769296031775 0.05981509099298634
2 0.48729297075521316 0.3079117180786256 0.038045374275053764 0.05064035009228505
4 0.434822856652629 0.5271611682631958 0.025308575934727705 0.04671431369509058
4 0.4195413987691777 0.5430562785345137 0.024953378424238615 0.04202681369509058
4 0.42466660665262895 0.5278120103359163 0.0303512734452168 0.05170220234403846
4 0.4840774954498298 0.5452009669988914 0.028788773445216798 0.05160207279438911
4 0.5226197771934163 0.5772729873569571 0.02867037427505359 0.05003957279438911
4 0.4730691404708079 0.5553269386212614 0.02447978174358667 0.03577681369509058
4 0.4416289637062432 0.5133792705149491 0.033713071785542684 0.055027461443337165
4 0.4658477137062433 0.5118272624953846 0.024834979254075584 0.040464313695090584
4 0.45227046578083574 0.5087721136674039 0.025190176764564677 0.04515181369509058
4 0.5347878904708079 0.5513718214101131 0.03226897095570571 0.056489831893687815
4 0.3832585114218694 0.4268397956533767 0.032150571785542856 0.054927331893687814
4 0.3474403332074122 0.4825180991694344 0.03695647095570589 0.056790220542635696
4 0.2896278332074122 0.4862228925064593 0.028788773445216798 0.05160207279438911
4 0.3327508711747761 0.5062257094407523 0.0315585759347277 0.047114831893687634
4 0.31458028901627105 0.4736332549372455 0.030469672615379827 0.05326470234403846
4 0.3058448290582273 0.49303409700996603 0.026752676764564675 0.04525194324473993
4 0.942854963906736 0.1970734361572512 0.0261606809137497 0.03743944324473984
4 0.9643523782237459 0.2632095758859333 0.026871075934727883 0.046814443244739753
4 0.9592863699253762 0.2792350940845306 0.02878877344521662 0.05160207279438911
4 0.996475948759889 0.3390816610188236 0.007048102480221985 0.04202681369509058
4 0.9780372925407559 0.32984636336286205 0.01943708423309758 0.030788925046142522
4 0.9559613829976307 0.34931705660760193 0.02123638257342364 0.034014054595791876
4 0.9581391896363265 0.33661679750830326 0.02627908008391273 0.039001943244739844
4 0.9430344078927402 0.30304283390549785 0.028196777594401822 0.04378957279438911
2 0.9164709852773602 0.252932212375413 0.02724958423309758 0.03128957279438911
4 0.8823840182703467 0.476498922739016 0.025426975104890913 0.048276813695090584
4 0.6134493771980607 0.7606478894241403 0.029759277594401647 0.04388970234403846
4 0.6260085767831423 0.7606281030269457 0.026279080083912554 0.039001943244739934
4 0.6473983247085497 0.7631826041066799 0.026397479254075762 0.040564443244739755
4 0.5930068226339573 0.770593388344406 0.023887785892771518 0.02796431369509058
1 0.3105136313472456 0.7722104572812839 0.024598180913749525 0.03733931369509058
1 0.33388027636822376 0.7801335788113688 0.025805483403260433 0.032751943244739755
1 0.3492092784428162 0.7752260333148756 0.021236382573423463 0.034014054595791876
1 0.4676283143355876 0.7943288818660011 0.02279888257342364 0.03411418414544123
1 0.4867335118460766 0.7978148272702092 0.023035680913749523 0.03723918414544123
2 0.9088621626666249 0.39080245219638016 0.017164189212119395 0.02131379549649326