2 0.3787632788205796 0.6830160517056993 0.03612767676456467 0.046044473516896466
2 0.37364788110030905 0.7812896607402069 0.031203378424238613 0.04259169158591121
2 0.4254947236317762 0.7636761898212004 0.03589087842423862 0.04291947351689647
2 0.34945059665743017 0.9057651368549934 0.04644987012586892 0.059200037378867164
2 0.4160479460373746 0.8063007323958473 0.04008147095570589 0.05720049480421992
2 0.24444563317490148 0.7942099138422999 0.027841580083912555 0.03924817029858776
2 0.7224228035151962 0.4242977075022276 0.03132177759440165 0.044154191585911204
2 0.7910310935571525 0.400849499824773 0.0361276767645645 0.046044473516896466
2 0.8138630970816374 0.4995001672733692 0.028196777594401822 0.04393567029858776
2 0.5720326398228861 0.4091693702592468 0.02748638257342346 0.03456067029858776
2 0.45613403006997943 0.4926534956373992 0.03757177759440165 0.0445912341605581
2 0.10119161802805447 0.8695044808063634 0.03084818091374957 0.037904191585911205
2 0.5053285466667189 0.5202978943965618 0.036719672615379825 0.05385697351689629
2 0.6019210493660113 0.42495290738601205 0.022917281743586492 0.0357953883676025
2 0.5914921122284844 0.4497725909261517 0.02424298340326043 0.03277964901126431
2 0.8328158518555222 0.41346983212407534 0.02748638257342364 0.03456067029858776
2 0.7079916053800072 0.5224456303987054 0.034091580083912554 0.03968521287323483
2 0.709423128200524 0.5650865984677202 0.027604781743586493 0.03612317029858776
1 0.20778700537536282 0.7447069405775051 0.043798466806520955 0.06523151609154336
1 0.1724046898135973 0.8116812731289087 0.035393970955705845 0.05687271287323474
2 0.7906301970862818 0.31384117272125084 0.028078378424238614 0.04237317029858776
4 0.45028308131009054 0.6826775620972596 0.047397063487172986 0.07170003737886681
4 0.4959391234266392 0.6647198837529001 0.03719326929603195 0.060106973516896464
2 0.5089252981166115 0.6164080698909297 0.039607874275053766 0.05095049480421991
4 0.34290032426112055 0.4896920226247058 0.026871075934727706 0.04695140965492613
4 0.3212621226014466 0.48809667163597015 0.026515878424238616 0.04226390965492612
4 0.33389217716555 0.49576170616484533 0.0319137734452168 0.051966691585911204
4 0.3743405010256852 0.4439753310387946 0.0303512734452168 0.05185743094224939
4 0.388167125300739 0.3948276368549933 0.030232874275053768 0.05029493094224957
4 0.35883390019584827 0.4435054374754118 0.02604228174358649 0.036013909654926124
4 0.35643002799538703 0.4957399268317502 0.03527557178554286 0.05531021287323483
4 0.3770268705268542 0.4803116687859784 0.026397479254075585 0.04070140965492612
4 0.36760432633571305 0.49185010232611803 0.026752676764564675 0.045388909654926125
4 0.41829233318419023 0.4074861739817585 0.03383147095570571 0.05676345222957298
4 0.35564693276462733 0.5983732539352724 0.03371307178554286 0.05520095222957302
4 0.2948637207319912 0.5800874296817418 0.03851897095570589 0.0570912341605581
4 0.24472108815856775 0.6162323793134247 0.0303512734452168 0.05185743094224939
4 0.2689524161678879 0.5733511106239912 0.033121075934727705 0.04738845222957302
4 0.27247923525413836 0.6088515680493443 0.03203217261537983 0.053529191585911205
4 0.25443963027511646 0.6007876957732852 0.028315176764564676 0.045498170298587756
4 0.9522762468765003 0.3957910232057834 0.0277231809137497 0.037685670298587756
4 0.9329118628531845 0.33342206318254036 0.028433575934727884 0.04706067029858776
4 0.9196189574592442 0.324249158975496 0.030351273445216976 0.05185743094224948
4 0.9244616680419877 0.25008503929732684 0.026515878424238793 0.04226390965492603
4 0.9070606804895422 0.2746151457339442 0.01943708423309758 0.03088936708027905
4 0.8774915796597054 0.27512859796351713 0.02291728174358667 0.0357953883676025
4 0.8862153842238086 0.28306678410154673 0.027841580083912732 0.03924817029858776
4 0.892867203310059 0.31834872023957633 0.028196777594401822 0.04393567029858776
2 0.8980982323543533 0.3723806563776059 0.02724958423309758 0.03143567029858776
4 0.7449168006154111 0.23000140428391896 0.026989475104890737 0.04851390965492604
4 0.36185676949652457 0.19850429391202926 0.03132177759440165 0.044154191585911204
4 0.37182376534733963 0.19003623005005882 0.027841580083912555 0.03924817029858776
4 0.38863275704896993 0.1733186236134415 0.027959979254075583 0.04081067029858776
4 0.3388453219860355 0.2047760732451244 0.02556868506293437 0.029763909654926035
1 0.10172106243826587 0.3907674756105834 0.024598180913749566 0.037467149011264314
1 0.11648230206530366 0.3703075101394587 0.027367983403260476 0.03299817029858776
1 0.13258089874595574 0.3629649037028413 0.021236382573423508 0.03412362772394086
1 0.22124250227508507 0.2697287199106002 0.024361382573423462 0.03434214901126431
1 0.23474889522147083 0.2555733847613063 0.024598180913749525 0.037467149011264314
2 0.8152875775851129 0.2755927737099865 0.017164189212119395 0.021405106436617416