2 0.3134845032661205 0.6610373169666983 0.027457142065139984 0.042623876623205346
2 0.26987944545831727 0.7531117686709816 0.022587631541796237 0.0394170560063543
2 0.320986919149958 0.7600242418856205 0.02874662628012441 0.03796365016215582
2 0.19962858766463154 0.8604799837679457 0.03737817363517104 0.05216251785690744
2 0.2962375481315055 0.7963572082004002 0.02965667889684287 0.05358865016215582
2 0.14857286383181645 0.7052800150175337 0.019280621018452536 0.03623750892845372
2 0.016293171921968296 0.9128488275167099 0.02883763154179623 0.03952615016215581
2 0.7112765321347284 0.5713655219206878 0.022678636803468065 0.0409795560063543
2 0.7802162479338615 0.5803080994373977 0.027366136803468066 0.041061376623205345
2 0.7600563954018476 0.6852410612879508 0.021116136803468067 0.04095228246740419
2 0.5881113188958442 0.4884457021146157 0.02213260523343692 0.03160455600635448
2 0.4546694873399305 0.5149690661559194 0.028837631541796326 0.03952615016215581
2 0.04661000347788195 0.8881255170461287 0.025803636803468068 0.04103410308425524
2 0.00629107796259562 0.7125585012178159 0.01258215592519124 0.03478410308425506
2 0.48617782159726736 0.5635877982990121 0.027912168373499212 0.050436376623205346
2 0.6038427347090947 0.5131456931861619 0.015973610495108835 0.03305796185055314
2 0.5885061610456888 0.535266155036715 0.01891659997176518 0.02998750892845372
2 0.8112086427004245 0.6109853551194405 0.02213260523343692 0.0316045560063543
2 0.6601319901119409 0.6588888413197228 0.027002115756780753 0.034811376623205346
2 0.6368996164626524 0.6959757840955525 0.022223610495108837 0.03316705600635448
1 0.05616555595342611 0.7240630170461285 0.02469616311182732 0.04881932954530477
2 0.809394784694977 0.49472910958366734 0.02102513154179624 0.03938978246740419
4 0.3755903901401757 0.6935128518697343 0.0336007262518895 0.0677056972400564
4 0.4206298743551601 0.6974094192401745 0.025151189420186525 0.05663182954530477
2 0.45181125589695637 0.6578423587695933 0.03076415258848364 0.04580342370110611
4 0.35877242939095305 0.459669685879266 0.01670165258848364 0.04555796185055314
4 0.339878216222656 0.44907310511614523 0.019462631541796237 0.03936250892845372
4 0.34769842149844526 0.46220435065191834 0.021571163111827295 0.04876478246740419
4 0.40774825568519485 0.4361815929412806 0.020099668373499212 0.050300008928453724
4 0.4256182951477337 0.4241628340128269 0.01991765785015538 0.04717500892845372
4 0.3905530504094056 0.42321398863920956 0.019098610495108838 0.03311250892845372
4 0.4513008346102726 0.41200770738962145 0.02340667889684287 0.05347955600635448
4 0.3228510689664314 0.5672191331193226 0.023315673635170953 0.0519170560063543
4 0.3107976609751016 0.46597027881725134 0.028094178896842868 0.05356137662320535
4 0.22393542683070428 0.5369470263816194 0.020099668373499212 0.050300008928453724
4 0.2616475294333053 0.5058509849857616 0.024423147326811723 0.04413182954530477
4 0.23785371366240726 0.5257777013005416 0.019644642065139984 0.042487508928453724
4 0.8034221746233914 0.9724722800383627 0.020206084186749608 0.025327282467404188
4 0.8157324588242585 0.9621114784962351 0.01982665258848364 0.04561250892845372
4 0.9205612558969563 0.6496602970844914 0.020752115756780397 0.034702282467404186
4 0.9284717374105178 0.5808421132371154 0.01826415258848364 0.04558523538950343
4 0.9207425373964003 0.5661483677013422 0.020099668373499212 0.050300008928453724
4 0.9543887662791256 0.4976614204612858 0.017900131541796326 0.03933523538950325
4 0.9293054662932432 0.5129279103150161 0.01422909997176518 0.029905688311602674
4 0.9042977610174538 0.5000966737076966 0.015973610495108658 0.03305796185055314
4 0.908302721554915 0.5117336030908457 0.019280621018452494 0.03623750892845372
4 0.8999596005364625 0.5477801972466471 0.021116136803468067 0.04095228246740401
2 0.8834931663779478 0.602699522327725 0.023422089448421703 0.02694432954530477
4 0.8073156161803038 0.3964279772784191 0.01835515785015538 0.04714773538950334
4 0.4891780791368393 0.19047758076641602 0.022678636803468065 0.04097955600635439
4 0.501814587029347 0.18791564245481332 0.019280621018452494 0.03623750892845372
4 0.5226276159685421 0.17896733644845889 0.01937162628012441 0.03780000892845372
4 0.46757609492185476 0.1861719103117208 0.020206084186749608 0.0253272824674041
2 0.8475241162508909 0.46986943141833437 0.013683068401734033 0.020530688311602673
4 0.08194607692952634 0.643226074270299 0.037180752560248775 0.07557274431795716
2 0.21566862954624483 0.6252828234595201 0.03168961575678066 0.03489319724005639
2 0.3313013348220341 0.6365321948077197 0.02286064732681172 0.0441045560063543
2 0.5097133031108287 0.4944968790621327 0.025530621018452493 0.03634660308425506
2 0.6555186267742346 0.47009907670922624 0.015427578925077689 0.02368296185055314
4 0.8824480639165211 0.7814421310940229 0.028913226251889412 0.06762387662320535
4 0.9096923743551603 0.6888728015487182 0.027548147326811545 0.04418637662320535
4 0.946895513718877 0.5727159675391865 0.021662168373499213 0.050327282467404186
4 0.9410242162932431 0.5127233587728885 0.02415013154179633 0.03944432954530477
4 0.9619506372975781 0.4616284630749597 0.022587631541796327 0.0394170560063543
4 0.9474786136200549 0.46890517492551265 0.019189615756780753 0.034675008928453724
4 0.5017551318947321 0.32293552476006165 0.022587631541796327 0.03941705600635448
2 0.39267001627912573 0.507466257713933 0.022405621018452494 0.0362920560063543
2 0.736544029715654 0.7941348202164045 0.02920165258848364 0.04577615016215582
2 0.7534809007341066 0.7579382215963764 0.022223610495108837 0.0331670560063543
2 0.7705164822900202 0.7334467362068728 0.02249662628012441 0.03785455600635448
2 0.455271642912186 0.8396281469190402 0.0259856473268119 0.04415910308425523
2 0.6543649214278581 0.3827081708650276 0.01891659997176518 0.02998750892845372
2 0.5117833083019134 0.41875653937055823 0.022405621018452494 0.036292056006354476