2 0.32667595373617353 0.35349874648395857 0.030451159090609536 0.0439227168225127
2 0.27972486160896703 0.26806069535249044 0.02568183847375849 0.039207945745273955
2 0.3299703234595201 0.2542890868430382 0.03193183847375849 0.0392443071815924
2 0.20488059456283841 0.16917776775758914 0.0400170738632619 0.054914758976990455
2 0.3039942045469524 0.2205408007386847 0.03376707386326192 0.05487839754067201
2 0.16533903328147828 0.33068289431921816 0.022529564934808198 0.037627265027114644
2 0.01940674472499423 0.14153351502711464 0.03195911201270884 0.04080680718159235
2 0.726857185879266 0.3902054235878805 0.02573638555165907 0.04233294574527395
2 0.7943583315771949 0.372627559028304 0.03042388555165907 0.042360216822512696
2 0.7703634983784422 0.2701338181034904 0.024173885551659245 0.04232385538619425
2 0.6079105426169691 0.49030489665690913 0.024010244317957154 0.032948855386194256
2 0.47368554708119603 0.4809293757760621 0.03195911201270896 0.040806807181592394
2 0.051083438718639816 0.1620323673882468 0.02886138555165918 0.042351126463433086
2 0.01317235856442706 0.3438590843089554 0.02634471712885412 0.03609203610435348
2 0.5035190974055075 0.427972547419035 0.030587526785361162 0.0517352168225127
2 0.6264247633959759 0.4591594357863248 0.01776024431795715 0.03291249394987581
2 0.6056173855549545 0.44263046593874994 0.020857970779006862 0.03136817466803503
2 0.8238782362035775 0.337639480671277 0.02401024431795733 0.032948855386194256
2 0.6712168863657334 0.3101861254814745 0.028752291395857908 0.03610112646343318
2 0.6539299748394919 0.27101908635205885 0.024037517856907442 0.03451135538619425
1 0.13347537865509562 0.36565733713762577 0.028997753246410872 0.05016362646343318
1 0.05918449066780446 0.32459599990180416 0.029079573863261897 0.054851126463433174
2 0.832057154629678 0.4509798180052945 0.022584112012708955 0.04075226502711473
4 0.38676006574888233 0.31321918012898403 0.03870003571381497 0.06896816861791084
4 0.43146859375205954 0.30332200536275317 0.02913412094116268 0.05797612646343318
2 0.46444868912567683 0.33867369808296494 0.03363070616851012 0.04706589754067192
4 0.38107926136738096 0.5491475897699044 0.019540932629559825 0.045421584308955334
4 0.3628650495168279 0.5631055506404888 0.02102161201270878 0.04074317466803503
4 0.37015539813685616 0.5483027072563471 0.025872753246410873 0.05014544574527378
4 0.42676390828312594 0.5728532553627532 0.024310253246410875 0.05013635538619425
4 0.4605116168872681 0.6089907432625047 0.022720479707460585 0.04856476502711473
4 0.41411390381889907 0.5813742824901162 0.020912517856907443 0.03449317466803503
4 0.3891235864484589 0.5359117915653024 0.02905230032431163 0.05328862646343317
4 0.4140963129095086 0.5376197373105764 0.02099433847375849 0.03918067466803503
4 0.40089688352635955 0.5328549692583996 0.021076159090609538 0.04386817466803503
4 0.4757781067409984 0.5848583516737611 0.02751707386326192 0.054842036104353654
4 0.34385772524652897 0.44345158079291397 0.02748980032431154 0.05327953610435347
4 0.30155144846116777 0.49477318627730416 0.03061480032431154 0.0532977168225127
4 0.24380713230854362 0.49053059299135826 0.024310253246410875 0.05013635538619425
4 0.2824332556853381 0.5157578519683488 0.027326159090609536 0.04390453610435348
4 0.26975202354224564 0.481305583916172 0.025900026785361165 0.05170794574527378
4 0.2585008778443167 0.49921070140261464 0.022638659090609536 0.04387726502711473
4 0.9310691732973643 0.284351375088691 0.02250229139585791 0.03606476502711464
4 0.9423827743530246 0.35239284796132797 0.022665932629559647 0.045439765027114644
4 0.9350924257329964 0.36719569134546964 0.022747753246410696 0.05012726502711473
4 0.9714605738665572 0.4322576099633805 0.021021612012708957 0.04074317466803503
4 0.9458838754086848 0.42038886903856676 0.016143197240056396 0.02977840359079629
4 0.9213923900191812 0.43587296847283274 0.01776024431795733 0.03291249394987581
4 0.9255031915613088 0.42417694437053177 0.02252956493480838 0.037627265027114734
4 0.9151793461876917 0.3889570618569745 0.024173885551659426 0.04232385538619425
2 0.8965617597425279 0.33649968236847927 0.02392842370110628 0.028261355386194252
4 0.8302707378284306 0.5533235680052945 0.021130706168510115 0.04699317466803503
4 0.5235632215963764 0.8015645835233884 0.02573638555165907 0.04233294574527378
4 0.5360495848269011 0.8024185563960253 0.022529564934808198 0.037627265027114734
4 0.5570478774405749 0.8080100262436002 0.02255683847375849 0.039189765027114645
4 0.5023467406710997 0.8084731136758136 0.022338650162155815 0.02668976502711473
1 0.22319107468063137 0.7763771894005621 0.02093979139585782 0.03605567466803503
1 0.24410754667745413 0.7866561592481369 0.022420470779006864 0.03137726502711473
1 0.26056834375535487 0.7836266080184728 0.01776024431795715 0.03291249394987581
1 0.3748393494373977 0.8171072494108248 0.019322744317957153 0.03292158430895533
1 0.3927126420510715 0.8226805385402404 0.01937729139585782 0.03604658430895533
2 0.8692025986233236 0.4715104866232053 0.0144170560063543 0.020394313231716588