2 0.4269478782447632 0.28817060304850317 0.032013659090609534 0.0439318071815924
2 0.4228858952908919 0.18974673858712263 0.027271612012708956 0.040779536104353475
2 0.47385806006354425 0.20038880191703506 0.03195911201270896 0.040806807181592394
2 0.3988699224832901 0.06721775361423729 0.04157957386326192 0.054923849336070064
2 0.46454156128136026 0.15903254889197296 0.03532957386326174 0.05488748789975162
2 0.2932529423687925 0.19362623839073093 0.0240920649348082 0.037636355386194253
2 0.7682525369283356 0.5041758354873058 0.027298885551659068 0.04234203610435348
2 0.8365076590873143 0.5201866548673424 0.03198638555165907 0.04236930718159222
2 0.8597076055165918 0.4169162091220685 0.024173885551659426 0.04232385538619425
2 0.6188525547852431 0.539423509958949 0.02557274431795715 0.032957945745273776
2 0.5027814955324779 0.46977915135130105 0.033548885551659066 0.042378397540672096
2 0.2641715941558013 0.005522771273630582 0.028343188311602673 0.011045542547261164
2 0.15082393465815475 0.13585516588743635 0.02718979139585782 0.03609203610435348
2 0.5521951144450454 0.43589450986075323 0.03215002678536116 0.0517443071815924
2 0.6481991355483638 0.5197195431364363 0.019322744317957153 0.03292158430895533
2 0.6376337824641087 0.49634113047045386 0.020857970779006862 0.03136817466803503
2 0.8783815133893853 0.5019724651721928 0.02557274431795733 0.032957945745273776
2 0.7540615775134146 0.40737355835994277 0.03031479139585791 0.0361102168225127
2 0.7556553051922802 0.3643911728213233 0.024037517856907442 0.03451135538619425
1 0.2566938794625792 0.2477506570086417 0.03702844155801355 0.06270907825883114
1 0.22199555113509045 0.18466484972885353 0.03064207386326192 0.0548602168225127
2 0.8356912272685332 0.6077002904059619 0.024146612012708603 0.040761355386194256
4 0.49867287378053626 0.2791586965308408 0.040262535713814884 0.06897725897699045
4 0.5434223120921391 0.29139962129707164 0.030696620941162676 0.057985216822512696
2 0.5567405182606493 0.33820189842443477 0.03519320616851011 0.04707498789975162
4 0.3898002544609316 0.48762570238457326 0.021103432629559826 0.045430674668035034
4 0.3679934383083074 0.4916592174116879 0.02258411201270878 0.04075226502711473
4 0.3811110470746054 0.48220694935951125 0.027435253246410874 0.05015453610435365
4 0.42100539001259074 0.5296359403825207 0.025872753246410873 0.05014544574527378
4 0.4343372329505762 0.5772194675098838 0.024282979707460583 0.048573855386194256
4 0.40542130032101625 0.532070593973317 0.02247501785690744 0.03450226502711473
4 0.4029451367661799 0.4797359343323965 0.03061480032431163 0.0532977168225127
4 0.4242707118472578 0.4928944644848217 0.02255683847375849 0.03918976502711473
4 0.4147047970746054 0.48201150663929937 0.021076159090609538 0.04386817466803503
4 0.46451961079159754 0.5606359555078313 0.029079573863261744 0.054851126463433174
4 0.40347519642598223 0.37581604879377706 0.029052300324311588 0.05328862646343309
4 0.3429877098186629 0.4019518227978821 0.03220457386326192 0.05486930718159226
4 0.2924695125786064 0.37255521428842997 0.025872753246410873 0.05014544574527387
4 0.3166161245913153 0.4130438589022357 0.027326159090609536 0.04390453610435348
4 0.3198814464259823 0.3763023830045366 0.027462526785361163 0.05171703610435348
4 0.30208997442915947 0.3865631721339523 0.024201159090609537 0.04388635538619425
4 0.9980204886359143 0.1574816009072039 0.003959022728171391 0.06409886143631845
4 0.992570013999941 0.5036253478821419 0.01485997200011795 0.03607385538619425
4 0.9780054123337252 0.5693685225501769 0.02422843262955965 0.045448855386194253
4 0.9649014403369023 0.5796020406023537 0.024310253246410694 0.05013635538619425
4 0.9693355702065187 0.6545838598841943 0.0225841120127086 0.04075226502711473
4 0.9517526038917387 0.6320276038340701 0.016143197240056396 0.02977840359079629
4 0.9228872642001644 0.6345395254770431 0.01932274431795733 0.03292158430895533
4 0.9313310097359373 0.6258957785021051 0.024092064934808022 0.037636355386194253
4 0.9377349683400794 0.5899173718862468 0.024173885551659426 0.04232385538619425
2 0.9437980077073425 0.5344077152703886 0.025518197240056394 0.029832945745273776
4 0.7896032057581779 0.6978212963578901 0.022693206168510293 0.04700226502711473
4 0.40660551947517 0.7789637746914762 0.027298885551659248 0.04234203610435348
4 0.41688450040044656 0.7859359373574586 0.0240920649348082 0.037636355386194253
4 0.4335498490204747 0.8006842385871227 0.024119338473758488 0.039198855386194255
4 0.38388108562779416 0.7751893348981306 0.022338650162155815 0.02668976502711473
1 0.14908157142433462 0.6179455032214538 0.02093979139585782 0.03605567466803503
1 0.16348499066121386 0.6373949399897373 0.023982970779006775 0.031386355386194255
1 0.1791918112780649 0.641991536398941 0.01776024431795715 0.03291249394987581
1 0.2665748088424329 0.7243040666495622 0.02088524431795715 0.03293067466803503
1 0.2808691339235108 0.7375035034178455 0.02093979139585782 0.03605567466803503
2 0.859742381894916 0.6427201850197676 0.0144170560063543 0.020394313231716588