2 0.3225310251255354 0.7082728422231704 0.02675368969849794 0.04171661910658795
2 0.29749946103101144 0.803566071545006 0.02337359818322886 0.03844606989237605
2 0.3499069839098287 0.8052227708830522 0.029496052425594322 0.0371746683207995
2 0.24346605208723857 0.917898245242489 0.03702151000193963 0.05309076674922295
2 0.33109333996896534 0.8435575248119935 0.029209010001939716 0.05272689371369381
2 0.16848151178961582 0.7701092545481141 0.02012105242559432 0.03673802067816432
2 0.06749374132669454 0.9851605581055519 0.029496052425594322 0.029678883788896115
2 0.7121191678584508 0.575847909839235 0.02206618969849785 0.04149829528527036
2 0.7818417364949026 0.5767426298554457 0.0281886439408634 0.04022689371369381
2 0.7787011478545715 0.6824660909803162 0.020503689698497852 0.0414255206781645
2 0.575750975285015 0.5075430578961548 0.02130091515269079 0.03212329528527036
2 0.4461433525559789 0.5485597020241334 0.02962359818322895 0.0387371683207995
2 0.09400831496411617 0.9619114567816442 0.0250636439408634 0.04008134449948173
2 0.021463119515742386 0.7938463533908221 0.02455346091032524 0.03383134449948209
2 0.4856683670998464 0.5927485037195444 0.02739141848667064 0.04952911910658777
2 0.5950590846781314 0.530400515092084 0.015178460910325242 0.03339469685684691
2 0.5837071254347961 0.5541826174494489 0.018048369395056163 0.03041524607105863
2 0.8180184814939327 0.6043068577295392 0.02130091515269079 0.03212329528527036
2 0.674061445279196 0.6673975550006708 0.026115960910325243 0.03390411910658777
2 0.656682755580698 0.707367583536718 0.021428460910325242 0.03368579528527036
4 0.8301833837697459 0.5225303188544096 0.022959010001939718 0.052435795285270356
2 0.7991405489224366 0.48971566480163364 0.0203761439408634 0.039863020678164315
4 0.3941828845186519 0.7335682487571458 0.03348192182065048 0.06693494292790554
2 0.46519675724768794 0.6898225568626977 0.030133781213767107 0.0449871683207995
4 0.341455723618025 0.5052570041338292 0.01619882697140156 0.045894696856846905
4 0.3218447252850149 0.495717184241453 0.0188136439408634 0.03979024607105863
4 0.3318256321027559 0.507945356491194 0.021141418486670636 0.04923802067816432
4 0.3877566387707157 0.4760446931327932 0.01970646424430509 0.050727746071058635
4 0.40381207346824377 0.46189230190029884 0.01945137272903601 0.04760274607105863
4 0.36827318619534016 0.4649423732404171 0.018303460910325243 0.033540246071058634
4 0.4277437810445891 0.44732253370333375 0.02308655575957417 0.05399829528527036
4 0.3223074977047903 0.6149402191876412 0.022959010001939718 0.052435795285270356
4 0.29505908467813147 0.5164277905277593 0.02764651000193972 0.05265411910658777
4 0.21883168240231834 0.5952205705115488 0.01970646424430509 0.050727746071058635
4 0.25223398482791265 0.5607021753501129 0.02375623545613248 0.043133569892376045
4 0.23157079846339457 0.5832663800648425 0.01906873545613248 0.042915246071058635
4 0.8665050682980961 0.9741033575246514 0.022416876063015678 0.05179328495069733
4 0.8766771648143351 0.9520958484239141 0.019706464244305267 0.050727746071058274
4 0.933611659523501 0.6292962032624784 0.019993506667959692 0.03517552067816432
4 0.9313473999806033 0.5609635802269491 0.017761326971401557 0.04596747146395277
4 0.9214302660416795 0.5479541579772083 0.019706464244305267 0.050727746071058635
4 0.9508624166505028 0.475608277083796 0.0172511439408634 0.03971747146395259
4 0.9219243446800711 0.49386597145944344 0.013233323637421534 0.028634422249740867
4 0.9151640327115791 0.46139807381680836 0.015178460910325242 0.03339469685684691
4 0.9040033921046955 0.48283642617417327 0.020121052425594144 0.03673802067816432
4 0.9047209981638321 0.5220808626919379 0.020503689698497852 0.04142552067816432
2 0.889271599221999 0.5864515777457499 0.03118609818322895 0.03880994292790554
4 0.7819846130169605 0.39245752108793996 0.01788887272903601 0.04752997146395268
4 0.43179277862869314 0.22479256223938107 0.02206618969849785 0.04149829528527027
4 0.4438941659015968 0.220650871792675 0.02012105242559432 0.03673802067816441
4 0.4636007590838558 0.2098054170779453 0.02024859818322895 0.038300520678164404
4 0.4092003015075104 0.22295608043634613 0.020790732122152634 0.02587329528527027
2 0.83287769119631 0.4607024069437509 0.012468049091614475 0.019259422249740865
4 0.09287547603392096 0.7163977495857152 0.0373721963664577 0.07645549214211726
2 0.22418911997478436 0.6833027673683956 0.030803460910325244 0.03412244292790554
2 0.34110555300532247 0.682474475597782 0.02232128121376693 0.044623295285270356
2 0.49843917619340045 0.5227634894515208 0.024681006667959693 0.03539384449948209
2 0.6405467989224366 0.48232904218038913 0.014285640606883376 0.022457196856846905
4 0.9155477014881137 0.7641249675305021 0.028921967578284934 0.06827911910658777
4 0.928732969825003 0.6698484286553725 0.026881235456132656 0.04327911910658777
4 0.948646470284045 0.5507902136015608 0.021268964244305265 0.05080052067816432
4 0.9337706404377055 0.49284928101273745 0.02337359818322895 0.03844606989237622
4 0.9483590410465288 0.4198120413518197 0.02337359818322895 0.03844606989237605
4 0.9334994445302899 0.44813609449497277 0.018431006667959694 0.035102746071058635
4 0.46443032226029574 0.35335636393479214 0.021938643940863402 0.03993579528527036
2 0.38345203391952704 0.5479924677398991 0.021683552425594322 0.036810795285270356
2 0.7712716719413366 0.7926951155874219 0.02857128121376711 0.04491439371369381
2 0.7822090430033828 0.7547777386229513 0.021428460910325242 0.03368579528527036
2 0.7960960708831699 0.7287610481762452 0.02181109818322895 0.03837329528527036
2 0.49687783663498547 0.8685319077723204 0.02531873545613248 0.04320634449948209
2 0.6264042927135187 0.3961903349844601 0.018048369395056163 0.03041524607105863
2 0.4888725996810409 0.4478169933804622 0.021683552425594322 0.036810795285270356
2 0.5092327681677116 0.4001436267550737 0.014285640606883376 0.022457196856846905
2 0.5845209710329511 0.7651757754311662 0.0266261439408634 0.04015411910658777
4 0.38845801149975173 0.42902414391858146 0.0259884151526907 0.03234161910658777
4 0.4306783649738145 0.7187994274170275 0.024904147274843247 0.05719606989237604