2 0.49044064851421376 0.711233660606321 0.03727875693983016 0.04571248933799978
2 0.5037800601421211 0.8095893446053664 0.03229086829088246 0.04097044533736351
2 0.552728699870803 0.7926012919319122 0.036978368290882455 0.041024989337999786
2 0.5030965445644174 0.9331268419398665 0.04891716378737563 0.05677725867281822
2 0.5515259477113348 0.8348342452657758 0.04256703423772627 0.05514203333863606
2 0.37552465221484155 0.8212455546228657 0.02740310919158375 0.037790901336727245
2 0.7867697262458484 0.455253643897232 0.032491127390180986 0.044095445337363516
2 0.8517240977759333 0.43182468722155065 0.037178627390181164 0.04414998933799978
2 0.893238574178665 0.5306343572167781 0.03082849784053181 0.04251476400381797
2 0.6324932364248812 0.43906666458468563 0.028765350092285046 0.03468408267027243
2 0.5315000377814705 0.5223342452657758 0.03707849784053163 0.04258748933799979
2 0.24585574104835964 0.896246649307774 0.032090609191583755 0.03784544533736352
2 0.5863773049003337 0.5490598299252307 0.03924177513842757 0.051980670671545326
2 0.6655257819213745 0.454318947247004 0.022415220542635693 0.033048857336090795
2 0.6593153547157635 0.4794098539147312 0.02544009099298634 0.0315227200031817
2 0.8955439489479524 0.44460595054905083 0.028765350092285046 0.03468408267027243
2 0.7906840730989309 0.5529371658975502 0.03365310919158375 0.03786362667090888
2 0.8004688857142872 0.5958240998965957 0.028765350092285046 0.03468408267027243
1 0.3299816147379128 0.8303756539624562 0.03601664558877822 0.0503818080044546
1 0.28136244447213227 0.9013063193030014 0.037879534237726276 0.055087489337999784
2 0.8344481577703959 0.34524229722314137 0.029165868290882458 0.04093408267027261
4 0.5623657132890384 0.7111785692632304 0.04971820018457009 0.06927725867281787
4 0.6042831030177205 0.6942723325907307 0.039642293337024806 0.058230670671545325
2 0.6089915869785916 0.6457439259230036 0.04060401603912904 0.04887385200509069
4 0.41630583435769797 0.518201823281366 0.02790375693983016 0.045603401336727065
4 0.3943307048080486 0.5168938619510023 0.02760336829088228 0.04091590133672707
4 0.4088938525562952 0.5245427299490932 0.03289164558877822 0.050345445337363515
4 0.43918332741786764 0.4725893312778663 0.03289164558877822 0.050345445337363515
4 0.443841746603914 0.423279674610139 0.03112888648947969 0.047202264003817974
4 0.423508262643043 0.47198989461332064 0.02720285009228505 0.03466590133672724
4 0.4307688525562952 0.524288191279457 0.03621690468807692 0.05350680800445442
4 0.449298807059802 0.5084359246101389 0.027503238741233105 0.039353401336727246
4 0.4422372786821719 0.5202455812778661 0.027803627390180986 0.04404090133672707
4 0.47115521822628387 0.43468934193986647 0.036317034237726274 0.05506930800445424
4 0.4458710232835011 0.6257506939449571 0.03621690468807692 0.05350680800445442
4 0.37811422192691174 0.544446697286775 0.03944203423772628 0.05510567067154533
4 0.3422849483296436 0.6441563432925019 0.03289164558877831 0.050345445337363515
4 0.3582813857142873 0.6009694172899566 0.03415375693983034 0.04567612667090888
4 0.37399602328350107 0.6265870352880476 0.03455427513842757 0.05192612667090888
4 0.34831490283315036 0.6284495272915473 0.029366127390180984 0.04405908267027261
4 0.9990643642026583 0.4283895098663698 0.0018712715946833213 0.03624658267027261
4 0.9811624714654865 0.36542643320341506 0.029466256939830515 0.04562158267027261
4 0.9665492589424151 0.35699631520532404 0.031329145588778216 0.05032726400381797
4 0.9570555405592476 0.2820508592059604 0.027603368290882457 0.04091590133672707
4 0.9437637985788122 0.30644233187464215 0.02065246144333699 0.029905676002545345
4 0.9149076133536369 0.30755993654523284 0.022415220542635693 0.033048857336090795
4 0.9247832611018835 0.3152633485439602 0.02740310919158375 0.037790901336727065
4 0.9379736759689932 0.35029232920914205 0.03082849784053181 0.04251476400381797
2 0.9547594602067194 0.40482528787400585 0.02846496144333699 0.029996582670272477
4 0.7720099120893325 0.2615309158975502 0.029566386489479513 0.04718408267027261
4 0.3788816733480995 0.22701374928391135 0.032491127390180986 0.044095445337363426
4 0.3885372755998529 0.21908307061586596 0.02740310919158375 0.037790901336727065
4 0.401548415328535 0.20251318861395698 0.029065738741233103 0.03937158267027252
4 0.3574071915466968 0.23351828795354762 0.025239831893687815 0.028397720003181703
1 0.15422853408084275 0.41804947131604625 0.025740479641934398 0.036210220003181706
1 0.16542684993540155 0.3975915206476827 0.02710272054263574 0.03310340133672707
1 0.1798200169619796 0.390387547979001 0.022415220542635738 0.033048857336090795
1 0.25130618830749435 0.29808132196850146 0.025640350092285047 0.034647720003181705
1 0.26207370758582577 0.2831012119669106 0.025740479641934398 0.036210220003181706
2 0.8515262338039875 0.3067337805538234 0.01702681369509058 0.02205681333545444
4 0.2810539589701017 0.7988898439688196 0.05490634793281668 0.07714430267345414
2 0.3849416201365836 0.7241887412874112 0.038440738741233015 0.03948067067154533
2 0.4924945018457013 0.6822819572724573 0.03259125693983034 0.04565794533736352