2 0.3759211777632817 0.669247612843596 0.032746798022528625 0.04547909997176518
2 0.33985227380833893 0.7542904707784561 0.02773151609154336 0.040518584186749605
2 0.39156223927946365 0.7705293917827912 0.032419016091543365 0.04079159997176518
2 0.2717903246808591 0.8491409682182074 0.04288662252816069 0.05696263154179633
2 0.36734884311819094 0.8025760523343699 0.03507412252816078 0.05650760523343692
2 0.21673184806186954 0.6848740708913956 0.02293475544788164 0.038683068401734036
2 0.08876465723226293 0.8688255947100932 0.03409077673520511 0.04244510523343692
2 0.7778225313499074 0.652974225616605 0.02795003737886681 0.04364358418674961
2 0.8469385181083557 0.6733392044993304 0.03263753737886681 0.04391659997176518
2 0.8299309705900303 0.7750536229434168 0.02482503737886681 0.04346157366340577
2 0.6521344804773873 0.5468390757295445 0.02573197351689647 0.03417757892507769
2 0.5193055549830194 0.5499956258566014 0.03409077673520518 0.04244510523343692
2 0.11932088854282952 0.8495974525743663 0.029512537378866853 0.043734589448421346
2 0.06831077355623738 0.6653365736634058 0.027512994804219915 0.03739358418674961
2 0.5526532865456877 0.6040684758283665 0.03318384059717552 0.05172909997176518
2 0.6681090417414677 0.575001873084591 0.019481973516896466 0.0338135578783902
2 0.6539044301090703 0.5944043204678726 0.02238845222957302 0.030870568401734032
2 0.8783031325907448 0.7101790518402596 0.025731973516896288 0.03417757892507787
2 0.727980704498487 0.7302122888272543 0.030637994804219915 0.037575594710093266
2 0.7062203189808759 0.7639579572713406 0.0242787341605581 0.03564907366340595
4 0.9010197307294888 0.634473396550353 0.028714861884498788 0.054581084186749604
2 0.8740694646379457 0.5940003149944392 0.024715776735204996 0.04189907366340577
4 0.44366033482031775 0.7144305812029778 0.04074496832111638 0.0708431210184525
2 0.5190920235562373 0.6915915916557344 0.034527819309851895 0.04869510523343692
4 0.4216385973055649 0.4773933127871263 0.021918558666190434 0.04640456314006229
4 0.40274113183444016 0.4630655022779001 0.023153276735205175 0.04180806840173403
4 0.41081035794922666 0.47831877595542344 0.026933840597175518 0.05136507892507787
4 0.470382099903455 0.46233673116062557 0.025371340597175517 0.05127407366340577
4 0.48769528604148454 0.4540082916698518 0.025262079953513705 0.04971157366340577
4 0.45293787378866845 0.4465374259130711 0.022606973516896466 0.03399556840173403
4 0.513656852501345 0.44696163111827325 0.0288241225281606 0.056143584186749605
4 0.3882794301090703 0.5789334259836583 0.028714861884498965 0.054581084186749604
4 0.37325572762739573 0.47535339967529905 0.033402361884498966 0.05485409997176518
4 0.28839976240837256 0.5303223497600037 0.025371340597175517 0.05127407366340577
4 0.325604831466123 0.5060349813017998 0.02805929802252862 0.04520608418674961
4 0.30258794854640214 0.5218118997458862 0.023371798022528624 0.044933068401734035
4 0.9887636182147361 0.7680209148956172 0.022472763570527833 0.03721157366340577
4 0.9920826832496008 0.7006892017273202 0.01583463350079839 0.046495568401734036
4 0.9875754997094612 0.6854359280497968 0.02484900058107762 0.05127407366340577
4 0.9931044158591125 0.6329479648814997 0.013791168281775157 0.03059755261671846
4 0.9914846086179179 0.5993542148814998 0.017030782764164344 0.0338135578783902
4 0.9791775817182244 0.6172396648956172 0.022934755447881372 0.038683068401734036
4 0.974877847809768 0.655892641218094 0.02482503737886681 0.04346157366340577
2 0.950904752268914 0.7136295465080006 0.03554401609154354 0.040973610495108836
4 0.8702564137654253 0.4949635755177829 0.02202781930985225 0.04796706314006212
4 0.546071242710533 0.2317685415992646 0.02795003737886681 0.04364358418674961
4 0.5584619820668711 0.2309340836926394 0.022934755447881726 0.038683068401734036
4 0.5791733198140552 0.22669390472520937 0.02460651609154336 0.04033657366340586
4 0.5244858198140552 0.22350872056669466 0.022169930942249394 0.027745568401734033
2 0.911656945948512 0.5751816965362355 0.015482888367602499 0.02113154735504672
4 0.14853386909709146 0.6108758577936857 0.045978771539425 0.07892863680346807
2 0.2820183584534297 0.6170943076666289 0.03532549480421991 0.037848610495108834
2 0.3986649090738484 0.6495644443995097 0.026606058666190348 0.046677578925077866
2 0.5737909591900638 0.539163812645952 0.029184755447881728 0.03904708944842135
2 0.719447666615417 0.5414228046122699 0.017263909654926125 0.02434755261671846
4 0.9541493566118444 0.8935522649379696 0.036057468321116205 0.07057010523343692
4 0.9791168696012946 0.8055286201714065 0.03129355866619008 0.04695059471009344
4 0.9965107802154506 0.6351930043440387 0.006978439569098782 0.040518584186749605
4 0.5617176580654422 0.36650756264595197 0.026278276735204997 0.04199007892507769
2 0.45727544854640206 0.5308214206513993 0.02605975544788173 0.038865078925077866
2 0.8084544443590282 0.8796200256024875 0.03296531930985216 0.04860409997176518
2 0.82401946019847 0.846291586111714 0.0242787341605581 0.03564907366340577
2 0.8411851808653751 0.8247273992517761 0.02616901609154354 0.04042757892507787
2 0.5279692688646603 0.8741765785015547 0.029621798022528623 0.04529708944842135
2 0.7164540705703597 0.45410481513561357 0.02238845222957302 0.030870568401734032
2 0.5740151982943006 0.4644823310618035 0.02605975544788173 0.038865078925077866
2 0.5999714109154338 0.42397842840273264 0.017263909654926125 0.02434755261671846
2 0.6277564653942502 0.7990694336644045 0.03107503737886681 0.043825594710093084
4 0.47736979123726464 0.4176157653614926 0.028856973516896468 0.034359589448421345
4 0.4822857922456708 0.710455712744774 0.032167643815484225 0.059450594710093264