2 0.41438392942718727 0.27357633222183436 0.032268292553055564 0.04484127404661713
2 0.4197819038759721 0.17581095481717263 0.027508057370694415 0.04155258293962456
2 0.4710534631465276 0.1865103526402544 0.033758057370694414 0.041770837748947943
2 0.40388675978364574 0.05380946924514292 0.0418978656913195 0.056106156260602245
2 0.4642228881084026 0.1445956711519087 0.0356478656913195 0.055887901451278844
2 0.2861881538759721 0.18047615136646084 0.024310322188333355 0.038318455534962846
2 0.7474282462971871 0.4867632906672041 0.02754442496187508 0.043115082939624474
2 0.8149969527942009 0.5015772696158118 0.03223192496187508 0.04327877404661713
2 0.8439415300165274 0.3983059366761873 0.02598192496187508 0.043060519237293704
2 0.5959196444735759 0.5232786879421317 0.02576371941479181 0.0336855192372937
2 0.48353005366788154 0.45538683821228415 0.03379442496187508 0.043333337748947896
2 0.27254714722645834 0.0001859945577043942 0.029905705547083362 0.0003719891154087884
2 0.1516508061364235 0.12506694346924527 0.028961454597152825 0.03691964664195542
2 0.5350750230826733 0.42080101788653135 0.032450130508958355 0.05265377404661713
2 0.621319687976562 0.505218168704838 0.019513719414791807 0.03346726442797028
2 0.6172322532310413 0.47960060981183056 0.022602351823611144 0.032013891832631994
2 0.8575844962971871 0.4829165496528788 0.02576371941479181 0.0336855192372937
2 0.7387637207459719 0.38948898658352005 0.030560322188333443 0.038536710344286275
2 0.7350399619122566 0.3482464276905126 0.025800087005972118 0.035248019237293704
4 0.8431933815557981 0.5646030592715257 0.029361498100139015 0.054107146641955414
2 0.8035853676880897 0.589404651829797 0.024383057370694416 0.04144345553496294
4 0.49109189979190954 0.2646527108076224 0.04222517401194459 0.07016865626060227
2 0.5451604975314581 0.32287194937487707 0.03550239532659738 0.049637901451278846
4 0.36988512775607596 0.4749677066312712 0.02292966014423623 0.04607639183263199
4 0.3479373925737149 0.47885659846390316 0.022820557370694418 0.04138889183263199
4 0.3614368481207982 0.46901780699409096 0.027726262917777866 0.050927582939624474
4 0.40491343797656204 0.5127752414776615 0.026163762917777868 0.050873019237293704
4 0.416232144473576 0.5295535137101801 0.02612739532659738 0.0493105192372937
4 0.38291115140743015 0.5190078833102935 0.022675087005972296 0.03513889183263199
4 0.4352906157882287 0.5491839674310444 0.029397865691319504 0.055669646641955416
4 0.3857302929343053 0.3643476651614589 0.029361498100138928 0.054107146641955414
4 0.32822495782819405 0.45378467659420424 0.0340853656913195 0.0558333377489479
4 0.27966213089020797 0.3602454969199571 0.026163762917777868 0.050873019237293704
4 0.30135463972392323 0.40086057323615965 0.02917966014423623 0.046294646641955414
4 0.28869163877399273 0.37476186470597195 0.024455792553055567 0.044568455534962845
4 0.9762253935236455 0.4834572082757337 0.024273954597153136 0.036755955534962935
4 0.9528229546940621 0.5498461001083657 0.024492160144236053 0.046130955534962936
4 0.9393234991469785 0.559684891578178 0.026163762917777687 0.050873019237293704
4 0.9453539871791314 0.6359745730665237 0.022820557370694418 0.04138889183263199
4 0.92326143484243 0.6125469967503211 0.01787848423243048 0.03028770072563951
4 0.9061642006099995 0.642807415624795 0.019513719414791807 0.03346726442797028
4 0.9020222144777078 0.6195336067317877 0.024310322188333445 0.038318455534962936
4 0.9154132204616314 0.5808158471131408 0.02598192496187508 0.043060519237293704
2 0.9208469092912148 0.5150544378573136 0.035320557370694415 0.041825401451278846
4 0.757762414990798 0.679994935495061 0.022966027735416717 0.047638891832631994
4 0.3701520057964924 0.7653471699707823 0.02754442496187508 0.043115082939624474
4 0.3801446016361799 0.7720237559056318 0.024310322188333355 0.038318455534962756
4 0.3954059257243744 0.7871031188823232 0.02434668977951393 0.03988095553496276
4 0.34758667477444377 0.7622320936545798 0.022493249050069507 0.02732639183263199
2 0.8277307292953466 0.6252503825925033 0.01609777868534721 0.020858137023308566
4 0.19638011825677065 0.2156175323993196 0.04709451196784729 0.07814484736759483
2 0.3120583632227775 0.27636900472450543 0.035247822188333354 0.03870040145127884
2 0.4246304451947567 0.3028818863055184 0.02761716014423623 0.04624008293962456
2 0.5256077976839579 0.49216758639818564 0.028997822188333446 0.038482146641955414
2 0.6496615871028814 0.5619939583605517 0.017769381458888844 0.02560020072563951
4 0.986366072569583 0.34961792161524485 0.010975174011944588 0.06907738221398514
4 0.9779522008943399 0.44280492642456826 0.02292966014423605 0.04607639183263199
4 0.9665763301690273 0.562636276787388 0.02772626291777769 0.050927582939624474
4 0.9341080158644786 0.6160713008340051 0.029070557370694416 0.04160714664195542
4 0.9253674890789924 0.689754337494494 0.027508057370694415 0.04155258293962447
4 0.9198448409026035 0.6587225923038174 0.02427395459715278 0.036755955534962935
4 0.44079377374826334 0.6481298989193901 0.025945557370694417 0.0414980192372937
2 0.42371929578409684 0.4426437907520221 0.02590918977951393 0.0399355192372937
2 0.8706514600123956 0.290428949290059 0.033903527735416716 0.0480208377489479
2 0.8697422702328815 0.329491449290059 0.025800087005972472 0.035248019237293704
2 0.8745564035916317 0.357425476331901 0.027471689779513753 0.03999008293962447
2 0.6309921608098262 0.1567261050025071 0.03074216014423605 0.046349210344286275
2 0.6095437737482634 0.6422370190676576 0.022602351823611144 0.032013891832631994
2 0.49353887367201343 0.5619815785936373 0.02590918977951393 0.0399355192372937
2 0.49860692695864534 0.6125445737843138 0.016170513867708357 0.023983137023308565
2 0.6836424224933331 0.2758828435697617 0.03223192496187508 0.04327877404661713
4 0.39135877783232587 0.5585242510963083 0.028925087005972294 0.03535714664195542
4 0.5217782021286108 0.2877801867610053 0.03259560087368065 0.05890377404661713