2 0.3359598696849314 0.37554439111185867 0.03277778366526398 0.04538774310259504
2 0.2853298979078998 0.2878905828804012 0.02798115626060227 0.042017081637205765
2 0.33478426088459123 0.27488597184455327 0.032668656260602266 0.042262743102595035
2 0.202341293916883 0.18918308796878386 0.04253472958157998 0.056816566033373525
2 0.3055407049868087 0.2413807530522177 0.03628472958157998 0.056489017412854545
2 0.17288695081045743 0.35062187697836444 0.024747028855940555 0.03872830732694625
2 0.018038215786581865 0.159248847241038 0.026473219962933107 0.04349769448207601
2 0.7428919159640671 0.4163663014455941 0.028035719962933213 0.04357958163720586
2 0.808588837833766 0.39953400553860857 0.032723219962932946 0.04382524310259513
2 0.7753546971822602 0.2964156495911433 0.024910719962933214 0.043415807326946346
2 0.6324851840202343 0.5150760391211222 0.0261458377489479 0.034122694482076096
2 0.4979737747644073 0.5041274937799636 0.03428571996293321 0.04390713025772488
2 0.04840776206571756 0.1803359531885033 0.029598219962933103 0.043661468792335525
2 0.026666715238427695 0.3616744843961678 0.027817465153609687 0.03732958163720577
2 0.5234350770339928 0.4516542689947343 0.03305060217691817 0.05320024310259512
2 0.644784287378279 0.48764707993972517 0.019895837748947896 0.033795145861557074
2 0.6261334910991433 0.46717412765573296 0.02140377404661713 0.03231453301668683
2 0.8346503408289909 0.3642482807533792 0.0261458377489479 0.03412269448207601
2 0.6800074808475243 0.3350886459730987 0.030942465153609787 0.03749335594746528
2 0.653053111247411 0.30014375791345776 0.024637901451278844 0.035603307326946255
4 0.8685466803920374 0.4416672738559743 0.029980165879248944 0.05459896879233561
2 0.8488715866526395 0.48118679726172264 0.024856156260602093 0.041853307326946344
4 0.39693208601966745 0.33506987731704874 0.04146330290255769 0.07079717887824381
2 0.47662950970346485 0.36186142865110116 0.0360119110699257 0.048676517412854545
4 0.4114212050716267 0.5713349259375677 0.02189484736759475 0.04637703301668665
4 0.3947247783926044 0.5844966672311405 0.02329365626060227 0.041771420171816585
4 0.4012376732204612 0.5700214094292243 0.02830853847458741 0.05139208163720586
4 0.4627480920949353 0.5896212584792847 0.026746038474587407 0.0513101944820761
4 0.481798192457755 0.5991976543408416 0.02512897477225664 0.049665807326946164
4 0.44766872911824385 0.6044273869279871 0.023075401451278843 0.03552142017181659
4 0.5093874791182438 0.6076619295556123 0.030034729581580065 0.05616146879233561
4 0.3625893462712865 0.468178948438805 0.02998016587924912 0.05459896879233561
4 0.3638468006251229 0.5711811177061102 0.03315972958157989 0.056325243102595124
4 0.26894103919237755 0.51084008197589 0.026746038474587407 0.0513101944820761
4 0.3104117765785058 0.5371878980092635 0.028090283665263983 0.04514208163720568
4 0.28483885770403183 0.5194714535271876 0.02496528366526398 0.04497830732694617
4 0.9365650156939147 0.3126625265695077 0.02469246515360979 0.03716580732694634
4 0.9537550048941414 0.3806279545432404 0.02501984736759475 0.04654080732694625
4 0.9480506419174499 0.39592540592272135 0.02518353847458741 0.051228307326946255
4 0.9927033990890262 0.45931952057661396 0.014593201821947588 0.041771420171816585
4 0.9639137440943681 0.4482248903188891 0.016661710344286006 0.03050637155129756
4 0.9666493636944816 0.48190052747401885 0.019895837748947896 0.033795145861557074
4 0.9504241629688422 0.4638941559227213 0.024747028855940555 0.03872830732694617
4 0.940466320410571 0.42438127656950775 0.02491071996293286 0.043415807326946346
2 0.9071974634243292 0.3649310334669127 0.03579365626060209 0.042426517412854546
4 0.8601488817506489 0.5808149830373713 0.023511911069925874 0.048021420171816584
4 0.5754837381887364 0.825576447872978 0.028035719962933213 0.043579581637205676
4 0.5880110200399019 0.827012795114016 0.024747028855940555 0.03872830732694652
4 0.6100497111468945 0.8328467152858327 0.024801592558271322 0.04029080732694652
4 0.5546628067003908 0.8322834712787264 0.02280258293962447 0.027708920171816587
2 0.8893428192294444 0.5012436697175313 0.0147718281303014 0.021049484396167807
4 0.11607644482000765 0.4209476650834339 0.04642362141421193 0.07885534034363299
2 0.24950650371301508 0.4232615168470277 0.035684528855940555 0.039301517412854634
2 0.3608879478152326 0.39712614201636975 0.02814484736759475 0.04670458163720585
2 0.5546057206807233 0.5180129313646347 0.029434528855940556 0.03897396879233561
2 0.7006721888295578 0.5248881303692665 0.018005955534962936 0.02433825870642714
4 0.8821726376562807 0.18426088760535567 0.036775802902557685 0.07055151741285455
4 0.9204117368379741 0.2743845985957751 0.03126984736759475 0.04686835594746528
4 0.9734499460011341 0.3863390439823623 0.026746038474587407 0.0513101944820761
4 0.9755779303920373 0.4472765439823623 0.027981156260602092 0.042017081637205855
4 0.997564513879816 0.5143755127746978 0.004870972240367877 0.04168953301668665
4 0.9880159322061359 0.4908185040682705 0.023129965153609787 0.03708392017181659
4 0.5700372916394483 0.6919417542954132 0.026418656260602268 0.041935194482076096
2 0.4392535391923776 0.519765781885033 0.026309528855940557 0.0388101944820761
2 0.737323929126093 0.18992663217828873 0.034449411069925696 0.04859463025772479
2 0.7588095487262064 0.22458491519497553 0.024637901451278844 0.035603307326946255
2 0.779077408707673 0.24670225463409742 0.026364092558271324 0.04037269448207601
2 0.4561830565307547 0.1783119442549334 0.02970734736759475 0.04678646879233552
2 0.7123215061600858 0.61283850972248 0.02140377404661713 0.03231453301668665
2 0.5673810283926044 0.593545197872978 0.026309528855940557 0.0388101944820761
2 0.5992684346532066 0.6357669973980082 0.016443455534962938 0.024256371551297562
2 0.5682043960938012 0.25982529511401603 0.031160719962933216 0.04374335594746528
4 0.47683043946253 0.6355888557203226 0.029325401451278665 0.03584896879233561
4 0.43613099527549454 0.3410233061952925 0.0332688569862416 0.059450243102595036