2 0.3653358945690832 0.6226430186709816 0.03651132697140156 0.04588524431795697
2 0.31890704684489635 0.7056015689952932 0.03144118969849785 0.0411159237011061
2 0.368938868815328 0.7242873392878326 0.03769118969849785 0.041225017856907444
2 0.2402396550300648 0.7961641136375619 0.04834164727484325 0.057013659090609535
2 0.3408934882103842 0.7545066732973643 0.04196410151720879 0.0553420649348082
2 0.20250105472080407 0.6309618534912922 0.028061098183228862 0.03793637662320535
2 0.7723511691148903 0.6249268985438933 0.03169628121376711 0.044240923701106105
2 0.839235651237043 0.6487950466774541 0.036383781213767105 0.04432274431795715
2 0.8106160568468359 0.7486547248427872 0.03000623545613266 0.042651150162155815
2 0.6569178745652039 0.5142814991925164 0.029368506667959694 0.034838650162155815
2 0.522096464413483 0.5111582735422455 0.03781873545613248 0.042787517856907445
2 0.08556813048425763 0.7894755572241705 0.034693735456132434 0.04273297077900686
2 0.0586714353257479 0.6037426087662979 0.021683552425594315 0.03626478246740419
2 0.550061838809509 0.5662179204579905 0.038584010001939714 0.05216251785690744
2 0.6702149710814428 0.542996834419864 0.022990960910325244 0.0331670560063543
2 0.6529317472942399 0.5612928668872681 0.02442591515269079 0.03163182954530477
2 0.867360522299089 0.6866399200542487 0.029368506667960047 0.034838650162155815
2 0.7135020697237137 0.6994962504103324 0.03431109818322895 0.038045470779006864
2 0.6879917577552215 0.7320184241114385 0.027806006667959692 0.034811376623205346
4 0.8980846216902659 0.6125614918889157 0.035586555759574166 0.053670470779006864
2 0.8759546591129507 0.5714825243563197 0.028316189698497852 0.041061376623205345
4 0.42788356305575376 0.6700577609603439 0.049362013335919566 0.06951365909060954
2 0.5070130826005912 0.6522469237044014 0.03989141848667046 0.04906479139585791
4 0.43218919941057354 0.43527365787608885 0.02713632697140156 0.04572160308425506
4 0.41450749183422814 0.4199350300350674 0.028316189698497852 0.041061376623205345
4 0.42118792653175624 0.4346833226487412 0.03220646424430509 0.050490923701106104
4 0.4835125833494972 0.42185999432125243 0.03220646424430509 0.050490923701106104
4 0.5016886274401419 0.41450146185384834 0.03038887272903601 0.04733865016215581
4 0.4665483528943346 0.40572647971075587 0.026243506667959694 0.03478410308425506
4 0.5285859672884209 0.40855542492221736 0.03571410151720862 0.055232970779006865
4 0.38781705926273197 0.5338435714309252 0.035586555759574166 0.053670470779006864
4 0.38402276638003535 0.4298555008140742 0.03883910151720871 0.05528751785690744
4 0.2919467077455232 0.48075157345952013 0.03220646424430509 0.050490923701106104
4 0.332412340017457 0.4589214379078609 0.03338632697140156 0.045830697240056395
4 0.30699775183616784 0.4734475880700167 0.02857128121376702 0.04418637662320535
4 0.9725898983621051 0.7489569135614269 0.027933552425594144 0.03637387662320535
4 0.9862074065278769 0.6829909943245477 0.02758518694424623 0.04574887662320535
4 0.9800200189651094 0.6674614517108739 0.030643964244305266 0.050463650162155815
4 0.9915965371328207 0.615585306012945 0.016806925734358557 0.03001478246740419
4 0.9917560337988409 0.5827046221655692 0.016487932402318252 0.03316705600635448
4 0.979159278508007 0.599410881094023 0.02806109818322895 0.03793637662320535
4 0.970565399570053 0.6378966826361504 0.03000623545613266 0.042651150162155815
2 0.939937023966079 0.6939790872625331 0.03938123545613266 0.04281479139585791
4 0.8827630263819749 0.4727859257362915 0.028826372729036365 0.04731137662320535
4 0.5856498128865759 0.19710368182207624 0.03169628121376711 0.044240923701106105
4 0.5981498128865759 0.19688549351047352 0.02806109818322895 0.03793637662320544
4 0.6189884713713069 0.19339230073464395 0.0281886439408634 0.039498876623205434
4 0.5637907883407687 0.18809687459790586 0.025733323637421535 0.0285341030842551
2 0.9160854515366055 0.5551347755741358 0.017283094849248927 0.02058523538950343
4 0.14150003971789457 0.5545726773545541 0.05468724212409226 0.07740797970746058
2 0.2762417015366054 0.5663032897743 0.03899859818322886 0.03812729139585773
2 0.3896503683562861 0.604224255278301 0.031823826971401556 0.04580342370110611
2 0.5785537585041276 0.5031315393705582 0.03274859818322895 0.038018197240056395
2 0.7256041016863867 0.5123002134787015 0.020790732122152634 0.025327282467404188
4 0.9231634674575989 0.8718683080415399 0.04467451333591939 0.06943183847375849
4 0.9583997236665166 0.7859756724898807 0.03651132697140156 0.04588524431795733
4 0.9949685764520165 0.6795250750876685 0.010062847095966988 0.050490923701106104
4 0.9942352528145948 0.6185193912402926 0.011529494370810411 0.0411431972400564
4 0.5856174751643287 0.3308883465947286 0.02987868969849785 0.041088650162155814
2 0.46243455092778224 0.48951114448340827 0.029751143940863402 0.03952615016215581
2 0.777564053971898 0.8517212236249712 0.03832891848667046 0.049037517856907444
2 0.7976056159403901 0.8192945073101912 0.027806006667959692 0.034811376623205346
2 0.817041271091141 0.7986138145343616 0.03144118969849785 0.04111592370110593
2 0.49518211760737996 0.8331793238665572 0.03494882697140156 0.045857970779006864
2 0.7325878121376699 0.42533600162814833 0.02442591515269079 0.03163182954530477
2 0.5873390850164871 0.42865369075052995 0.029751143940863402 0.03952615016215581
2 0.6178717368332582 0.3905673096630977 0.019100686364518005 0.02373750892845372
2 0.6044776271502778 0.7632059687537072 0.03638378121376693 0.04432274431795715
4 0.4947850521357303 0.3778508957012242 0.03249350666795969 0.03489319724005648
4 0.46766354017693657 0.6685810357171103 0.039094193032477874 0.058412517856907445