2 0.40439240868027715 0.6717943284409046 0.027298885551659113 0.04404493094224939
2 0.39592711809519826 0.7693795226247058 0.02255683847375849 0.04059214901126431
2 0.44817541070887207 0.7602505410620377 0.028779564934808023 0.03946669158591121
2 0.36206240705542403 0.8906425174289258 0.03686480032431154 0.055637994804219916
2 0.43560327272158084 0.8018042565331625 0.02905230032431163 0.05509169158591121
2 0.26278733562779416 0.7599166773359534 0.0194045649348082 0.038811127723940686
2 0.19858233400294106 0.9802945153352388 0.02837046185055305 0.016029191585911207
2 0.7677167487788887 0.4696102075022276 0.02261138555165907 0.04371714901126431
2 0.8371252678536122 0.4577168588592805 0.027271612012708956 0.04248243094224939
2 0.851452594963285 0.5615302737099865 0.019486385551659068 0.04349862772394068
2 0.6214905852240523 0.427427697362769 0.022420470779006864 0.03277964901126431
2 0.5005974326262645 0.4922000275683843 0.02880683847375849 0.04102919158591121
2 0.22171982507448731 0.9614681056803128 0.025709112012708868 0.04237317029858758
2 0.12130894764050297 0.8104843959091712 0.024037517856907487 0.036013909654926124
2 0.546591771100023 0.528093968902194 0.027435253246410874 0.05185743094224939
2 0.6445150279998819 0.44693716802967387 0.014635244317956975 0.0337958457929556
2 0.6363440178536122 0.4717568515698134 0.017705697240056394 0.03088936708027905
2 0.8765832341683921 0.47764159276773704 0.022420470779006864 0.03277964901126431
2 0.7451616846548594 0.5666162474789844 0.02716251785690744 0.03623243094224939
2 0.7349332966675683 0.6080060719846166 0.02088524431795715 0.0342328883676025
4 0.8751513733734992 0.39561034276773704 0.02280230032431163 0.05465464901126431
2 0.8387093129029178 0.369217087571957 0.019459112012708602 0.04193612772394086
4 0.47967878083925564 0.6829560675451412 0.03398526217486477 0.06948197351689647
2 0.5428412540538945 0.6269138811550101 0.030478432629559828 0.04738845222957302
4 0.3898957118472578 0.4686529029465367 0.016415932629559826 0.04640510643661742
4 0.3679116176914564 0.4639325519578009 0.01786933847375849 0.04026436708027905
4 0.37982128246410884 0.474050597130338 0.021157979707460584 0.0498578883676025
4 0.4299206939903503 0.43143712621133157 0.019622753246410874 0.051311127723940864
4 0.44372409537032204 0.41561003041837596 0.019568206168510117 0.04818612772394086
4 0.40869057629559863 0.42509964490076496 0.019322744317957153 0.03412362772394086
4 0.46529908644186835 0.39689288140711165 0.02280230032431163 0.05465464901126431
4 0.3887071331127319 0.5798089242338602 0.02280230032431163 0.05465464901126431
4 0.34486958400623635 0.488227711612727 0.02748980032431154 0.054982430942249395
4 0.2831156521874554 0.5801527676810272 0.019622753246410874 0.05131112772394068
4 0.3097912004831721 0.5399594564169469 0.024201159090609537 0.045388909654926125
4 0.29382132710637754 0.5661066931753951 0.019486385551659248 0.04349862772394068
4 0.9884476290522468 0.8366727493205699 0.022993215096963837 0.06559214901126431
4 0.99180022097923 0.807384087067754 0.01639955804153992 0.051311127723940954
4 0.9929245700062953 0.48105653384944524 0.014150859987409347 0.037248627723940685
4 0.98185138676618 0.4139618689987391 0.01797843262955965 0.04651436708027905
4 0.9699280852240524 0.4030625738262021 0.019622753246410697 0.051311127723940864
4 0.9866013421239112 0.32758732642409216 0.01786933847375849 0.04026436708027905
4 0.9611882848997407 0.3504838770445108 0.013018197240056395 0.030561585149293878
4 0.9489240641207338 0.32005333187197377 0.01463524431795733 0.0337958457929556
4 0.9414933936660386 0.3424746350902825 0.019404564934808376 0.038811127723940866
4 0.9492201189092725 0.38182671219380465 0.019486385551659425 0.04349862772394077
2 0.9448968575451866 0.44783412444662074 0.03036933847375849 0.04113845222957302
4 0.8058092637964224 0.27687105044519167 0.018005706168510115 0.04807686708027914
4 0.43175238068039523 0.1778750836366846 0.022611385551659247 0.04371714901126431
4 0.442594423294069 0.17164150913105247 0.0194045649348082 0.03881112772394082
4 0.46034498498246634 0.1578850117289425 0.01943183847375849 0.04037362772394082
4 0.4091097674498704 0.18024061296977975 0.01918637662320539 0.02631112772394082
2 0.8678240685849609 0.334328635342384 0.0128545560063543 0.02118658514929388
4 0.17841628976770946 0.7212308717718561 0.03724662986961631 0.07751299480421991
2 0.30259808359919926 0.6656150202789173 0.03185001785690744 0.03656021287323483
2 0.41874523497917104 0.642631352326118 0.022665932629560005 0.04684214901126431
2 0.5476945750777826 0.4568363279367015 0.02406479139585791 0.037576409654926125
2 0.6810877276755705 0.39118991258179225 0.014471603084255236 0.024420845792955604
4 0.992405282871146 0.6161581535276144 0.015189434257708 0.0690449309422494
4 0.9916757157042243 0.5208456535276144 0.01664856859155144 0.045607430942249394
4 0.993346422685161 0.4019317625621218 0.013307154629677954 0.05142038836760254
4 0.9728661245913152 0.34732067221704777 0.024119338473758488 0.04070140965492595
4 0.9754768814911742 0.2728287706078934 0.02255683847375849 0.04059214901126431
4 0.9650712155007056 0.30406234511352553 0.019377291395857553 0.037248627723940865
4 0.48548312702694724 0.2984882323958473 0.02102161201270878 0.0420453883676025
2 0.4382065267820659 0.5028204533148537 0.02252956493480802 0.03902964901126431
2 0.8619691294592841 0.671085590169847 0.02891593262955965 0.04727919158591121
2 0.8675372909855256 0.6315860475952 0.02088524431795733 0.0342328883676025
2 0.8764350040538945 0.6035867337332297 0.02255683847375849 0.04059214901126431
2 0.603667480107907 0.7955274873395258 0.025763659090609535 0.045498170298587756
2 0.6530660933417272 0.3094535935240417 0.017705697240056394 0.03088936708027905
2 0.5253326055165918 0.38565509662613484 0.02252956493480802 0.03902964901126431
2 0.5377547390396561 0.3355076311550101 0.014444329545304769 0.022858345792955603
2 0.6735787853034825 0.6780014977310861 0.027271612012708956 0.04248243094224939
4 0.4228661245913153 0.3857804187859785 0.02557274431795715 0.03456067029858776
4 0.5137128616023764 0.6610210833845831 0.02600912094116268 0.05956067029858776