2 0.43793053220072886 0.2654804895826956 0.035429660144236055 0.046713173916276676
2 0.44725294044510394 0.16675648809982085 0.030633057370694418 0.04183467292769345
2 0.49687108073770825 0.18112539422160032 0.035320557370694415 0.04202567391627658
2 0.44153223014836807 0.04366915657889001 0.04662173328249999 0.058096342889637366
2 0.49394675569958324 0.1390970617120863 0.0403353656913195 0.056279174904859806
2 0.31858307978777767 0.16185276528585818 0.025872822188333356 0.038518671939110224
2 0.744557166225069 0.5050908403438173 0.030705792553055566 0.04495967292769336
2 0.8104360861529509 0.5250412430055557 0.03539329255305575 0.045150673916276675
2 0.8479016781929163 0.42438998559118185 0.02910692496187508 0.043333505931499164
2 0.5910139389264926 0.5292989559708676 0.027362587005972293 0.0354573389353046
2 0.48667323746347185 0.4515970617120863 0.03535692496187508 0.043588173916276673
2 0.18591735657326383 0.09389062695857582 0.030560322188333357 0.03870967292769345
2 0.5404346703091315 0.422088633841477 0.03713763050895835 0.05302684091247105
2 0.623408864838298 0.5123687825488827 0.02107621941479181 0.03364017095052709
2 0.6161782462971871 0.48768711752985466 0.024164851823611146 0.03220500494291585
2 0.8537139606779857 0.51000915061021 0.027362587005972116 0.0354573389353046
2 0.7444863906738538 0.40753009083810887 0.03212282218833344 0.038773339923887915
2 0.743923999431319 0.3646250078343033 0.027362587005972116 0.0354573389353046
1 0.2523229533628818 0.124746696122217 0.03397626291777787 0.051337006920082216
2 0.79669893484243 0.6122374954770136 0.027508057370694415 0.04170733893530461
4 0.5098237159963193 0.2617705577577536 0.046912674011944586 0.07059634288963731
4 0.5524106062889234 0.2764259653624078 0.037283100873680655 0.059276840912471054
2 0.5590957109623261 0.32454513038143584 0.0386273953265972 0.04996550790866543
4 0.3717022008943399 0.4617453359323741 0.02605466014423614 0.046331171939110224
4 0.3497908333031593 0.46419917387909554 0.025945557370694504 0.04164367193911023
4 0.3640351712590621 0.45581367091334607 0.030851262917777865 0.051209672927693364
4 0.39642879075010373 0.5060073304951667 0.030851262917777778 0.051209672927693364
4 0.40309571162791624 0.5549077455141946 0.029216027735416716 0.04802100593149916
4 0.3807856069545134 0.5074252504571105 0.025800087005972295 0.03539367193911023
4 0.38591017125906213 0.4549223329666246 0.03404899810013902 0.054462006920082115
4 0.40507774534725655 0.4697514955141947 0.02590918977951393 0.040081171939110226
4 0.3975380022811107 0.45835108049516665 0.026018292553055565 0.044768671939110403
4 0.4299309685617704 0.54210665657889 0.0340853656913195 0.056024506920082116
4 0.3968678146857983 0.35300966448755544 0.03404899810013893 0.054462006920082205
4 0.33245851614881905 0.43758759433533106 0.037210365691319504 0.05615184091247105
4 0.29258035818878436 0.3400878532325796 0.030851262917777865 0.05120967292769345
4 0.3103302494313191 0.38229259927824694 0.03230466014423614 0.046585839923887915
4 0.3249928146857983 0.35593834631249743 0.032450130508958355 0.05283583992388783
4 0.2992479322769789 0.3554263517497048 0.027580792553055566 0.044832338935304604
4 0.9713372185617704 0.5200460423975334 0.027398954597152782 0.037019838935304604
4 0.9425205811189578 0.5844414648309352 0.027617160144236052 0.046394838935304605
4 0.9282580593674649 0.5936082177966847 0.02928876291777769 0.05114600593149898
4 0.921824914990798 0.6687992187852678 0.025945557370694417 0.04164367193911041
4 0.9075448626540966 0.6451853052491147 0.01944098423243048 0.030451503954332715
4 0.8786567964496867 0.6455818946787109 0.02107621941479181 0.03364017095052709
4 0.8882136344055898 0.6373873927015445 0.025872822188333443 0.038518671939110224
4 0.8999694052071522 0.6017854737281837 0.02910692496187508 0.043333505931499164
2 0.9145235208984717 0.5465568042605314 0.02725348423243048 0.030769838935304605
4 0.73770383491868 0.6989363408381088 0.027653527735416718 0.04795733893530461
4 0.346169645139166 0.7539155898867067 0.030705792553055566 0.04495967292769336
4 0.35614405718326325 0.7613142544114433 0.025872822188333356 0.038518671939110224
4 0.3698246974758674 0.7771475014456938 0.02747168977951393 0.04014483893530461
4 0.32444011550388824 0.7485569278334283 0.024092116641249994 0.02908000494291585
2 0.8153391788585065 0.6497229080245838 0.016134146276527872 0.02251166996194396
4 0.22506881592006928 0.18907845155942443 0.051782011967847284 0.0785998438782205
2 0.3319532891345831 0.2580910953239142 0.03684668977951393 0.04052684091247105
2 0.44116398176388855 0.2942275720922097 0.03074216014423605 0.04652217292769336
1 0.20432317087781246 0.040846540000437526 0.032450130508958355 0.05283583992388783
2 0.5247538125015968 0.4921928868072266 0.03059668977951393 0.04027217292769336
2 0.6415217787822565 0.5725104450964528 0.019331881458888846 0.025764003954332714