2 0.42859893528664905 0.6998686022617362 0.024953378424238615 0.04138889183263199
2 0.41082128466659346 0.7943080830244427 0.021591580083912553 0.03815476442797028
2 0.4639462846665935 0.7961632489036916 0.027723180913749524 0.036810519237293705
2 0.37180817408849426 0.9067063901033514 0.035038773445216796 0.05109127404661677
2 0.44893751392066916 0.8345982663268868 0.02734467261537965 0.052380955534962935
2 0.28333490209317 0.7571304868379741 0.018348180913749523 0.03648313702330856
2 0.2047758846712379 0.9748958509957919 0.027841580083912555 0.03837301923729371
2 0.7963640078973844 0.5763542682258034 0.02026587842423879 0.04122520072563951
2 0.8658952578973846 0.5787823529795265 0.026397479254075762 0.03988095553496294
2 0.8754497018833884 0.6843056666818572 0.018703378424238793 0.041170637023308386
2 0.6522103435803744 0.5043105987183572 0.020999584233097578 0.030342264427970278
2 0.5281225707598576 0.5428324069783924 0.027841580083912555 0.03837301923729371
2 0.22764469960830347 0.9476438702330856 0.023272479254075586 0.039771828130301404
2 0.1345072384008599 0.7776463395630465 0.022798882573423506 0.033521828130301044
2 0.5728439975244222 0.5880283450901601 0.025545374275053767 0.049201391832631815
2 0.6791639298880643 0.5309648679556508 0.013423882573423463 0.03319444591631608
2 0.6650781191001837 0.5507317309323423 0.017756185062934547 0.028670637023308566
2 0.9054080437901557 0.6066543818354669 0.020999584233097578 0.030342264427970278
2 0.7689153593519213 0.6665601167745245 0.025923882573423464 0.03363095553496294
2 0.7651400865314045 0.7092833301140357 0.01955548340326043 0.031850200725639335
1 0.2679098890209154 0.6872445727728236 0.027936668466194893 0.060193455534962935
1 0.22223145873186576 0.7425297842982361 0.022775571785542858 0.05377976442797028
2 0.8773520535384183 0.4934723355563313 0.018584979254075762 0.039608137023308565
4 0.49840287242417586 0.7264608733131285 0.029972765146846925 0.0664980192372937
4 0.5443782232540129 0.7265080025318887 0.023012370125868743 0.05690476442797028
2 0.5637784960745298 0.6843304262156862 0.028315176764564676 0.044623019237293705
4 0.4186165935803744 0.4961533252198942 0.014371075934727705 0.045694445916316086
4 0.3976528981444778 0.4868502470895931 0.017022479254075584 0.03955357332097762
4 0.40875634150578194 0.4997049111547437 0.01929537427505377 0.048983137023308566
4 0.45507431183678787 0.46314241777816567 0.0178512734452168 0.05049107332097762
4 0.4751966350722232 0.42021087331312845 0.017614475104890736 0.04736607332097766
4 0.4398161647412174 0.4571553126060225 0.01799298340326061 0.031795637023308565
4 0.4311641377715156 0.5075000529873757 0.022657172615379827 0.05221726442797028
4 0.4532283919207004 0.500478726671173 0.016904080083912552 0.03799107332097762
4 0.4428828877715156 0.5079092807548571 0.014252676764564676 0.044131945916316084
4 0.5027538726246685 0.4445486744015875 0.02121307178554286 0.05372520072563951
4 0.41698508383211214 0.6082986611547436 0.02109467261537983 0.05216270072563951
4 0.36011885457803655 0.5673537134243292 0.02578217261537983 0.05232639183263199
4 0.30685214461999283 0.5841939838427492 0.0178512734452168 0.05049107332097762
4 0.33621941329132476 0.5501562897405318 0.021946777594401647 0.042842264427970275
4 0.33431429379015587 0.5867113486335392 0.019413773445216796 0.05054563702330857
4 0.3184049512586886 0.5721304934613961 0.017259277594401646 0.04267857332097762
4 0.9911243833099806 0.9710243670061927 0.017751233380038655 0.057951265987614776
4 0.9984928864218695 0.9561211576961826 0.003014227156261029 0.05049107332097762
4 0.9960508188857577 0.5523339587846416 0.007898362228484501 0.05049107332097762
4 0.9944228302960163 0.4983731450823109 0.011154339407967484 0.028506945916316084
4 0.9666038076876031 0.4887972484403555 0.01342388257342364 0.03319444591631608
4 0.9744046522936627 0.4991990351008443 0.0183481809137497 0.03648313702330839
4 0.9756245327924937 0.5358632213985135 0.018703378424238793 0.041170637023308566
2 0.9744181529183626 0.5919222484403555 0.02220688672260849 0.025709328130301044
4 0.8433304058181477 0.39410725261670676 0.016051975104890915 0.04731150961864685
4 0.47470769253611156 0.2183854784852716 0.02026587842423879 0.04122520072563942
4 0.48528999502562253 0.21407992440158757 0.018348180913749523 0.03648313702330856
4 0.5039924508344813 0.2038244706807233 0.018466580083912554 0.038045637023308564
4 0.45193304336594853 0.21603180480147421 0.01896348755244546 0.024037700725639422
1 0.19712898942654516 0.3084276028098904 0.016667281743586494 0.03486607332097771
1 0.21397294730999641 0.29421133538669525 0.01931868506293446 0.028725200725639423
1 0.23074605021442585 0.28934278611233466 0.013305483403260432 0.031631945916316
1 0.32870903091839393 0.23510420861500575 0.01643048340326052 0.03174107332097771
1 0.3428423858974158 0.2262475637871489 0.015104781743586492 0.03481150961864685