2 0.3609375 0.658189065758547 0.0234375 0.04171661910658777
2 0.328125 0.7526860825077699 0.01875 0.03837329528527036
2 0.38046875 0.7549356331697238 0.025 0.03710189371369381
2 0.26953125 0.8647901302742398 0.03125 0.05145549214211727
2 0.359375 0.7934180903656528 0.025 0.052726893713693636
2 0.20546875 0.7154301391655797 0.015625 0.03666524607105863
2 0.09140625 0.9316801854843074 0.025 0.03866439371369381
2 0.75 0.5369431885891884 0.01875 0.04149829528527036
2 0.81875 0.5399911058765307 0.0234375 0.04015411910658777
2 0.8109375 0.64504247891206 0.015625 0.041352746071058634
2 0.6171875 0.4642227801931863 0.01875 0.03212329528527036
2 0.4859375 0.5015858471900783 0.025 0.03866439371369381
2 0.11953125 0.9045889925564019 0.021875 0.040081344499482086
2 0.053125 0.7342444133584008 0.021875 0.03383134449948209
2 0.5234375 0.5474955066195377 0.021875 0.04945634449948209
2 0.63984375 0.4905112983901514 0.0125 0.03339469685684691
2 0.62265625 0.5108430690683159 0.015625 0.028852746071058633
2 0.853125 0.5680775645202019 0.01875 0.03212329528527036
2 0.7078125 0.6271893529810466 0.0234375 0.03390411910658777
2 0.696875 0.6698862752307877 0.01875 0.03368579528527036
1 0.17421875 0.6692293813076968 0.0203125 0.04938356989237604
1 0.1234375 0.7364383060386374 0.01875 0.05399829528527036
2 0.84375 0.45445171216283703 0.015625 0.03979024607105863
4 0.4265625 0.6848200322601009 0.0265625 0.0668621683207995
4 0.47265625 0.6857981813504781 0.01875 0.05712329528527036
2 0.49921875 0.6431547630296786 0.025 0.04491439371369381
4 0.384375 0.4547536966519591 0.0109375 0.04582192224974104
4 0.3640625 0.44554351654433527 0.0140625 0.03971747146395259
4 0.3734375 0.4583881189017001 0.0171875 0.04923802067816432
4 0.42578125 0.4223564195636539 0.015625 0.050727746071058635
4 0.453125 0.37967661393930136 0.015625 0.04760274607105863
4 0.41171875 0.41598014102760655 0.015625 0.03197774607105863
4 0.39453125 0.465999411705771 0.01875 0.052435795285270356
4 0.41796875 0.4586577925991831 0.0140625 0.038154971463952594
4 0.40625 0.4670161021524771 0.0125 0.0443321968568469
4 0.4765625 0.4035849948327135 0.0171875 0.053925520678164494
4 0.3640625 0.5666372665443353 0.0171875 0.05236302067816432
4 0.3140625 0.5259973039717227 0.021875 0.05258134449948208
4 0.2578125 0.5418984398275335 0.015625 0.050727746071058635
4 0.2921875 0.5082661484712047 0.01875 0.04306079528527036
4 0.28515625 0.5453123842031811 0.0171875 0.0508005206781645
4 0.27109375 0.5303423556671337 0.0140625 0.04284247146395259
4 0.8796875 0.9309028961994024 0.015625 0.05697774607105828
4 0.89765625 0.9175659882176849 0.015625 0.050727746071058274
4 0.9671875 0.5971400182014742 0.0171875 0.03517552067816432
4 0.96796875 0.5275723808979214 0.0140625 0.04596747146395277
4 0.95859375 0.5147277785405565 0.0140625 0.05065497146395259
4 0.98515625 0.44317811021975684 0.0140625 0.03971747146395259
4 0.9609375 0.4607123666298977 0.0109375 0.028634422249740867
4 0.934375 0.45023078495069735 0.0125 0.03339469685684691
4 0.93984375 0.4609135738258267 0.015625 0.03666524607105863
4 0.9359375 0.49781426034359144 0.015625 0.041352746071058634
2 0.925 0.5537924325933324 0.0203125 0.02750856989237622
4 0.8265625 0.35525223284100144 0.0125 0.047457196856846906
4 0.48515625 0.1766222344936313 0.01875 0.04149829528527027
4 0.496875 0.17295142494033736 0.015625 0.036665246071058546
4 0.5171875 0.1634116050479612 0.015625 0.03822774607105854
4 0.4625 0.1745524662966662 0.0171875 0.025800520678164407
1 0.19296875 0.2660123360224266 0.0140625 0.03502997146395277
1 0.21171875 0.25107654073715635 0.0171875 0.030488020678164408
1 0.22890625 0.2502760200589919 0.0125 0.031832196856846906
1 0.3359375 0.19372845947224065 0.0140625 0.03190497146395273
1 0.353125 0.18433418879407623 0.0140625 0.03502997146395268
2 0.87734375 0.4263245581100611 0.0109375 0.019259422249741042