2 0.3197059075978169 0.650817320070895 0.031504530054229284 0.044659282132453626
2 0.27155423302797776 0.7345869148189033 0.026798849336070064 0.04139788981258565
2 0.3214633294371816 0.751666766230829 0.031486349336070064 0.04153428213245362
2 0.19131676630366087 0.8267994953811465 0.04094316256778665 0.05586956677218957
2 0.29315197707604945 0.7828796623116208 0.03469316256778665 0.05568771034569906
2 0.15711045882748093 0.6624953029821362 0.023655668617910842 0.03818196159934022
2 0.010113780741600348 0.8417699628529813 0.020227561483200696 0.04291492570596276
2 0.7260695370863122 0.643106737792792 0.026807939695149587 0.04296038981258547
2 0.7923576124182772 0.665351462324256 0.031495439695149584 0.043096782132453625
2 0.7620792390781019 0.7660501442984251 0.023682939695149584 0.04286946159934022
2 0.6126160911446465 0.5351003580093364 0.02519089754067192 0.03353992570596276
2 0.47821836524694755 0.5350966948397857 0.033057939695149585 0.043142246239076344
2 0.03740597112412108 0.8231025308788122 0.028370439695149685 0.04300585391920819
2 0.011865166132925977 0.639471676959604 0.023730332265851955 0.036710389812585474
2 0.5052484978587006 0.5897985667056826 0.03154998184962743 0.052471782132453626
2 0.6257337146812134 0.5636118029156292 0.018940897540672096 0.03335806927947225
2 0.6076513351927182 0.5826202156894682 0.020494307181592397 0.031841033386094966
2 0.819487738979906 0.7028658341901529 0.025190897540672098 0.03353992570596294
2 0.6654587691323313 0.7194813696878188 0.02989657825883114 0.036801318025830906
2 0.6394820764121195 0.7523249619285446 0.02363748789975162 0.03505696159934022
4 0.8511786213952675 0.6279938663226066 0.028434072208706952 0.053943353919208195
2 0.8303212207313375 0.5867551008832004 0.023673849336070064 0.04130696159934022
4 0.3819513775435876 0.6963858843358023 0.03946247579950324 0.06988660266556704
2 0.4609894377502421 0.6760255717202476 0.034647710772388506 0.04787521034569906
4 0.3895740217646099 0.460630240762293 0.020576120413308984 0.045903533386094784
4 0.3724683349963265 0.4460676355894435 0.022111349336070063 0.04126149749271768
4 0.3794132265850701 0.46111597406924554 0.026853391490547728 0.05077288981258547
4 0.44044617535540614 0.4464828242275301 0.025290891490547907 0.050727425705962934
4 0.45924617233034404 0.43843464350700223 0.02371930113146803 0.04911946159934022
4 0.42491207894620225 0.43040318316130327 0.022074987899751618 0.0350114974927175
4 0.48663082894620224 0.4321990153728992 0.028443162567786652 0.05550585391920819
4 0.3436751936039745 0.5600930316702352 0.028434072208706952 0.053943353919208195
4 0.3419314073032293 0.45689983551030117 0.03156816256778665 0.05559678213245363
4 0.2486399495559029 0.5096634711662517 0.02529089149054773 0.050727425705962934
4 0.289405850121637 0.4866267879384413 0.026817030054229286 0.044522889812585474
4 0.264310401351301 0.5023056122324785 0.023692030054229284 0.04443196159934022
4 0.9230621908734999 0.7629204472805612 0.023646578258831142 0.03661946159934022
4 0.9382968263139236 0.6961648562934768 0.023701120413308983 0.04599446159934022
4 0.93213772990472 0.680357999866986 0.023728391490547552 0.05068196159934022
4 0.9793672539088248 0.6207844230656664 0.022111349336070063 0.0412614974927175
4 0.9465002117543472 0.6292046768265902 0.015797716822512697 0.030142141066226813
4 0.9482581544745589 0.5956563909332129 0.018940897540672096 0.03335806927947225
4 0.932533160524683 0.612389249866986 0.023655668617910665 0.03818196159934022
4 0.9237121515476927 0.6512016972805612 0.023682939695149584 0.04286946159934022
2 0.8921258082617468 0.7081049151481077 0.03461134933607006 0.04162521034569906
4 0.8387109585328932 0.4877636714163138 0.02214771077238851 0.04751149749271768
4 0.5464745033196496 0.21906016937124972 0.026807939695149587 0.04296038981258556
4 0.5589790484991896 0.2186426322242312 0.023655668617910842 0.03818196159934022
4 0.5808813195764284 0.2145916297169487 0.02366475897699054 0.03974446159934022
4 0.5254262051150478 0.21063390393184353 0.022029536104353653 0.0271989974927175
2 0.8702695098607531 0.5699456856020788 0.01418067466803521 0.020721676959604095
4 0.09816270570422297 0.5873301669304742 0.04419542759490127 0.077835494985435
2 0.23172918462698414 0.5959048480467135 0.03459316861791084 0.03850021034569906
2 0.3440428322658519 0.6312095137235465 0.026826120413308986 0.046085389812585476
2 0.5345319977605049 0.5257959026782023 0.028343168617910842 0.038318353919208195
2 0.680621202580965 0.530828046647423 0.017323855386194253 0.02393760517284953
4 0.8723304169675907 0.8872468458686354 0.03477497579950324 0.06975021034569906
4 0.9080002722555893 0.7999885382676458 0.029951120413308985 0.04617631802583091
4 0.9578553473911626 0.6920456576262601 0.02529089149054755 0.05072742570596276
4 0.9582098713952675 0.6311081576262602 0.026798849336070064 0.04139788981258548
4 0.9867257568356911 0.5647390115454686 0.02054884933607006 0.04121603338609496
4 0.969397356269957 0.588457656372619 0.02208407825883114 0.0365739974927175
4 0.5449160276183423 0.35263118731793835 0.025236349336070062 0.04135242570596294
2 0.4189524495559029 0.514619058788124 0.02521816861791084 0.038227425705962756
2 0.7270951850197676 0.8697374339527262 0.033085210772388504 0.04782974623907634
2 0.7476031277399794 0.8367347173388211 0.02363748789975162 0.03505696159934004
2 0.7672570975875542 0.8162092686716045 0.02522725897699054 0.03978992570596276
2 0.44586336573792684 0.8584288947606435 0.028388620413308984 0.046130853919208195
2 0.6897240126894235 0.4435780992338477 0.02049430718159222 0.031841033386094786
2 0.5451245849963264 0.45109141937124975 0.02521816861791084 0.038227425705962936
2 0.5758296843323965 0.411352969450392 0.015761355386194255 0.023892141066226814
2 0.5556792481532883 0.7858301322242311 0.029932939695149586 0.04305131802583091
4 0.45320979576871495 0.40153403708051155 0.02832498789975162 0.03519335391920819
4 0.4210366034412867 0.6936162370013693 0.031586343285945874 0.058721782132453625