2 0.4431718145687772 0.7368626599736172 0.036464758672817864 0.04656746515360979
2 0.4584599125557324 0.8335293288480914 0.031722714672181594 0.04171627404661713
2 0.5079059292250504 0.8157168354715132 0.036428396005727136 0.04344246515360979
2 0.4554610872056422 0.9569122651457604 0.04752952800763595 0.05788691106992587
2 0.5058434425525508 0.8586310217691825 0.04126134667409058 0.05610615626060209
2 0.3262104865531871 0.8476686960011339 0.02699885200509069 0.03842758293962447
2 0.7494421852721391 0.47713551822580336 0.03175907733927232 0.04484127404661713
2 0.8145950179424117 0.45283741187253385 0.036446577339272326 0.045004965153609786
2 0.8540836845958214 0.5519123181331361 0.030178396005727137 0.04322421034428636
2 0.5956541139401845 0.4616047435462141 0.028524989337999785 0.03535714664195542
2 0.49229220926163964 0.545530821043543 0.036446577339272326 0.045004965153609786
2 0.1987389198759148 0.9213740361123346 0.03168635200509069 0.038591274046616775
2 0.5474700579249125 0.5724678324762884 0.038099984006999675 0.052872028855940556
2 0.6228433226050483 0.47584085833700407 0.022256808004454242 0.03357639183263199
2 0.6217529899347757 0.5023760764858386 0.025363626670908877 0.0321230192372937
2 0.8589989986075937 0.4653299773889633 0.028524989337999785 0.03535714664195542
2 0.7514308519255489 0.5749008956304651 0.03324885200509069 0.0386458377489479
2 0.7517212059198218 0.6171156774816305 0.028543170671545326 0.03691964664195542
4 0.836470565284866 0.38638652185400046 0.03499316534054486 0.05432540145127884
2 0.7944921506206384 0.36694455189106734 0.028597714672181595 0.04160714664195542
4 0.5197979492361863 0.7340675313878293 0.04923747867599957 0.07044147477225664
2 0.5674456559118677 0.669298192457755 0.03962612133990877 0.049801592558271324
4 0.3782297092616397 0.5415476707733905 0.027071577339272502 0.04467758293962447
4 0.35557345926163964 0.5407564970895932 0.027035214672181597 0.04155258293962447
4 0.37033539326068515 0.5483061022617364 0.033394302673454224 0.051145837748947896
4 0.4084262866009121 0.4988343811176768 0.03183180267345431 0.05109127404661713
4 0.41801946260345746 0.4804117633316619 0.030232940006363406 0.047911710344286186
4 0.3865785586012303 0.4957267392850448 0.025399989337999786 0.035248019237293704
4 0.43468934193986647 0.4583284322061359 0.03499316534054522 0.05432540145127884
4 0.40510019724700397 0.650342317415346 0.03499316534054504 0.05432540145127884
4 0.33883085459104895 0.5690898282151192 0.039698846674090585 0.05605159255827132
4 0.30093940857736773 0.6685888312103441 0.03183180267345422 0.05109127404661713
4 0.3178547359166402 0.625411750084818 0.03333975867281787 0.0464583377489479
4 0.3081524719128222 0.6532093678708328 0.02861589600572696 0.04316964664195524
4 0.9764319466104571 0.4483285050637775 0.02699885200509087 0.03842758293962447
4 0.9459001092855022 0.3855184810171603 0.028652258672817864 0.046294646641955414
4 0.9311472659532294 0.3771876258450172 0.03183180267345413 0.05109127404661713
4 0.9296944012969561 0.30054328029152094 0.027017033338636053 0.03999008293962456
4 0.9098449779599109 0.32720498401238524 0.020657945337363516 0.030396828130301135
4 0.8906319012969561 0.2991791877332496 0.0222568080044546 0.03357639183263199
4 0.8887875906270019 0.3233433740309187 0.02699885200509087 0.03842758293962456
4 0.9063381699554565 0.3599083566077235 0.030178396005727137 0.04322421034428627
2 0.9180927352800932 0.4244073662263704 0.03799089600572714 0.043497028855940555
4 0.7391966706317744 0.28294900860715655 0.028670440006363408 0.047857146641955416
4 0.347999505967547 0.25131205117327715 0.0317590773392725 0.04484127404661713
4 0.35669325330204693 0.24301840153609683 0.02699885200509069 0.03842758293962447
4 0.3709557479710468 0.22632197485707453 0.028579533338636054 0.040044646641955416
4 0.32604268996659247 0.25757940934064516 0.025327264003817972 0.028998019237293705
2 0.8144870246260474 0.32778284817020303 0.017442038669636162 0.02247520072563942
4 0.23346900322250513 0.824890905712448 0.05401588534372674 0.0784176658792493
2 0.3414365919000955 0.7481597693221117 0.037954533338636146 0.04037202885594056
2 0.44978544123968617 0.7058309147829408 0.03177725867281787 0.04640377404661713
2 0.5303012866009121 0.5030903498994835 0.03170453333863606 0.04015377404661713
2 0.6454273946133207 0.41566725016963596 0.020603401336727244 0.025709328130301044
4 0.9822365039385937 0.4868280098731009 0.025527258672817865 0.04618551923729371
4 0.9578006726209566 0.3703027087846418 0.03183180267345449 0.05109127404661713
4 0.92084611262732 0.32211817992870123 0.031722714672181594 0.04171627404661713
4 0.9044949539704105 0.2496429792030618 0.031722714672181594 0.04171627404661713
4 0.9017875772995015 0.2808111336495655 0.026980670671545325 0.03686508293962456
4 0.42959385662000216 0.3588914273968125 0.030160214672181596 0.04166171034428627
2 0.434206989258458 0.5669494640573014 0.030142033338636055 0.04009921034428636
2 0.891946216581822 0.6564014106914076 0.03806362133990859 0.04974702885594055
2 0.8869319999204581 0.6171479377332496 0.028543170671544972 0.03691964664195542
2 0.8896121045910489 0.5883235332867459 0.030160214672181596 0.04166171034428636
2 0.6696064978915051 0.8229266786627569 0.03490225867281786 0.04651290145127893
2 0.5970631672899566 0.34051099354621406 0.025363626670908877 0.0321230192372937
2 0.491212061943048 0.4368552254900468 0.030142033338636055 0.04009921034428636
2 0.4902404552832751 0.38601941178771587 0.019022720003181705 0.02409226442797028
2 0.7085973672422314 0.6961112075186974 0.034884077339272325 0.04495040145127884
4 0.39017627327341187 0.4552108666897065 0.03166817067154515 0.03702877404661713
4 0.5474598725732316 0.7076786461786193 0.038172709341181485 0.059122028855940555