2 0.48647718411779994 0.7297942044386545 0.036383781213767105 0.0448958377489479
2 0.5014162710911411 0.8269147410991433 0.03144118969849785 0.04160714664195524
2 0.5510496092724303 0.8146255614248961 0.03612868969849785 0.041770837748948166
2 0.4966486359442694 0.9498338859270004 0.046779147274843245 0.05772321996293286
2 0.5482433447285627 0.8565948066155726 0.0404016015172088 0.05594246515360979
2 0.3682051583640447 0.8269370445498552 0.028061098183228862 0.03837301923729371
2 0.7975589789573505 0.5038344274816305 0.03156873545613248 0.04316964664195542
2 0.863215929865736 0.48743066668185725 0.03638378121376675 0.0448958377489479
2 0.9019113812331636 0.589275908877309 0.028443735456132657 0.043060519237293704
2 0.6431107239563807 0.47273321650437206 0.02767846091032524 0.0336855192372937
2 0.5391404432016558 0.5446677254900467 0.037818735456132305 0.04338790145127884
2 0.23990455730587792 0.8871155980005672 0.03105855242559432 0.03691964664195524
2 0.5932538583543463 0.577718327666965 0.03702151000193972 0.0527083377489479
2 0.6710124544115434 0.4900670494439966 0.02311850666795969 0.035084328130301046
2 0.669210709412513 0.5157118901881694 0.02442591515269079 0.032013891832631994
2 0.9074601374420815 0.5045561684959559 0.02767846091032524 0.0336855192372937
2 0.798499338809509 0.6012451408211417 0.03431109818322895 0.03859127404661713
2 0.7980368242656415 0.6432962315653146 0.027806006667959692 0.035248019237293704
1 0.30422227775910093 0.8543055872007939 0.03533146424430509 0.05109127404661713
2 0.8443546174382022 0.39952143891437586 0.028316189698497852 0.0414980192372937
4 0.5632947756330691 0.7355928258528663 0.047799513335919565 0.07022321996293321
4 0.6066143409355409 0.7223041413692958 0.03753169303247787 0.058958337748947896
2 0.6120991953276876 0.6749752735832809 0.03989141848667046 0.04969246515360979
4 0.424185122898214 0.5297470752198942 0.02713632697140156 0.046130955534962936
4 0.40205503138294485 0.5258581833872622 0.02675368969849785 0.04144345553496294
4 0.4160377830499348 0.5349157248570745 0.03220646424430509 0.05098214664195542
4 0.455243933199716 0.490322476671173 0.03064396424430509 0.050927582939624474
4 0.46471465698691883 0.4727356725874891 0.030516418486670638 0.04936508293962447
4 0.4329862959268125 0.484871084838541 0.026243506667959694 0.035193455534962934
4 0.4817427892588526 0.4522966870154594 0.03415160151720862 0.05572421034428636
4 0.4495195759326315 0.6396949940943683 0.034024055759574165 0.054161710344286185
4 0.38475583214154924 0.5525198871081265 0.03883910151720871 0.055887901451278844
4 0.34494364623607315 0.6469494441870355 0.03064396424430509 0.050927582939624474
4 0.36265743365875797 0.606279804168502 0.03338632697140156 0.046349210344286365
4 0.3523257115385451 0.6324057945498552 0.02857128121376702 0.044623019237293705
4 0.9908236616737789 0.4344197724869726 0.018352676652442314 0.04618551923729371
4 0.9811051894086338 0.42377244916599494 0.030643964244305266 0.050927582939624474
4 0.9742655159209935 0.3495264173148295 0.02675368969849785 0.04144345553496285
4 0.9605537022855113 0.3724182802915209 0.01961086939505634 0.03028770072563942
4 0.9307386565278769 0.3698190699472347 0.02311850666795969 0.035084328130301136
4 0.9408151581948669 0.3787402021612198 0.02806109818322895 0.03837301923729371
4 0.9531237106204611 0.415005084375205 0.028443735456132657 0.043060519237293704
2 0.96696281213767 0.4700199665891901 0.02742336939505634 0.030560519237293703
4 0.7895558050106682 0.3103572459932848 0.02726387272903601 0.04769345553496276
4 0.39727283909937305 0.2382316978152325 0.03156873545613248 0.04316964664195542
4 0.4060101103112004 0.23074658002921766 0.028061098183228904 0.03837301923729371
4 0.4203596527348551 0.21566721705252623 0.0281886439408634 0.0399355192372937
4 0.3749992263722767 0.2421280241314351 0.025733323637421625 0.028943455534962758
2 0.8639497692549734 0.3628126125981733 0.017283094849248927 0.020858137023308566
4 0.2760018118478058 0.794893381665831 0.05312474212409226 0.0781994110699257
2 0.38523354851188624 0.7301538137871488 0.03743609818322895 0.03870040145127884
2 0.49414629184392644 0.6996801185038051 0.031823826971401556 0.046294646641955414
2 0.5773580492607924 0.5070511636018145 0.03274859818322895 0.038536710344286365
2 0.6935732385002483 0.43242816423478664 0.019228232122152633 0.02560020072563951
4 0.9959815350067889 0.42003981395678486 0.008036929986422336 0.05098214664195542
4 0.9711085650126078 0.3681127262078369 0.03144118969849785 0.04160714664195542
4 0.9620845092530337 0.31482403510084433 0.03144118969849785 0.04160714664195542
4 0.9528210795564753 0.32540687103569377 0.026371052425594142 0.036755955534962845
4 0.47833113364905966 0.3532416281224519 0.02987868969849785 0.04155258293962456
2 0.48038719653563555 0.5597545229503087 0.029751143940863402 0.03999008293962447
2 0.9387094927523121 0.6965080555192644 0.03820137272903601 0.048075401451278844
2 0.9339583488114487 0.6573909918169336 0.027806006667959692 0.035248019237293704
2 0.936350025174027 0.6294296829239261 0.02987868969849785 0.04155258293962447
2 0.7127364083640447 0.8389683409138089 0.03494882697140156 0.04640377404661713
2 0.6465709506185215 0.35288450797418436 0.02442591515269079 0.032013891832631994
2 0.5389335359248728 0.43715532585286637 0.029751143940863402 0.03999008293962447
2 0.5386945488017504 0.38651048510869357 0.019100686364518005 0.024037700725639422