2 0.2986234614405946 0.3622984342592189 0.03439484736759475 0.046649506920082205
2 0.2467732739617991 0.28327677912602256 0.02954365626060227 0.04177100593149898
2 0.29589282024093483 0.26177185224399646 0.03579365626060227 0.04202567391627658
2 0.16232884129232703 0.19934213091290853 0.04571429328391079 0.058032675893442985
2 0.2664607805852211 0.2333258586697871 0.039409729581579886 0.05621550790866543
2 0.1354240569940909 0.3666078853615328 0.026309528855940557 0.038518671939110224
2 0.7054463803150686 0.3293387652486771 0.031215283665263983 0.04495967292769336
2 0.7704364632546932 0.3001659184047071 0.03590278366526398 0.045150673916276585
2 0.7355654446503717 0.20406950981146962 0.028035719962933213 0.04326983893530463
2 0.5975569800449161 0.44763512049560406 0.027762901451278844 0.0354573389353046
2 0.4629091615332618 0.46092298216832184 0.03584821996293321 0.043588173916276673
2 0.012564470827573369 0.2180814965399589 0.025128941655146737 0.04346083992388783
2 0.002663664613304733 0.40274299802283364 0.005327329226609466 0.038264003954332715
2 0.4867484548171726 0.40378164422160034 0.036175602176918176 0.052963173916276626
2 0.608722658538037 0.4183150350203406 0.021458337748947898 0.03364017095052709
2 0.5906001411148418 0.4011102889746733 0.02452877404661713 0.03220500494291585
2 0.7959920239617991 0.260897829963694 0.027762901451278667 0.0354573389353046
2 0.6415773424734533 0.25938836258693876 0.03255952885594056 0.03877333992388783
2 0.6137623665200704 0.229316202016535 0.027762901451278844 0.0354573389353046
2 0.8122940918404812 0.3749139090131669 0.02798115626060218 0.04170733893530461
4 0.35896324991518197 0.3099109219019292 0.046150802902557686 0.07053267589344295
2 0.43888636289187344 0.32225707159791805 0.03919147477225664 0.04996550790866543
4 0.3773139127143882 0.5439848329666246 0.02501984736759475 0.04626750494291585
4 0.3611432756910796 0.5602465029285685 0.026418656260602268 0.04164367193911023
4 0.36715766271438816 0.5443986684418881 0.03143353847458741 0.051209672927693364
4 0.4292757167980722 0.5527894885941125 0.029871038474587407 0.051146005931499164
4 0.4485614301375834 0.5590249011416825 0.029761911069925696 0.04802100593149916
4 0.41385904792359823 0.5698005750579591 0.024637901451278844 0.03533000494291585
4 0.47574148903059077 0.5625982287082808 0.03315972958158007 0.055960839923887916
4 0.32679061225890127 0.44930634433533106 0.033105165879249124 0.054398339923887915
4 0.32943940790506476 0.5521766763505536 0.03784722958157989 0.05615184091247087
4 0.23420131897499044 0.5092490301146058 0.029871038474587407 0.051146005931499164
4 0.2764607408446893 0.5278106877192601 0.03126984736759484 0.04652217292769336
4 0.250389314165667 0.5148305266545646 0.028090283665263983 0.044832338935304604
4 0.8975297313108606 0.19044872570535015 0.02625496515360979 0.03695617193911027
4 0.9155232739617991 0.25602730475482305 0.02814484736759475 0.046394838935304605
4 0.9102901369384906 0.2718433057434062 0.029871038474587407 0.05114600593149898
4 0.9598610618034144 0.3267735448689913 0.024856156260602093 0.041580004942915846
4 0.9272668166127378 0.32186055178907347 0.01978671034428601 0.030451503954332715
4 0.9308084788637897 0.35448205080049033 0.021458337748947898 0.03364017095052709
4 0.9133853658870983 0.33958922125672586 0.026309528855940557 0.038518671939110224
4 0.9030034265942042 0.3017854737281838 0.02803571996293286 0.0432698389353046
2 0.8689756561757843 0.24856231464065476 0.03741071996293286 0.043651840912471054
4 0.8252901104448028 0.4719016555531258 0.026636911069925873 0.047893671939110406
4 0.5458009847694215 0.7680404623966582 0.031215283665263983 0.04495967292769336
4 0.5583009847694215 0.7675311264271032 0.026309528855940557 0.038518671939110405
4 0.5800941392159252 0.7689835384803818 0.026364092558271324 0.040081171939110406
4 0.525133820704271 0.7790243833471854 0.024419646641955416 0.02908000494291585
2 0.8531819866683381 0.3880704836140155 0.0163343281303014 0.02094916996194396
4 0.0795708718775481 0.446897563232142 0.051111121414211924 0.07853617688202626
2 0.21295629075202208 0.4250796185556188 0.03730159255827141 0.04052684091247105
2 0.32455847886378975 0.3791848453239143 0.03126984736759484 0.04652217292769345
2 0.5197221567239384 0.4648491368072266 0.030997028855940557 0.03870967292769336
2 0.6655257300449161 0.4448656061611481 0.019623019237293704 0.025764003954332714
4 0.8407936363903363 0.07261923855693139 0.04302580290255768 0.07040534190105419
4 0.8807886646133047 0.15602464616158565 0.03439484736759475 0.046649506920082205
4 0.9349726784083028 0.2575752173023932 0.03143353847458741 0.051209672927693364
4 0.9383134440173994 0.31828988281571274 0.03110615626060209 0.04183467292769336
4 0.9728223640729997 0.3800749584051446 0.02641865626060209 0.04164367193911023
4 0.9517112559056319 0.3590912963518661 0.02625496515360979 0.03695617193911023
4 0.5379388994675443 0.6357372983662135 0.02954365626060227 0.04177100593149898
2 0.4042509241471336 0.48749741102751437 0.029489092558271368 0.04020850593149916
2 0.6961433353018773 0.10425785220681541 0.03762897477225664 0.049901840912471004
2 0.7177083112552601 0.13458468076199676 0.027762901451278844 0.03545733893530465
2 0.7389012649761244 0.15322459281527526 0.02954365626060227 0.04177100593149907
2 0.4146924386599219 0.14381107802370868 0.03283234736759475 0.04658583992388783
2 0.6781224445655536 0.5309476861992042 0.02452877404661713 0.03220500494291585
2 0.5335366308632228 0.5383993833471854 0.029489092558271323 0.04020850593149916
2 0.5666293838584476 0.5737174594309089 0.018005955534962936 0.024137836958138335
2 0.5288070131620259 0.2046928868072265 0.03434028366526398 0.04508700692008227
4 0.4441541831328083 0.5958709851340714 0.030887901451278666 0.035584672927693364
4 0.39799846806401656 0.30910049699706943 0.036393856986241604 0.05921317391627658