2 0.30557359038099835 0.37290430897782545 0.03303267589344294 0.04484127404661713
2 0.2605741081754955 0.2868378342055689 0.028217841901054187 0.04155258293962456
2 0.3112426116355366 0.27217762268015633 0.03446784190105419 0.041770837748947985
2 0.183144127947159 0.1902505216843644 0.04285334486680368 0.056106156260602266
2 0.28360970155942444 0.23991819418703547 0.036603344866803764 0.055887901451278844
2 0.1443960098486507 0.3539757157865819 0.02496550790866543 0.038318455534962756
2 0.007195734676960795 0.16676091406515056 0.01439146935392159 0.042896828130301136
2 0.7120955044114432 0.3996181534350134 0.028281508897248564 0.043115082939624474
2 0.7793930923581647 0.38006211078407476 0.03296900889724856 0.04327877404661713
2 0.751468363612703 0.27816230488629223 0.026719008897248563 0.043060519237293704
2 0.5960473986702246 0.5019668487183572 0.026337006920082118 0.0336855192372937
2 0.46170423216832185 0.4964931203179036 0.03453150889724856 0.043333337748947896
2 0.029142377452867414 0.18721974700477512 0.031406508897248574 0.04322421034428627
2 0.005337462928130957 0.36996775961864686 0.010674925856261914 0.036810519237293705
2 0.4897138270351255 0.4427059214063627 0.03335101087441483 0.05265377404661713
2 0.6096615711036264 0.47505960833700406 0.02008700692008212 0.03346726442797028
2 0.5924886585560565 0.4549008757601992 0.023148339923887918 0.03201389183263181
2 0.807451766768733 0.3442709437236993 0.026337006920082118 0.0336855192372937
2 0.6543095207230657 0.32014641904411 0.03121550790866543 0.038536710344286185
2 0.6290840276431477 0.28640633610448546 0.026400673916276672 0.035248019237293704
4 0.837208250951402 0.42041678147264727 0.03028967787060921 0.054107146641955414
2 0.8144591590503479 0.46030517149118066 0.025092841901054187 0.04144345553496294
4 0.3699199332706357 0.3297743570710597 0.04342634783255326 0.07016865626060227
2 0.44796667882201147 0.3536235740387679 0.036348676882026254 0.049637901451278846
4 0.3704624668452826 0.5660665211362103 0.02372134288963732 0.04607639183263199
4 0.35345138038143586 0.5803373522617362 0.023530341901054186 0.04138889183263199
4 0.36030621684528263 0.5657118570710598 0.028599843878220454 0.050927582939624474
4 0.42142013038143594 0.5827108733131284 0.027037343878220453 0.050873019237293704
4 0.4398199619023668 0.5919593877410987 0.026973676882026253 0.0493105192372937
4 0.405158460419492 0.5977902362898199 0.023275673916276628 0.03513889183263199
4 0.466877210419492 0.5999455025318887 0.030353344866803765 0.055669646641955416
4 0.32766215460172365 0.4644296100662846 0.0302896778706093 0.054107146641955414
4 0.3226788828528938 0.5675273282151192 0.03504084486680368 0.0558333377489479
4 0.23109356072350312 0.5111285060752678 0.027037343878220543 0.050873019237293704
4 0.2715766392786844 0.5352306941870355 0.02997134288963732 0.046294646641955414
4 0.2464002257425312 0.5194866430985764 0.025220175893442942 0.044568455534962935
4 0.9129961126241198 0.2884971480775358 0.024901840912470875 0.036755955534962845
4 0.9266646817877611 0.3562575669520098 0.025283842889637496 0.046130955534962846
4 0.919778011825817 0.37166431214268636 0.02703734387822081 0.050873019237293704
4 0.9642018324723329 0.4334574732126121 0.023530341901054186 0.04138889183263199
4 0.9325207509514021 0.4237451673148295 0.018397172927693363 0.03028770072563951
4 0.9334956605332227 0.4574207628683258 0.02008700692008212 0.03346726442797028
4 0.917789747491361 0.43966034399385184 0.02496550790866543 0.038318455534962936
4 0.9099745888981235 0.4010517117798666 0.026719008897248386 0.043060519237293704
2 0.8802990177573161 0.34212065588208407 0.03603034190105418 0.041825401451278846
4 0.8205725547920041 0.5598785855563313 0.0237850098858317 0.047638891832631994
4 0.5206866654389575 0.8154093006251231 0.028281508897248564 0.043115082939624474
4 0.5331548319408603 0.8166270602437699 0.02496550790866543 0.038318455534962846
4 0.5540894144503744 0.8212699202252363 0.025029174904859806 0.03988095553496294
4 0.49924274695988835 0.8232664406436563 0.022957338935304605 0.02732639183263217
2 0.8543519885941124 0.479692577751783 0.016452670950527094 0.020858137023308566
4 0.0827780775294171 0.4261483269491748 0.048432182813525196 0.07814484736759479
2 0.21665832901229187 0.4237822734984629 0.03590300790866541 0.03870040145127884
2 0.3305271694304713 0.3941171100662846 0.02840884288963732 0.04624008293962447
2 0.5175722301911555 0.5078324136018144 0.02965300790866543 0.038482146641955414
2 0.6637933141835443 0.5098091197697494 0.018206171939110227 0.02560020072563951
4 0.8657138888215739 0.16245051404945215 0.038738847832553346 0.0700049651536097
4 0.898867287034688 0.2512327610542272 0.033096342889637496 0.04640377404661713
4 0.9452236807991777 0.3615998313799801 0.028599843878220454 0.05092758293962456
4 0.9435537514456938 0.42178336323114546 0.029780341901054184 0.04160714664195542
4 0.9713166541074321 0.4892536054265971 0.021967841901054184 0.041334328130301044
4 0.9535216590503481 0.4651613409986268 0.024901840912470875 0.036755955534962935
4 0.5230370271116752 0.6809251732204612 0.026655341901054185 0.0414980192372937
2 0.40153339471589194 0.5139509496293311 0.026591674904859808 0.0399355192372937
2 0.7197647188596299 0.17300108973268252 0.0347225098858317 0.048020837748947984
2 0.7395214619395478 0.2065501997141491 0.026400673916276672 0.035248019237293704
2 0.7581932074909234 0.2283259959932848 0.02815417490485963 0.03999008293962447
2 0.43816455038056085 0.1717733733131285 0.03153384288963732 0.046349210344286275
2 0.6696347958947555 0.5968552519837346 0.023148339923887918 0.032013891832631994
2 0.5254537143738247 0.5832143595181304 0.02659167490485963 0.0399355192372937
2 0.5558614559708677 0.624176665415913 0.01658000494291585 0.023983137023308565
2 0.5461097015594245 0.24908489617861926 0.03296900889724856 0.04327877404661713
4 0.43207378749179853 0.6284598829317753 0.029525673916276675 0.03535714664195542
4 0.4088232657801497 0.3350446996293311 0.03360567885919252 0.05890377404661713