2 0.3563730543022844 0.2902633441818524 0.02305706677218975 0.04228258838228234
2 0.3356861327529566 0.19750808173429774 0.018278638558944314 0.03880239087179325
2 0.3880980789128906 0.19119795953383645 0.02443771034569888 0.03615098755244537
2 0.2866157984297896 0.08897445393475906 0.029579851411925782 0.05213118506293444
2 0.37046194952514633 0.15433749957579274 0.023329851411925784 0.051657588382282335
2 0.2057114762473236 0.24399476327274722 0.015062710345698971 0.03544059253146718
2 0.11359348706787627 0.034266410993017735 0.024528638558944316 0.039275987552445366
2 0.7402813898790926 0.3843378499814224 0.01680706677218957 0.041808991701630306
2 0.8098808360390265 0.3767253369091679 0.022966138558944405 0.03915758838228234
2 0.8106059132360576 0.2714341856644124 0.015244566772189572 0.04169059253146719
2 0.6014712909744493 0.466572777370687 0.01805131802583091 0.030989890871793335
2 0.47367891158670494 0.43805945890913645 0.024528638558944316 0.039275987552445456
2 0.13936036520197934 0.05959737510024633 0.019841138558944316 0.038920790041956296
2 0.05942750963341845 0.23481178526807148 0.01965928213245362 0.03267079004195628
2 0.5148411206787628 0.3897277800699794 0.02011392319868044 0.04829579004195628
2 0.6216845025737895 0.44165528774364926 0.010284282132453627 0.03196039502097818
2 0.6106477141731297 0.419105781519872 0.014880853919208192 0.029190592531467274
2 0.8466366899582349 0.3458771559954183 0.01805131802583091 0.030989890871793335
2 0.705418308063208 0.296554430065335 0.022784282132453627 0.03290758838228234
2 0.6901486607287751 0.2587351213520468 0.016534282132453625 0.032433991701630305
2 0.8229825781214679 0.4622600952075377 0.015153638558944494 0.038565592531467276
4 0.42902094411486996 0.2582544823543533 0.025346992478152686 0.06740098755244536
4 0.47511469411486995 0.25476170683454413 0.017261707838416563 0.057433991701630306
2 0.4981059132360576 0.2951140196970172 0.024710494985435004 0.04552598755244528
4 0.36765022044133583 0.4920859533100591 0.010647994985435094 0.044460395020978184
4 0.34706493580159975 0.5030001425221784 0.013591138558944315 0.03844719336130424
4 0.3575848986545812 0.4897305479161188 0.015426423198680438 0.04794059253146728
4 0.41214436652212766 0.5167773773753315 0.013954851411925873 0.050947193361304245
4 0.4273829216158348 0.5288746356737011 0.013863923198680439 0.04782219336130424
4 0.39229486777576883 0.5291948670023693 0.014971782132453626 0.03231559253146728
4 0.4511924946562306 0.5411019485361743 0.017170779625171127 0.0543089917016303
4 0.35286395790492353 0.3840725437669339 0.017079851411925785 0.05118399170163031
4 0.3210707371343833 0.4854816784149499 0.020204851411925785 0.05142079004195636
4 0.24832121041220598 0.413821088582775 0.013954851411925784 0.050947193361304245
4 0.2801562321198183 0.4449284560093515 0.01836956677218975 0.041927390871793334
4 0.2604802296125359 0.42459264522147083 0.01368206677218975 0.041572193361304244
4 0.9192979177884041 0.008698017934774732 0.013954851411925873 0.017396035869549464
4 0.9630800438774431 0.30899061740335454 0.01662521034569906 0.03555899170163022
4 0.9579546231860452 0.3779774157436806 0.013772994985435005 0.044697193361304156
4 0.9474119282797524 0.39202826034974025 0.013954851411925873 0.050947193361304245
4 0.9742495614284203 0.4609316257017243 0.013591138558944494 0.03844719336130424
4 0.9458434166012699 0.44593451034974024 0.010193353919208193 0.028835395020978184
4 0.9378574203621936 0.4792798066154738 0.010284282132453627 0.03196039502097818
4 0.9275336858015997 0.459014850806615 0.01506271034569906 0.03544059253146727
4 0.9302555205204781 0.419052701636452 0.015244566772189572 0.04169059253146727
2 0.917275798892008 0.3561149937530007 0.02600021034569906 0.0362693867226084
4 0.8021723214575502 0.5612779356644124 0.01073892319868044 0.04758539502097818
4 0.44627635946249866 0.7636397993660113 0.01680706677218957 0.041808991701630306
4 0.45788144919594187 0.7666580555897886 0.01506271034569906 0.03544059253146727
4 0.4771171825028945 0.7753343159627508 0.015153638558944315 0.038565592531467276
4 0.4235519133025646 0.7677003373333752 0.016306961599340218 0.024621491701630305
2 0.8557579742022595 0.4878395130490326 0.009920569279472246 0.019460395020978183
4 0.1275350004622184 0.30526507261073543 0.02709134890464333 0.0737693867226084
2 0.2571399324363875 0.3250662419021229 0.027471782132453625 0.03326278589277143
2 0.37437289654301015 0.3146238041398961 0.016897994985435094 0.04493399170163022
2 0.5245139858807419 0.4591522862937568 0.01975021034569906 0.03579579004195636
2 0.664851829375109 0.48515591139400305 0.013136497492717503 0.022822193361304245
4 0.9505837070469937 0.17585880869006631 0.020659492478152686 0.06704579004195628
4 0.9595518785963215 0.26950206491384365 0.021494566772189926 0.042164189212119306
4 0.974869338546309 0.38605002487188733 0.013909387305303157 0.049384693361304244
4 0.9575394345479584 0.44582776657351764 0.019841138558944493 0.038920790041956366
4 0.9694878535900038 0.5174184240420503 0.018278638558944495 0.03880239087179334
4 0.955462457509212 0.49041821615859915 0.01506271034569906 0.03544059253146727
4 0.4836436303121811 0.6314067172075063 0.016716138558944316 0.0386839917016303
2 0.41111071542677086 0.4451391757156575 0.01662521034569906 0.03555899170163031
2 0.8075611327529566 0.1617515323450645 0.023147994985435006 0.045407588382282336
2 0.8174074941940124 0.19842273815392333 0.016534282132453625 0.032433991701630215
2 0.8299385864347378 0.22319759520753762 0.016716138558944493 0.0386839917016303
2 0.536928035497666 0.11288093753851221 0.01993206677218957 0.042045790041956285
2 0.6474848214575502 0.5729994535105518 0.014880853919208192 0.029190592531467274
2 0.5121754587628533 0.5349218808998163 0.01662521034569906 0.03555899170163031
2 0.5303427855641729 0.5803168912727786 0.011573997492717503 0.022703794191141213
2 0.6206916185671917 0.20787228359446436 0.022966138558944315 0.03915758838228234
4 0.4107804433234472 0.5636523773753315 0.022738818025830953 0.03134508838228243