2 0.37734334455954316 0.30029508884525635 0.02258411201270878 0.04138889183263199
2 0.35536715868357244 0.20569191697555742 0.0194045649348082 0.03815476442797028
2 0.40849215868357247 0.20383675109630833 0.025627291395857732 0.036810519237293705
2 0.3057199403401976 0.09329360989664855 0.032122753246410875 0.05109127404661713
2 0.38984157020981397 0.1654017336731132 0.024337526785361163 0.052380955534962845
2 0.2262387662320544 0.24225195426901847 0.01625229139585782 0.03648313702330856
2 0.13176819724005645 0.02510414900420811 0.025654564934808156 0.03837301923729369
2 0.7625422792176979 0.42364573177419657 0.017896612012708958 0.04122520072563951
2 0.8320735292176978 0.4212176470204735 0.024119338473758488 0.03988095553496294
2 0.8317950653385499 0.3156943333181427 0.016334112012708603 0.041170637023308566
2 0.6246525413925625 0.4956894012816428 0.019268197240056396 0.030342264427970278
2 0.49655876907142815 0.4571675930216076 0.02565456493480802 0.03837301923729371
2 0.1572591209411626 0.052356129766914415 0.02099433847375849 0.03977182813030113
2 0.07970863960884896 0.2223536604369535 0.02088524431795715 0.033521828130301135
2 0.5372013599808186 0.41197165490983984 0.022720479707460585 0.04920139183263199
2 0.6445695750777827 0.4723238231513417 0.011510244317957153 0.03319444591631608
2 0.6332229719935275 0.44926826906765766 0.016115923701106104 0.028670637023308566
2 0.8691098790555423 0.39334561816453306 0.019268197240056396 0.030342264427970278
2 0.7265717771891029 0.33343988322547546 0.024010244317956973 0.03363095553496285
2 0.7110325519458695 0.2941144883976186 0.017732970779006863 0.03185020072563942
4 0.878354239850435 0.4751040496528788 0.018087526785361165 0.05216270072563951
2 0.846882097398917 0.5082538555506613 0.016306838473758488 0.039608137023308565
4 0.4495768547058129 0.2735391266868715 0.026145488635914305 0.0664980192372937
2 0.5191041505658976 0.3156695737843139 0.025763659090609535 0.044623019237293705
4 0.39105879139256255 0.5038466747801058 0.011728432629559827 0.045694445916316086
4 0.3708962958567894 0.5131497529104069 0.01474433847375849 0.03955357332097762
4 0.38083435754518663 0.5002950888452563 0.016470479707460583 0.048983137023308566
4 0.43610823863261905 0.5319791092636764 0.014935253246410873 0.05049107332097762
4 0.4511838137136969 0.5447420040915333 0.014880706168510116 0.04736607332097762
4 0.41597301663579617 0.5428446873939775 0.016170470779006862 0.031795637023308565
4 0.4756752991032003 0.5595212667054049 0.01811480032431163 0.05372520072563951
4 0.37507350689656355 0.3941814981010835 0.018087526785361165 0.05216270072563942
4 0.344760489850435 0.49373755399886604 0.022775026785361162 0.05232639183263199
4 0.27069965259449247 0.4158060161572508 0.014935253246410873 0.05049107332097762
4 0.3033445572208751 0.44984371025946823 0.019486385551659248 0.042842264427970275
4 0.2834178409060952 0.4278695065386039 0.014798885551659157 0.04267857332097762
4 0.9289704797074606 0.024151723737980243 0.015180715096963837 0.048303447475960486
4 0.9372739034085665 0.043878842303817354 0.014935253246410696 0.05049107332097771
4 0.9850933892018119 0.3650618723408843 0.016225017856907442 0.03492063702330857
4 0.9808246749156269 0.4340028452990422 0.013290932629560003 0.04574900961864685
4 0.9701189999967046 0.4476660412153583 0.014935253246410696 0.05049107332097762
4 0.9956725817757706 0.5186134582757337 0.00865483644845888 0.03949900961864685
4 0.9694974370904916 0.5016268549176891 0.011428423701106282 0.028506945916316084
4 0.9614627946389736 0.5339582052805089 0.01151024431795733 0.03319444591631608
4 0.9509383518631438 0.5132191193456593 0.01625229139585791 0.03648313702330856
4 0.9533678766199103 0.47326624194099765 0.016334112012708603 0.041170637023308566
2 0.939736024753471 0.4088590015596445 0.02718979139585791 0.03686508293962447
4 0.8266980568138379 0.6058927473832932 0.013318206168510472 0.04731150961864685
4 0.47329814163414863 0.7816145215147283 0.017896612012708958 0.04122520072563951
4 0.4843174622509995 0.7859200755984124 0.01625229139585791 0.03648313702330856
4 0.504039627023652 0.7961755293192767 0.0162795649348082 0.038045637023308564
4 0.4506691651730989 0.7839681951985258 0.017596603084255057 0.02403770072563951
2 0.8794315446389736 0.5368227996528787 0.01126478246740419 0.019131945916316083
4 0.14904106655636595 0.29810513938556127 0.029406856330665976 0.07441964664195541
2 0.27854733441327345 0.32797863394326565 0.02869774431795715 0.03379464664195542
2 0.39577574472169896 0.3262301062684515 0.017951159090609535 0.04435020072563942
2 0.5478173060030591 0.48273802269585475 0.020912517856907443 0.035084328130301046
2 0.6883838047852431 0.5192608213372432 0.012881829545304768 0.022311509618646853
4 0.9710291148520825 0.23109610010836565 0.021457988635914305 0.06633432813030113
4 0.9812729139585782 0.325327249745546 0.02261138555165907 0.04295139183263199
4 0.9945864815325368 0.44358617642456827 0.010827036934926326 0.048983137023308566
4 0.9812298238599666 0.5019988771502077 0.019404564934808376 0.03815476442797028
4 0.9922640738616142 0.5750271493827263 0.015471852276771614 0.03815476442797028
4 0.9796633697200512 0.546611972703704 0.016225017856907442 0.03492063702330857
4 0.5085617114402207 0.6521799926587878 0.01786933847375849 0.03966270072563951
2 0.4340724058409034 0.4601313911148418 0.01781479139585791 0.03653770072563951
2 0.827528530842551 0.205619928871639 0.024201159090609537 0.044568455534962845
2 0.8375717325468344 0.24357379665765383 0.017732970779006863 0.03185020072563942
2 0.8505217459395149 0.268918537039007 0.01784206493480802 0.038100200725639424
2 0.5558387171255589 0.13615319937487702 0.02104888555165907 0.042896828130301136
2 0.6719150994275118 0.605825803914048 0.016115923701106104 0.028670637023308566
2 0.5366127991032004 0.5573932823145016 0.01781479139585791 0.03653770072563951
2 0.5554133920411857 0.6044220497376968 0.011319329545304768 0.022256945916316086
2 0.6412597942352316 0.23792154130017623 0.02255683847375849 0.039826391832631994
4 0.43536394480112917 0.5789086729660072 0.022393197240056395 0.030451391832631992
4 0.4865683400953163 0.28788187968209644 0.01973184740221221 0.05690476442797028