2 0.3756831968254284 0.7148315864098016 0.023673849336070064 0.04226390965492612
2 0.3524678897420319 0.8093410570767066 0.01896816861791084 0.03881112772394095
2 0.40481163974203194 0.8130012886393747 0.02520907825883114 0.03768567029858767
2 0.30492474834968003 0.9209069877668543 0.03154089149054773 0.05218521287323483
2 0.3873968807650415 0.8508619215590955 0.02529998184962743 0.05331067029858758
2 0.22686390174408447 0.7700768252619368 0.015834078258831142 0.037030106436617416
2 0.13338102557523893 0.9833313060683004 0.02521816861791084 0.033337387863399216
2 0.7522962146812133 0.598140021210449 0.018986349336070064 0.04193612772394069
2 0.822617805040293 0.601494250175227 0.02366475897699054 0.04070140965492612
2 0.8251292058024188 0.7071815214625504 0.015861349336070064 0.04171760643661741
2 0.6128297145830175 0.5235174436027237 0.018931807181592396 0.03256112772394069
2 0.4860035941697086 0.5599798314661231 0.02521816861791084 0.03924817029858776
2 0.15854919721821187 0.9591286175844822 0.022102258976990453 0.04059214901126431
2 0.07591448010111153 0.7884394231485793 0.022065897540671963 0.03434214901126431
2 0.5279411092950191 0.60589861884499 0.022156801131468028 0.04996714901126431
2 0.6384609736582039 0.5511014942231423 0.012690897540672097 0.03368658514929379
2 0.622713253810629 0.5711026377865249 0.015788626463433174 0.029217606436617416
2 0.8591820189359396 0.6306243753012778 0.018931807181592576 0.03256112772394069
2 0.719728633495516 0.6880876780153834 0.02362839754067192 0.03445140965492612
2 0.7124473986208265 0.7305647551189055 0.018940897540672096 0.03412362772394086
1 0.183195714975801 0.7529550272394082 0.02059430113146816 0.0498578883676025
1 0.11648039276709402 0.8014364498837846 0.019059072208706996 0.05443612772394095
2 0.838742774789672 0.5166493566118444 0.015852258976990184 0.04015510643661742
4 0.44429684143923415 0.743076554730918 0.026944295081343838 0.0674824309422494
4 0.4904042269778536 0.7439559937189392 0.01907725292686635 0.05756112772394069
2 0.5125337570320829 0.7017356427302034 0.025254530054229285 0.045498170298587756
4 0.3792086935057787 0.5118704773752942 0.011201120413308896 0.04607732450563216
4 0.3581649404807166 0.5018017086858608 0.014289758976990452 0.0400458457929556
4 0.3690297176080796 0.515066533191493 0.017469301131468207 0.04963936708027905
4 0.4176944765850701 0.47939111314500665 0.01591589149054773 0.051092606436617415
4 0.4406052566392994 0.4372253924781019 0.015897710772388506 0.04796760643661742
4 0.40288254284184877 0.4728843870302203 0.015806807181592396 0.03234260643661742
4 0.3908683561717612 0.5228461822027572 0.019049981849627428 0.052873627723940685
4 0.41357005796715923 0.5166179615358524 0.01428066861791084 0.038483345792955606
4 0.4025871061717612 0.5236656370302203 0.012754530054229284 0.04462408514929379
4 0.461589922330344 0.45745041116753526 0.01749657220870695 0.05432686708027923
4 0.36996043765204617 0.6237695438351547 0.01748748184962743 0.052764367080279054
4 0.3162769014494969 0.5817188016288248 0.022174981849627427 0.053092149011264314
4 0.2614757719610016 0.597425929100664 0.01591589149054773 0.051092606436617415
4 0.29293030504029305 0.5644548919738988 0.018995439695149673 0.04349862772394068
4 0.288810431601922 0.6009004903647444 0.01747839149054773 0.051201867080279226
4 0.27326724483363857 0.585745383928127 0.014307939695149674 0.0431708457929556
4 0.9226889652703886 0.9833491345583809 0.015997704722264316 0.03330173088323818
4 0.9384230495793439 0.9780360627766896 0.015915891490547552 0.04392787444662076
4 0.9762422539088249 0.6606939235759078 0.01738748789975162 0.03557686708027905
4 0.9696109797083281 0.5914522506794301 0.014326120413308985 0.046295845792955606
4 0.959527452580965 0.5782420564956288 0.014353391490547906 0.0509833457929556
4 0.9786956090986274 0.5076781842195696 0.01428975897699054 0.0400458457929556
4 0.9567160699692117 0.5241172852083053 0.01110112646343282 0.028889824505632156
4 0.9286410669441498 0.5135568436223942 0.012690897540672097 0.03368658514929379
4 0.9356086844305924 0.524986016518872 0.015834078258831142 0.037030106436617416
4 0.9346138109922213 0.5616501361970411 0.015861349336070064 0.04171760643661741
2 0.9296036032448949 0.6167911042660558 0.020467036104353298 0.027982888367602498
4 0.8111859222321481 0.4170264150259331 0.012772710772388507 0.04774908514929397
4 0.4527245033196497 0.23486521698373403 0.018986349336070064 0.04193612772394086
4 0.46447052439688863 0.23099717181119703 0.015834078258831142 0.037030106436617326
4 0.48328870208998576 0.22058954953513785 0.015843168617910665 0.03859260643661733
4 0.4300773436787294 0.23171843765063888 0.017332945745273776 0.02620186708027905
1 0.1692984040817755 0.32055779048095995 0.014262487899751574 0.0353583457929556
1 0.18736260285211148 0.3054080378830699 0.017360216822512743 0.03088936708027905
1 0.20299669321119113 0.3049381443196873 0.012681807181592375 0.03212408514929388
1 0.3049273527539156 0.2487588361577001 0.014244307181592397 0.0322333457929556
1 0.32139269008793314 0.23974982291614827 0.01426248789975162 0.0353583457929556
2 0.8693842416121846 0.4890924391632481 0.011046584308955687 0.019514824505632154
4 0.14590933841417203 0.7136140217915266 0.030114746876742027 0.07551345222957302