2 0.4237752616520679 0.2812350647986392 0.031184298022528624 0.04473214664195542
2 0.4115323517450403 0.1845510377567972 0.026169016091543363 0.03988095553496285
2 0.4644224049633491 0.1905356537287135 0.032419016091543365 0.040099210344286276
2 0.3734317821830867 0.06527524810108346 0.041214861884498966 0.05443452885594056
2 0.4498082479063131 0.14953863149619492 0.0350741225281606 0.05577877404661713
2 0.27875805657250335 0.20093498430608533 0.02293475544788164 0.03820932813030113
2 0.7936828421097848 0.4641070406672041 0.02638753737886681 0.043005955534962934
2 0.863197666615417 0.4726437377646464 0.03107503737886681 0.04316964664195542
2 0.8739005838119116 0.36811000518784154 0.02482503737886681 0.04295139183263199
2 0.6491405204541442 0.51379456053747 0.02416947351689629 0.033576391832631815
2 0.5252934750295057 0.4562499337657805 0.032528276735204996 0.04166171034428636
2 0.22994422611478652 0.011078854539170948 0.02863845222957302 0.022157709078341897
2 0.13552722661898958 0.15738093566469696 0.027512994804219915 0.036810519237293705
2 0.571108719581624 0.4170584589935239 0.031621340597175515 0.05098214664195542
2 0.6712122624083726 0.4934448550025071 0.017919473516896288 0.033358137023308566
2 0.6624328421097848 0.468690391662996 0.02082595222957302 0.030342264427970278
2 0.9024022782478145 0.4509125815040441 0.02416947351689629 0.03357639183263199
2 0.7674320625245881 0.36869533694633977 0.030637994804219915 0.03691964664195542
2 0.755942905467552 0.3275891873091595 0.0242787341605581 0.03513889183263199
4 0.9033963317182245 0.5323262726110367 0.028714861884498788 0.05399801923729371
2 0.868589642982305 0.5609522696158118 0.024715776735204996 0.041388891832631815
4 0.49795580682460494 0.2668972570867581 0.0407449683211162 0.07000496515360961
2 0.5627174293527657 0.3194567726958547 0.03452781930985207 0.04796627404661713
4 0.41610414532809353 0.48512395663127117 0.020356058666190436 0.04591270072563951
4 0.39461155758090954 0.49135659846390317 0.023153276735205175 0.041334328130301044
4 0.40634673307527736 0.47998258884525635 0.026933840597175518 0.050818455534962934
4 0.4576796401323134 0.5196973640729998 0.025371340597175517 0.05076389183263199
4 0.4713268768907616 0.5356671044543531 0.02359031930985207 0.04758432813030104
4 0.4362963130287912 0.5274925059056317 0.022606973516896466 0.033521828130301044
4 0.4936771242928716 0.5528992444728864 0.02882412252816078 0.0555605192372937
4 0.4114716396281103 0.37407732922660947 0.028714861884498965 0.05399801923729371
4 0.3702617676041527 0.46792902214770055 0.031839861884498964 0.054107146641955414
4 0.305330900271772 0.37935016098510765 0.025371340597175517 0.05076389183263199
4 0.3338436663633154 0.41751235989664853 0.02805929802252862 0.044623019237293705
4 0.31647049606472766 0.39305799691995713 0.023371798022528624 0.04445932813030105
4 0.9929576783443593 0.08652764457340283 0.014084643311281297 0.06477182813030113
4 0.9973391757464694 0.11532476716874111 0.0053216485070613825 0.05049107332097771
4 0.9990239570087635 0.5082488771502076 0.0019520859824730507 0.04602182813030105
4 0.9930744237788331 0.5196228867688545 0.013851152442333614 0.050709328130301046
4 0.9916118797407532 0.5731025508340052 0.016138452229572664 0.03017857332097762
4 0.9805158426139879 0.6048163423038174 0.017919473516896288 0.033358137023308386
4 0.9718456829590618 0.5816243789643062 0.022934755447881726 0.03820932813030105
4 0.9785437971893494 0.543015746750321 0.02482503737886681 0.04295139183263199
2 0.9716111001555564 0.4774725923038174 0.03398151609154354 0.04015377404661713
4 0.8383172709583473 0.654422016620587 0.02202781930985225 0.04752976442797028
4 0.4684032447273453 0.7738491507334887 0.02638753737886681 0.043005955534962934
4 0.47894190698016137 0.7789632366683381 0.022934755447881726 0.03820932813030105
4 0.497112752773117 0.7924255359426986 0.023044016091543364 0.03977182813030104
4 0.4455831037618527 0.772296574417286 0.022169930942249394 0.027271828130301046
2 0.8983371271428631 0.594372404825022 0.015482888367602499 0.02080357332097762
4 0.19638795298587758 0.24375245608311702 0.044416271539425 0.07792659255827142
2 0.3220324451922075 0.2934027373013103 0.03532549480421991 0.03708333774894799
2 0.43907783355980995 0.3096775233288269 0.026606058666190435 0.046130955534962846
2 0.5737909591900638 0.48901530454702014 0.027512994804219915 0.036810519237293705
2 0.7101926349365333 0.5469046717000628 0.017263909654925948 0.023983137023308565
4 0.9944510714911525 0.5758456049176891 0.011097857017695034 0.0399355192372937
4 0.9974366367781187 0.6500643549176891 0.005126726443762664 0.03988095553496294
4 0.9925197258242477 0.6199229871316743 0.014960548351504599 0.03664682813030105
4 0.5177480448435607 0.650736543747247 0.024715776735204996 0.04138889183263199
2 0.46286453084570434 0.44824895000784915 0.02605975544788173 0.038318455534962936
2 0.8810960887555901 0.25821665001569843 0.03296531930985225 0.047911710344286186
2 0.8877338548471336 0.29714274075987135 0.02427873416055846 0.03513889183263199
2 0.8975130464330447 0.324994922248217 0.02616901609154354 0.03988095553496276
2 0.6187767691936366 0.14677075164446252 0.029621798022528623 0.04467758293962456
2 0.6847334490506052 0.6308084457466799 0.02082595222957302 0.030342264427970278
2 0.5545435684766729 0.5609547919331485 0.02605975544788173 0.038318455534962936
2 0.5681961590738484 0.610600127867998 0.015701409654926123 0.02392857332097762
2 0.6925416871464358 0.26088532614656657 0.03107503737886681 0.04316964664195542
4 0.4515278291203345 0.566118496286985 0.028856973516896468 0.03374008293962447
4 0.5329699451922074 0.2860366374866447 0.032167643815484225 0.05879464664195542