2 0.48625716247654277 0.7267528296908685 0.03701415258848364 0.046112587005972115
2 0.49902174396186927 0.825353983851181 0.032053636803468066 0.04131598423243048
2 0.5480661887143149 0.8101114967689588 0.036741136803468064 0.04142508700597212
2 0.4976174096339454 0.948591462099688 0.04858868942018653 0.05730466014423641
2 0.5466170807794548 0.8522080777910073 0.042247684158514785 0.05559668977951375
2 0.3707070281627363 0.8325099075787851 0.02718412628012441 0.03808188145888884
2 0.7840598127165391 0.48168259792697976 0.0322356473268119 0.04444098423243048
2 0.8491464864222973 0.4605719705521535 0.036923147326811546 0.044550087005972114
2 0.8900815705384598 0.560608991353716 0.030582142065139806 0.04284211664125017
2 0.6298882522073128 0.4601498239912852 0.028564615756780754 0.03499324905006951
2 0.5284160284450851 0.5397080777910073 0.03683214206513981 0.04298758700597212
2 0.24060927546131322 0.9028197947372572 0.03187162628012441 0.03819098423243048
2 0.5831336205243424 0.5682883258911463 0.03894067363517095 0.05239895459715278
2 0.6628295548240314 0.47652035961048667 0.022223610495108837 0.03328527868534721
2 0.656473139010781 0.5013385216545838 0.025257605233436918 0.03179551386770836
2 0.8928887811465082 0.47485332930961877 0.028564615756780397 0.03499324905006951
2 0.7874038915710297 0.579284296540209 0.03343412628012423 0.038227351823611144
2 0.7969377862670056 0.6224167007005215 0.028564615756780754 0.03499324905006951
1 0.3251138071019315 0.8400308136389587 0.03572466837349921 0.05076371941479181
1 0.2760840438771647 0.9091068155388197 0.0375601841585147 0.05548758700597212
2 0.8323769443995097 0.37358046361829933 0.028928636803468067 0.04124324905006951
4 0.5581776651073788 0.729206988885174 0.04931673151356133 0.06980466014423606
4 0.6001908598598243 0.7138008476426394 0.039304694681858446 0.05864895459715278
2 0.605182196747997 0.6655451855985421 0.04032116311182747 0.04931032218833344
4 0.41325376002923353 0.5315663098392365 0.02763915258848364 0.04589438145888884
4 0.39128775476756167 0.5294946635627087 0.027366136803468066 0.041206881458888844
4 0.4058052810759209 0.5376344718833337 0.032599668373499216 0.05069098423243066
4 0.4363958574407499 0.4868538750937157 0.032599668373499216 0.05069098423243048
4 0.4413416916980866 0.43781696304961837 0.030855157850155378 0.047529616641249994
4 0.4207253548099139 0.4857089491819101 0.027002115756780753 0.034956881458888846
4 0.42768028107592093 0.5381436181598614 0.03590667889684287 0.05388871941479181
4 0.4463014784592024 0.5229732130496185 0.027275131541796328 0.03964438145888884
4 0.4391715179217413 0.5345101250937156 0.027548147326811722 0.04433188145888885
4 0.46858673116062555 0.45015396209968783 0.03599768415851479 0.05545121941479181
4 0.446967878346263 0.6415777426848962 0.035906678896842695 0.05388871941479163
4 0.374911596846819 0.5564201862641323 0.0391226841585147 0.05552395459715278
4 0.33850293096298145 0.6546570113022572 0.032599668373499216 0.05069098423243048
4 0.3547502862670056 0.6121246723964239 0.03388915258848364 0.046039851823611144
4 0.3703143730845911 0.6382332307170488 0.034253173635170955 0.05228985182361114
4 0.34462412834626294 0.6391956654625697 0.02911064732681181 0.04436824905006951
4 0.9978325853256997 0.4627553324437509 0.004334829348600522 0.03655574905006951
4 0.9789635180629157 0.3988376495980911 0.02920165258848364 0.04593074905006942
4 0.9644004891237206 0.38991659127746614 0.031037168373499215 0.05065461664125
4 0.9553447365634717 0.31480748850392437 0.027366136803468066 0.041206881458888935
4 0.9419115681193853 0.33868074638770906 0.02047909997176518 0.030123911094166723
4 0.9130508207502214 0.3387891959508688 0.02222361049510866 0.03328527868534721
4 0.9228808470585804 0.34681990149795217 0.027184126280124586 0.03808188145888893
4 0.935865965446197 0.38223072463621605 0.030582142065139806 0.04284211664125
2 0.9523323996047118 0.4372273491612508 0.02829159997176518 0.030305749050069507
4 0.7704314102692299 0.287878046540209 0.02929265785015538 0.047493249050069505
4 0.3775312787274337 0.23972364874506974 0.03223564732681172 0.04444098423243057
4 0.3872325024190744 0.2321475380877434 0.027184126280124322 0.03808188145888884
4 0.40033944717152004 0.2160685964083684 0.028837631541796284 0.039680749050069485
4 0.3560202997741211 0.24546450246854196 0.02507559471009326 0.028670513867708358
1 0.15177866275889146 0.4224952086812154 0.025530621018452538 0.03648301386770836
1 0.16309559435715743 0.40247364941065983 0.026911110495108838 0.033394381458888886
1 0.17752982067963413 0.39578789152687516 0.022223610495108837 0.03328527868534721
1 0.24954976287183098 0.3061818372903127 0.025439615756780755 0.03492051386770836
1 0.26040396288594836 0.29161084422416683 0.025530621018452493 0.03648301386770836
2 0.8496785654885495 0.33575380850805625 0.016899073663405772 0.02223867591180557
4 0.2763731992376585 0.806908535903542 0.054459257821920556 0.07772626291777777