2 0.31828505983923644 0.3647934581889739 0.03542966014423614 0.04731461575678066
2 0.25402123166697943 0.29265241865584785 0.030633057370694505 0.04235409997176518
2 0.30036890159486135 0.2672660108056924 0.03691942496187508 0.044280621018452496
2 0.15990624933440992 0.21520922909448692 0.046621733282500036 0.05888915258848364
2 0.26768303495361134 0.24100661866996526 0.0418978656913195 0.05705363680346807
2 0.15593053020395867 0.3805080054028462 0.027435322188333354 0.03904708944842135
2 0.7182298552420836 0.30551310857014463 0.032268292553055564 0.04557010523343692
2 0.7808383048052433 0.27292114547243473 0.035393292553055566 0.04575211575678075
2 0.734851697947639 0.1793755427992465 0.02910692496187508 0.043825594710093264
2 0.6233557259673962 0.43073218742463515 0.028925087005972117 0.036013094710093264
2 0.49012565187920176 0.4541381372975783 0.03691942496187508 0.044280621018452496
2 0.01506652801975715 0.2439852184299689 0.019731924961875036 0.043279563140062205
2 0.01703233757465314 0.42927797632247666 0.014935322188333367 0.03831904735504672
2 0.5075300510055212 0.3952335741575161 0.03713763050895835 0.05365562101845249
2 0.6342925727570142 0.3964558979620963 0.022638719414791807 0.03408657366340586
2 0.6113453820275698 0.3852754742563381 0.024164851823611146 0.03261507892507769
2 0.8017859312301392 0.23180332180902882 0.028925087005972117 0.036013094710093264
2 0.6463171812301391 0.2408583453453778 0.03368532218833344 0.039411110495108835
2 0.6212801604285766 0.20711267690129148 0.027398954597152782 0.03748458944842144
1 0.1778250204203129 0.44729368700111216 0.04520470364722229 0.06504814732681172
1 0.10758460239229202 0.42087467114550947 0.037210365691319504 0.05678062101845249
2 0.8340373464083684 0.3402304718372637 0.029070557370694416 0.04226309471009326
4 0.3686656131258683 0.3110090345538029 0.0484751740119445 0.07148015785015556
4 0.41043488582729193 0.2905831424886629 0.03884560087368065 0.05999662628012441
2 0.4501883700597225 0.31799551094686673 0.040189895326597204 0.05071263154179624
4 0.41314688421177126 0.5415464030120066 0.027617160144236097 0.04685958944842135
4 0.39870317771475744 0.5595984529978892 0.027508057370694505 0.042172089448421345
4 0.4030270018029519 0.5437004372128736 0.032413762917777734 0.05182010523343692
4 0.4634923763279867 0.5534779846385074 0.032413762917777686 0.05182010523343692
4 0.5040271105604172 0.5808448504658753 0.030778527735416717 0.04860409997176518
4 0.4528276332618407 0.5658337714702104 0.025800087005972118 0.03583108418674961
4 0.41906957589114635 0.5271198819653192 0.035611498100139014 0.055127115756780753
4 0.4432337745043754 0.5233655504094056 0.02747168977951393 0.04060958944842134
4 0.42909853932201436 0.5210595977644521 0.027580792553055566 0.04529708944842135
4 0.5165628249412157 0.5480400557416646 0.0356478656913195 0.056689615756780755
4 0.3546420935585768 0.4479475924321932 0.03404899810013893 0.055036110495108835
4 0.3239564444322574 0.5076257002964661 0.038772865691319505 0.05687162628012423
4 0.2662894147969796 0.5172428949783245 0.032413762917777866 0.05182010523343692
4 0.310457642095556 0.5326634976515127 0.03230466014423623 0.04713260523343692
4 0.2901990402719449 0.5025510634224108 0.03401263050895835 0.053473610495108834
4 0.28284113516170184 0.5225373397307701 0.029143292553055568 0.045388094710093266
4 0.8954437058314237 0.15515825084704601 0.027435322188333444 0.03904708944842143
4 0.9211535270698267 0.21781016929113237 0.029179660144236407 0.04695059471009326
4 0.9176291367772226 0.23444393244531198 0.030851262917777688 0.05172909997176518
4 0.9673758700597226 0.2878727693334847 0.02590918977951375 0.040518584186749605
4 0.9391053996950003 0.283260864043578 0.02100348423243048 0.030870568401734032
4 0.9184662445847571 0.30402068507614793 0.022638719414791807 0.03408657366340595
4 0.9197378038553128 0.2914296798144761 0.027435322188333444 0.03904708944842143
4 0.9025678344405211 0.25957273506203044 0.02910692496187508 0.043825594710093264
2 0.872552372909514 0.21360008240295972 0.02725348423243048 0.031234589448421436
4 0.8543336222439241 0.43918391132803747 0.029216027735416716 0.04851309471009326
4 0.6073917659550007 0.7531910163497129 0.032268292553055564 0.04557010523343692
4 0.6198735821594104 0.7516817242563381 0.027435322188333444 0.03904708944842135
4 0.641784949750591 0.7519701505929323 0.02747168977951393 0.04060958944842134
4 0.5873338390932645 0.7653115847514469 0.025654616641249996 0.029581084186749606
1 0.307283316391841 0.7996157792215438 0.02583645459715278 0.03739358418674961
1 0.3300850367565632 0.8045462029273021 0.02732621941479163 0.034359589448421345
1 0.3479992353697924 0.8011558924180757 0.02263871941479172 0.03408657366340577
1 0.4646236909168756 0.803751000423523 0.024237587005972117 0.03574007892507787
1 0.48264699230364655 0.8050481899142967 0.02427395459715278 0.037302578925077864