2 0.30800197035782473 0.32639111084804473 0.03195262902925915 0.045388094710093266
2 0.2695634784163431 0.24157576606736422 0.02685502591898139 0.04042757892507769
2 0.3214383367104171 0.22611809506302913 0.03310502591898139 0.04079159997176518
2 0.20572444528731512 0.14502626073510522 0.04214783524981467 0.05530912628012437
2 0.29859615900074116 0.19402593188061462 0.03603453628657398 0.05650760523343697
2 0.1494567385011117 0.30842090280024514 0.023593324882222166 0.038683068401734036
2 0.023438917059259497 0.12299788424321931 0.033241726955740666 0.04235409997176513
2 0.7029829882182878 0.3515767664908872 0.027128427992499836 0.04355257892507769
2 0.7723187485858803 0.3319930376081618 0.03181592799249984 0.043825594710093264
2 0.7586847670119912 0.23018761390240358 0.025565927992499838 0.04346157366340595
2 0.5742633744575935 0.4546779216396196 0.02474572177194432 0.03408657366340577
2 0.4409819827516676 0.4500043741433986 0.0332417269557407 0.04235409997176518
2 0.052775102544629915 0.14305277900978236 0.030116726955740657 0.042172089448421435
2 0.00521659736083363 0.3258876658132504 0.01043319472166726 0.03739358418674961
2 0.47603021748310265 0.39588602154079755 0.03249943317629622 0.051638094710093264
2 0.5948977946743991 0.42316261113039333 0.018495721771944317 0.03372255261671846
2 0.5768702560787509 0.4071126769012915 0.02134731969842587 0.03077956314006225
2 0.8050136713945839 0.2958889376363967 0.02474572177194432 0.03408657366340586
2 0.6554722926481487 0.2727307006494019 0.031269123845462946 0.037575594710093266
2 0.6425519190855098 0.23384250589695635 0.02488242280870363 0.03564907366340595
1 0.1487739418469452 0.37841488438439363 0.038143840433611007 0.06284861049510884
1 0.091732421394584 0.33743283958959575 0.03134703628657398 0.05623458944842143
2 0.8012844957111582 0.40958741658970926 0.0254292269557407 0.04189907366340595
4 0.37235699627680613 0.28377940564284254 0.04195234561740726 0.0708431210184525
4 0.41764010197898205 0.27259200568519487 0.03162043836009243 0.059359589448421436
2 0.44645887761513947 0.30744514782092197 0.0353510311027776 0.04869510523343701
4 0.34155888972615844 0.5203084398437096 0.02115183006601846 0.0463135578783902
4 0.32242818091370473 0.5346362503529358 0.023866726955740703 0.04180806840173403
4 0.33068974024453807 0.5201642266754125 0.02781193317629622 0.05136507892507769
4 0.38468417313801034 0.5426692872552259 0.026249433176296223 0.05127407366340577
4 0.41421584825578817 0.5782581767601171 0.024413531102777598 0.04805806840173403
4 0.37143231743583444 0.5519910793486008 0.023183221771944408 0.03399556840173403
4 0.3512462480202325 0.5073079109045144 0.031210335249814668 0.05467208944842135
4 0.37525994646509364 0.5082410793486007 0.02216752591898139 0.04015456314006229
4 0.363238400093751 0.5035003714419755 0.02257762902925915 0.0448420631400623
4 0.4362760674358344 0.5482143609892189 0.02978453628657398 0.056143584186749605
4 0.3157666607441675 0.41532480823132617 0.02964783524981467 0.054581084186749604
4 0.2676422275678713 0.46787295555813796 0.03277283524981467 0.05476309471009326
4 0.2103081811965287 0.4657714002399963 0.026249433176296223 0.05127407366340577
4 0.2470467635716213 0.4900587686982002 0.02882762902925915 0.04520608418674961
4 0.2376225368987046 0.455630560791575 0.027948634213055445 0.052927578925077864
4 0.22433172497597315 0.47428185025411385 0.02414012902925915 0.044933068401734035
4 0.9172006045708802 0.2396095745810391 0.023456623845462942 0.037120568401734035
4 0.9214103594718525 0.30698679038017207 0.02427683006601846 0.046495568401734036
4 0.9130804496226397 0.32224006405769534 0.024686933176296222 0.05118306840173403
4 0.942495256078751 0.3858174456700788 0.02216752591898157 0.0401545631400622
4 0.9185888643728248 0.3747735298568284 0.01665981969842605 0.030506547355046633
4 0.892290204523612 0.39107336404357795 0.018495721771944317 0.03372255261671846
4 0.8972217122993064 0.3791271008893983 0.02359332488222208 0.038683068401734036
4 0.8909224856263898 0.34451688245942946 0.025565927992499838 0.04346157366340586
2 0.8776015708762044 0.2924384429686557 0.02589811866166656 0.029490078925077778
4 0.7892739283218067 0.511331927113053 0.022851031102777596 0.04796706314006229
4 0.45742116969764035 0.768504474185751 0.027128427992499836 0.04355257892507769
4 0.46900321866088124 0.769384434723212 0.02359332488222208 0.038683068401734036
4 0.48955016451384414 0.7744058636906421 0.02373002591898139 0.04024556840173403
4 0.43493101503222376 0.7768097978491568 0.022636417624907423 0.027745568401734033
1 0.15957899198796444 0.7524292370575819 0.0218941238454629 0.037029563140062116
1 0.18049708473064965 0.762092663394176 0.024609020735185096 0.032524073663405775
1 0.19632713628578852 0.7588388607774574 0.018495721771944407 0.03372255261671846
1 0.307177161921946 0.7889142266754126 0.021620721771944316 0.03390456314006211
1 0.32459910777490897 0.7941176661661863 0.020331623845462943 0.03693855787839038