2 0.37964085330847275 0.7068188806095026 0.033798147326811814 0.04411362667090888
2 0.3770780244539822 0.8044387679424118 0.028928636803468067 0.04093408267027243
2 0.42936856654735694 0.791338783935412 0.03517863680346807 0.04100680800445424
2 0.35118411141274203 0.927313193944957 0.043810184158514696 0.05516021467218124
2 0.419098924482217 0.8336171906031392 0.03756018415851479 0.055087489337999784
2 0.24348427445398216 0.8059932719605472 0.02562162628012441 0.0377727200031817
2 0.7310268609892191 0.47788262189691383 0.029019642065139805 0.042496582670272606
2 0.7999966688676093 0.459904233887687 0.033707142065139986 0.04255112667090888
2 0.8205983242281032 0.5619389012174144 0.027457142065139807 0.04247840133672707
2 0.582065716222656 0.44838712058404917 0.026911110495108838 0.03310340133672725
2 0.463816974185751 0.5215893579328668 0.03526964206513981 0.04256930800445424
2 0.21468589831503215 0.9921398572963198 0.030233531570031058 0.009720445337363515
2 0.10404307187961599 0.867731297979001 0.03021812101845254 0.03626476400381797
2 0.5126871136906421 0.5538109645926397 0.034253173635170955 0.051926126670909054
2 0.6060646583442656 0.46528371924732215 0.020661110495108836 0.03303067600254543
2 0.5998755715266801 0.4911195132479585 0.02369510523343692 0.031504538669636165
2 0.841183110989219 0.47660083788196 0.026911110495108657 0.03310340133672707
2 0.7144015321347285 0.5756661412317319 0.03187162628012441 0.03784544533736352
2 0.7073023927004245 0.6171269352323683 0.027002115756780753 0.03466590133672707
4 0.8334153845961552 0.39549628855032354 0.03121917889684269 0.05345226400381797
2 0.7957179635212329 0.3725133218889597 0.025803636803468068 0.0408977200031817
4 0.4558393322617853 0.7121779952657759 0.044629231513561504 0.06922271467218159
2 0.5148117848361515 0.6513763079249125 0.037196163111827295 0.048837489337999786
4 0.3514457768024694 0.5072825046149114 0.02451415258848364 0.04556703866963616
4 0.32975278732581315 0.5044120432845476 0.024241136803468066 0.04087953866963616
4 0.3424880057557821 0.5136325019494115 0.029474668373499213 0.050309082670272606
4 0.3896584083442656 0.4678018339433662 0.027912168373499212 0.05029090133672707
4 0.402378216222656 0.45047797394177547 0.027821163111827297 0.04872840133672725
4 0.36810192676011716 0.46258762261300246 0.023877115756780753 0.03462953866963616
4 0.42309253462439 0.42993820727245735 0.03131018415851479 0.055014764003817974
4 0.35831115585460405 0.6172842132797752 0.03121917889684287 0.05345226400381797
4 0.30793870050822764 0.5304296506206384 0.03599768415851479 0.05506930800445424
4 0.2516061295462448 0.6263330439608654 0.027912168373499212 0.05029090133672707
4 0.27667401898054883 0.5846631646244564 0.03076415258848364 0.04563976400381797
4 0.2618456795321274 0.6113802059595927 0.025985647326811724 0.044022720003181706
4 0.9602061267742347 0.4705315565325062 0.025530621018452847 0.036210220003181706
4 0.9421533477644524 0.4051610952021424 0.026076652588483285 0.0455852200031817
4 0.9294181293344833 0.3959406365372787 0.027912168373499212 0.05029090133672707
4 0.9416898871564039 0.31928722986955144 0.024241136803468066 0.04087953866963625
4 0.9176230556004903 0.34376960920596045 0.01891659997176518 0.02988749466899989
4 0.9029459055722555 0.31427301320818757 0.02066111049510866 0.03303067600254535
4 0.8968933266471776 0.3377650572088239 0.025621626280124588 0.0377727200031817
4 0.9071636977362175 0.37590085654046035 0.027457142065139807 0.04247840133672707
2 0.9072477267459996 0.44148040320659676 0.036741136803468064 0.041024989337999786
4 0.7571552634365283 0.28395989922823206 0.02460515785015538 0.047129538669636165
4 0.37540400547343333 0.21657568861395698 0.029019642065139982 0.04249658267027252
4 0.3859697791509567 0.20942625994591157 0.02562162628012441 0.0377727200031817
4 0.40250483176767515 0.19361944661045713 0.025712631541796326 0.0393352200031817
4 0.3525202423192537 0.2207455679503659 0.023422089448421436 0.02681703866963616
2 0.8228565871705215 0.3355036705522325 0.016808068401734034 0.02049431333545453
4 0.1562873823182551 0.7749983579726376 0.0497717578219206 0.07708975867281787
2 0.2772516006776368 0.7087910079567292 0.03655912628012441 0.03789998933799978
2 0.39230745328023786 0.6770041112746845 0.02920165258848364 0.04562158267027243
2 0.5090153530967113 0.482808121260367 0.03030912628012423 0.03782726400381797
2 0.6391193530261241 0.4071257739099587 0.018643584186749607 0.025199994668999894
4 0.9594564269012913 0.6040434905315516 0.013379231513561508 0.06885908800127254
4 0.9587122452324384 0.5095849658657334 0.02451415258848364 0.04556703866963616
4 0.956989392488663 0.39171621320023337 0.029474668373499213 0.050309082670272606
4 0.9287880687546698 0.33973608987114223 0.030491136803468065 0.040952264003817976
4 0.9260340660532467 0.26638040587209677 0.028928636803468067 0.04093408267027252
4 0.9179639608198098 0.29770313120627856 0.025530621018452493 0.036210220003181706
4 0.4366838687405524 0.33062855060473006 0.027366136803468066 0.04091590133672707
2 0.4027961741998684 0.5371330892743663 0.027275131541796283 0.039353401336727066
2 0.8385832138035816 0.66868834054746 0.035542657850155736 0.04725680800445424
2 0.8408583453453777 0.6296258405474601 0.027002115756780753 0.03466590133672707
2 0.847965190055471 0.6014372058800509 0.028837631541796326 0.03937158267027243
2 0.5873329849914433 0.8137030379137766 0.03232665258848364 0.04565794533736343
2 0.6054338687405524 0.3286649665818221 0.02369510523343692 0.031504538669636165
2 0.4825508346102726 0.41441265726450316 0.027275131541796328 0.039353401336727066
2 0.4917585056146077 0.36355868193032137 0.01699007892507769 0.023619313335454438
2 0.6498546427710116 0.6919638505729134 0.033707142065139806 0.04255112667090888
4 0.37979756093274925 0.42263478461172976 0.030127115756780752 0.03470226400381797
4 0.488499913817699 0.687595618594867 0.03461719468185844 0.05817612667090888