2 0.37227066777757234 0.7044660399427298 0.03430929802252862 0.044113626670909054
2 0.363043497226883 0.8029308119430482 0.029403276735205174 0.04093408267027252
2 0.41458957173251515 0.7914024186028211 0.03409077673520504 0.04098862667090906
2 0.3325915366994368 0.9258416006126844 0.04444912252816069 0.055160214672181594
2 0.4031004146754792 0.832908665937321 0.03819912252816078 0.055087489337999784
2 0.23357451851420646 0.80131486262732 0.02605975544788164 0.0377727200031817
2 0.7250125275683843 0.48257012189691384 0.02951253737886681 0.042496582670272606
2 0.7941285143268326 0.46537298388768694 0.03420003737886681 0.04255112667090888
2 0.8119173118451581 0.5682070825509599 0.02638753737886681 0.042460220003181705
2 0.5774162617289426 0.4499405299172766 0.02729447351689629 0.03310340133672725
2 0.4576557827641644 0.5215893579328668 0.03576253737886681 0.04256930800445424
2 0.1946273609529674 0.9898961046308198 0.029108345792955605 0.014389764003817973
2 0.08807099437689139 0.8615540233131828 0.029075494804219892 0.036246582670272434
2 0.5053066789254371 0.5546013052594125 0.03485560124083733 0.05192612667090888
2 0.6057380036831708 0.4691263345799131 0.02104447351689629 0.03303067600254526
2 0.5939428440282448 0.49268201324795846 0.02249771287323483 0.0314863573360908
2 0.8350595169247225 0.48285083788196 0.02729447351689629 0.03310340133672707
2 0.7057383676613568 0.5795905725652775 0.032200494804219916 0.036282945337363516
2 0.705077449960659 0.6225320505649592 0.025841234160558103 0.034647720003181705
1 0.17828608497406692 0.8105449593014106 0.03318384059717552 0.050345445337363515
1 0.11132282407830363 0.8862631219764555 0.033511622528160735 0.05503294533736351
2 0.7979033603718897 0.3779002558880052 0.026278276735205174 0.0408977200031817
4 0.4435447342374328 0.7122234485996394 0.043869968321116205 0.06920453333863605
4 0.4889500693867266 0.6992052805935943 0.033730143815484226 0.058157945337363515
2 0.5047278886965787 0.6521848299252306 0.03765281930985189 0.047274989337999784
4 0.3455763998444435 0.5057200046149115 0.02348105866619026 0.0455488573360908
4 0.3239745514535978 0.5020682932845476 0.024715776735205176 0.04087953866963616
4 0.33660023759162744 0.5112887519494114 0.030058840597175517 0.050309082670272606
4 0.3789951872233104 0.46317796861077537 0.02849634059717552 0.05029090133672724
4 0.3948276368549933 0.4153762679424117 0.026824579953513884 0.0487102200031817
4 0.36353407818880296 0.4610160319462297 0.02427873416055819 0.03462953866963616
4 0.35831134662613484 0.5133779632797753 0.033402361884498966 0.05347044533736352
4 0.3803338120972596 0.4998512652769117 0.02460651609154336 0.039317038669636165
4 0.3701939875916274 0.5108978532781844 0.023371798022528624 0.04398635733609062
4 0.4188442910620377 0.42914786660568466 0.031949122528160775 0.055014764003817974
4 0.3488110244662912 0.6157489852800934 0.031839861884498964 0.05345226400381797
4 0.30185925083317927 0.5280859006206385 0.03507412252816078 0.055051126670908876
4 0.24217861221347511 0.6224540659611837 0.02849634059717552 0.05029090133672724
4 0.2684568889486802 0.581556345958002 0.029621798022528623 0.04405908267027261
4 0.27753695800643075 0.6079915766231838 0.030168101240837332 0.051871582670272434
4 0.2525369580064307 0.608282477959911 0.026496798022528623 0.044022720003181706
4 0.9384751859628027 0.8235565591980063 0.01072968639013112 0.06413522533418181
4 0.9539734078902151 0.4791253065325062 0.025950494804219914 0.036210220003181706
4 0.9382498549240081 0.4137366638685969 0.026606058666190435 0.0455852200031817
4 0.9256787991078094 0.4037349552037332 0.026933840597175518 0.050272720003181705
4 0.9340483100035726 0.32869859253664235 0.024715776735204996 0.04087953866963625
4 0.9152765306704775 0.35155483720564223 0.017700952229572665 0.02986931333545444
4 0.8865341716359701 0.34954744187623293 0.02104447351689629 0.03303067600254526
4 0.8945269880958305 0.358041194541733 0.02605975544788173 0.0377727200031817
4 0.8990452432916106 0.3938968785407785 0.02638753737886681 0.042460220003181705
2 0.902197740441619 0.449283812539824 0.02707595222957302 0.029978401336727068
4 0.7565295973824394 0.28861103656114123 0.025152819309851894 0.04712953866963625
4 0.3776722598873571 0.2141773946133206 0.02951253737886681 0.042496582670272585
4 0.3883201827838349 0.20702796594527523 0.02605975544788164 0.03777272000318168
4 0.40576440889862136 0.19199331194304808 0.026169016091543363 0.03933522000318166
4 0.35474285827820273 0.21834727394972958 0.023732430942249482 0.02681703866963625
2 0.8237992248542788 0.34247128588482345 0.015482888367602499 0.020476132001908988
4 0.1460798723529338 0.7687665393061831 0.049103771539425 0.07707157733927232
2 0.2652394177775723 0.7057114612905929 0.03699725544788164 0.03789998933799978
2 0.38132323968531445 0.6754779739417754 0.029731058666190257 0.04562158267027243