2 0.3614037465815275 0.32850203375008197 0.022820557370694418 0.04138889183263199
2 0.3417289858479512 0.23320689191745 0.018060322188333356 0.038100200725639424
2 0.39410910343913175 0.23347227594553366 0.02427395459715278 0.036755955534962845
2 0.2943838200041318 0.1173983534428626 0.030851262917777865 0.05103671034428627
2 0.3770495432186457 0.19378229336872882 0.024637630508958352 0.052380955534962845
2 0.21124139884197896 0.26305310462398895 0.014898954597152781 0.03642857332097771
2 0.1218197954028472 0.04022075063297219 0.024310322188333355 0.03831845553496284
2 0.7435233027179511 0.4724207363746379 0.018133057370694417 0.04122520072563951
2 0.8130909203091317 0.473286321128361 0.022784189779513752 0.039826391832631994
2 0.815545732713819 0.367817571128361 0.015008057370694416 0.041116073320977706
2 0.6044049449104163 0.5371503805695227 0.01787848423243048 0.03028770072563951
2 0.4772255022811107 0.4920511569783924 0.024310322188333445 0.038318455534962936
2 0.14772767876159718 0.06927333357259673 0.02122168977951393 0.03977182813030113
2 0.06569316270968731 0.23451389845605392 0.021076219414791698 0.033521828130301135
2 0.5188869786297566 0.4489385632389947 0.02143989532659738 0.049146828130301044
2 0.6244817087781247 0.5143949268486583 0.011701219414791807 0.03319444591631608
2 0.614089722645833 0.49057548093234227 0.014717116641249995 0.02861607332097762
2 0.8504461031547912 0.4472248181331361 0.01787848423243048 0.03028770072563951
2 0.7097133068020136 0.37975952122102824 0.022638719414791807 0.03357639183263199
2 0.6950156803771178 0.33937013419771966 0.017914851823611144 0.03185020072563942
2 0.8251168352030203 0.5612773944493388 0.014971689779513752 0.03955357332097762
4 0.43464187804041643 0.30603924590846676 0.026527438829583437 0.0664980192372937
4 0.4807174442448261 0.308430125127227 0.01849673328249999 0.05685020072563942
2 0.5031730192829511 0.35143608066218984 0.024455792553055567 0.044568455534962845
4 0.3707384597280551 0.5321181070710597 0.01042966014423614 0.04563988221398514
4 0.34942650418097176 0.5407564970895932 0.013409189779513931 0.03949900961864685
4 0.3606549449104162 0.5286384430059091 0.016752395326597204 0.048983137023308566
4 0.41459690929121484 0.5625794225874892 0.015226262917777867 0.05049107332097762
4 0.42989460097058985 0.5771875596107977 0.015153527735416717 0.04736607332097762
4 0.3948110861529509 0.5728348763083535 0.014789851823611144 0.03174107332097762
4 0.45300479264996485 0.5920685151457604 0.016861498100139018 0.053670637023308564
4 0.3568779411106941 0.4221701881965857 0.016825130508958352 0.05210813702330856
4 0.324118032866319 0.519543696001134 0.021512630508958352 0.05227182813030105
4 0.25249891242534683 0.4388542019915837 0.015226262917777867 0.05049107332097762
4 0.2837482592149649 0.4735665078893664 0.01816942496187508 0.04278770072563951
4 0.2639449054914927 0.4509821797590652 0.01348192496187508 0.04262400961864685
4 0.9185856926293056 0.07273573882170865 0.015553571238402952 0.0645535733209777
4 0.9273060759880554 0.10118812103569379 0.015226262917777688 0.05049107332097771
4 0.9674524184092703 0.4255085639567849 0.01642508700597247 0.03492063702330857
4 0.9611647443973261 0.4940948728497923 0.013554660144236407 0.04574900961864685
4 0.9507175536678816 0.5062402087846418 0.013663762917777688 0.05043650961864685
4 0.970138394473576 0.5788518187661083 0.013409189779513752 0.03949900961864685
4 0.9479003717721521 0.5600918950823109 0.010029616641249817 0.02845238221398514
4 0.9203202324294786 0.5692932802915209 0.011701219414791807 0.03319444591631608
4 0.9276060555677426 0.5586013169520097 0.014898954597153135 0.03642857332097762
4 0.9261169439604856 0.5218007213985135 0.015008057370694416 0.04111607332097762
2 0.9211398096518051 0.4668949665891901 0.027398954597152782 0.03686508293962447
4 0.8033307945498258 0.6574703481702031 0.012028527735416716 0.04725694591631609
4 0.4454786609067355 0.8146429195922641 0.018133057370694417 0.04122520072563951
4 0.4570883081331938 0.8197396473597456 0.014898954597152781 0.03642857332097762
4 0.4763831687905201 0.8305779436388814 0.014935322188333443 0.03799107332097762
4 0.4227678595199646 0.8161954959084667 0.01773301386770836 0.02403770072563951
2 0.8580559685617704 0.5905755140494522 0.011373911094166545 0.019131945916316083
4 0.13264296694624975 0.31425845135861163 0.028271776785486136 0.07436508293962456
2 0.2623661813270483 0.35084577050323806 0.027289851823611145 0.03217758293962456
2 0.3795536813270483 0.35493804817805225 0.016643292553055567 0.04429563702330856
2 0.5274066870266315 0.5196057273041452 0.021112587005972294 0.035084328130301046
2 0.6671224972471176 0.5635789605139223 0.013009146276527873 0.022311509618646853
4 0.9565357150463886 0.2898612406358072 0.021839938829583617 0.06633432813030113
4 0.9636922919843748 0.3855011228497923 0.02129442496187508 0.042896828130301136
4 0.9781340388502426 0.5040700735754318 0.01518989532659738 0.04892857332097762
4 0.9595827541809718 0.5620636228497923 0.01962282218833309 0.03815476442797028
4 0.9700831898764232 0.6148166006172737 0.01806032218833309 0.03810020072563951
4 0.9569837778323258 0.6065403091474615 0.014862587005972473 0.03486607332097762
4 0.4844164871791314 0.6869916347458739 0.01653418977951393 0.039608137023308565
2 0.4147073184855204 0.49064985888515816 0.01802395459715278 0.03653770072563951
2 0.8134221478920484 0.25749763002136844 0.022893292553055743 0.04451389183263199
2 0.8227055757037152 0.29535229408651903 0.017914851823611144 0.03185020072563942
2 0.8353685766536456 0.3223785855563313 0.018060322188333443 0.038100200725639424
2 0.5440558584731249 0.173812077666965 0.01973192496187508 0.042842264427970275
2 0.6486978459365967 0.6497247916394484 0.014717116641249995 0.02861607332097762
2 0.5139422926499648 0.5941964995366639 0.01802395459715278 0.03653770072563933
2 0.5316012649145481 0.6417262639646341 0.011446646276527871 0.022256945916316086