2 0.334073060789167 0.3486673572388539 0.030705792553055566 0.04444098423243057
2 0.28596090947864605 0.2630214511786803 0.02590918977951393 0.03964438145888893
2 0.3363966673624308 0.24699575446531222 0.03215918977951393 0.039789851823611146
2 0.20638055262104182 0.1687278969421179 0.0418978656913195 0.0556330573706945
2 0.30830738174322936 0.21560093731097196 0.0340853656913195 0.05545121941479172
2 0.17189971589941 0.3329001529260415 0.022747822188333357 0.03800914627652778
2 0.019116288753333457 0.14963632408819444 0.032195557370694475 0.04135235182361115
2 0.7401418760436462 0.3650112173274994 0.02598192496187508 0.042769381458888936
2 0.8068747811538891 0.34391616090673544 0.03223192496187508 0.04291485182361114
2 0.776385887727153 0.24300827754798546 0.02441942496187508 0.04273301386770836
2 0.6276802032659725 0.4700279852792703 0.024201219414791808 0.033358013867708355
2 0.4931779166968407 0.4676868481207982 0.03219555737069442 0.04135235182361115
2 0.05238338364309042 0.16840385467340274 0.029106924961875037 0.04284211664125
2 0.024607141811215573 0.35196189029260416 0.02739895459715281 0.03655574905006951
2 0.5192669848011114 0.4131441652751384 0.032450130508958355 0.05228985182361114
2 0.6403250204203129 0.44237511075423563 0.01795121941479181 0.03321254350298623
2 0.6226829255305559 0.4232439042572217 0.021039851823611143 0.03172277868534721
2 0.8341633265567363 0.30732404426548543 0.024201219414791808 0.033358013867708355
2 0.680492812689028 0.28745056820118 0.03052395459715278 0.03662848423243057
2 0.6539114756830557 0.2536756334556592 0.024237587005972294 0.03492051386770836
1 0.10024292144649334 0.3439480621203471 0.029288762917777822 0.05065461664125
2 0.8446852120996879 0.42354845630958265 0.024383057370694416 0.041170513867708355
4 0.39633601823611136 0.30344446979604134 0.04066267401194459 0.06965918977951394
4 0.4406126950978475 0.29147049344739545 0.031033100873680653 0.05850348423243057
2 0.47502471589941 0.3258448402370135 0.033903527735416716 0.04763871941479172
4 0.4041712745043755 0.5393274184092706 0.0213671601442361 0.04578527868534721
4 0.3873110828250005 0.5537899619122566 0.022820557370694505 0.04113414627652787
4 0.3932337745043754 0.5395819915475345 0.026163762917777868 0.050581881458888846
4 0.4553343842117713 0.5545517216959024 0.024601262917777866 0.05054551386770836
4 0.4735213397588547 0.5635084943973261 0.02456489532659738 0.048983013867708355
4 0.4392918101235769 0.5705585814032983 0.022675087005972296 0.034884146276527875
4 0.5010469277147575 0.5706845615516662 0.027835365691319326 0.055305749050069505
4 0.35805738107763924 0.4387832109623261 0.027798998100138927 0.05374324905006951
4 0.356551392095556 0.5419991299402775 0.0325228656913195 0.055414851823611146
4 0.263835908813056 0.48787663402434 0.024601262917777866 0.05054551386770836
4 0.3042433564763546 0.5111680104492359 0.027580792553055566 0.04436824905006951
4 0.27886149676895877 0.4953436419081248 0.022893292553055566 0.04425914627652787
4 0.9383592108654168 0.25018173186079784 0.02271145459715278 0.036446646276527786
4 0.9532042672861809 0.3170601073357631 0.02292966014423641 0.04582164627652778
4 0.9473179431979866 0.3328305777004853 0.02460126291777769 0.05054551386770836
4 0.9878533306407989 0.39520263792097143 0.021258057370694416 0.04109777868534721
4 0.9610362575025351 0.38488338697104085 0.01631598423243048 0.03005117591180557
4 0.9371993672099309 0.4018533346343395 0.01795121941479181 0.03321254350298619
4 0.9408146764804866 0.3892624156563881 0.02274782218833309 0.03800914627652778
4 0.9290589056789239 0.354360738794652 0.02441942496187508 0.04273301386770836
2 0.9067650251699657 0.30328920127558956 0.025654616641249815 0.028706881458888844
4 0.8532445541396532 0.5226217359448604 0.021403527735416716 0.04734777868534721
4 0.5615344052976743 0.7850185120647565 0.02598192496187508 0.042769381458888846
4 0.5740525890932645 0.7855088213353121 0.022747822188333443 0.03800914627652787
4 0.5952736256623965 0.7904866088543745 0.02278418977951393 0.03957164627652787
4 0.5398412432535771 0.7933401583412844 0.022493249050069507 0.02707164627652787
2 0.8849835569894449 0.44215233273447846 0.014535278685347208 0.020639808320624908
4 0.11265330888930589 0.4069747389820832 0.043969511967847284 0.07754442496187508
2 0.24617432370694478 0.4007403099361456 0.03368532218833335 0.038263719414791765
2 0.35876458947451423 0.3684161595755553 0.02605466014423614 0.04589438145888884
2 0.5497006736306949 0.4780963648382982 0.027435322188333444 0.03811824905006951
2 0.6958307912218754 0.4762584950629162 0.01773301386770836 0.023837543502986235
4 0.8869759359797917 0.12474662718739508 0.03597517401194459 0.06955008700597225
4 0.9234238886770836 0.21300904018142286 0.03074216014423641 0.04600348423243057
4 0.9720633700597225 0.32131119624159643 0.026163762917777687 0.050581881458888846
4 0.9727004561157642 0.3822668800371867 0.027508057370694415 0.04124324905006951
4 0.992536911378507 0.42935943237388796 0.014926177242985972 0.03964438145888884
4 0.9838568148732296 0.42499924069451306 0.022711454597153135 0.03644664627652787
4 0.5592062262517367 0.6514065782691663 0.025945557370694417 0.041206881458888844
2 0.43342171019982684 0.48627450038124964 0.025872822188333443 0.03808188145888884
2 0.7411185753224654 0.13830324696277715 0.032341027735416715 0.047602351823611146
2 0.7622129785328473 0.17142421827742993 0.024237587005972117 0.03492051386770836
2 0.7814721248093752 0.19286280718326324 0.02590918977951375 0.03964438145888889
2 0.4598322077312849 0.14328691337527738 0.029179660144236053 0.04596711664124999
2 0.7041173763279865 0.5636130246981939 0.021039851823611143 0.03172277868534721
2 0.5592588180073615 0.5529145268823953 0.025872822188333443 0.03808188145888884