2 0.46047909194305614 0.7239134987269062 0.035429660144236055 0.04571248933799978
2 0.4760151325962507 0.8209430400620427 0.030633057370694418 0.04097044533736351
2 0.5256150890932645 0.8043373427354968 0.035320557370694415 0.041024989337999786
2 0.472656356095105 0.9450890647278609 0.04662173328249999 0.05677725867281787
2 0.5234720140551395 0.8464884800684059 0.0403353656913195 0.05514203333863606
2 0.3435299409168757 0.8334601267106798 0.027435322188333444 0.03780908267027243
2 0.7677233218070837 0.468183856102768 0.030705792553055566 0.044095445337363516
2 0.8320215579393754 0.4455008814449039 0.03539329255305575 0.04414998933799978
2 0.8718127161837504 0.5443747334499947 0.02910692496187508 0.04251476400381797
2 0.6134533958952781 0.4507679947485417 0.027362587005972293 0.034684082670272606
2 0.5099484958190282 0.5339157547342241 0.03691942496187508 0.042605670671545325
2 0.21635115149795214 0.9061789166931806 0.030560322188333357 0.03784544533736352
2 0.5644729948690976 0.5611055107415421 0.03713763050895835 0.051980670671545326
2 0.6403613880114933 0.4659208274188142 0.022638719414791807 0.03306703866963616
2 0.6393989532659726 0.49168389608526886 0.024164851823611146 0.0315227200031817
2 0.8760624986688199 0.45850995878417644 0.027362587005972473 0.034684082670272606
2 0.7684519800514588 0.5666031747692225 0.03368532218833344 0.037881808004454245
2 0.7694339050133339 0.6087906747692226 0.027362587005972116 0.034684082670272606
2 0.8120344066288545 0.3585730461091313 0.029070557370694416 0.040952264003817976
4 0.5370052243518757 0.7232418840706332 0.046912674011944586 0.06927725867281787
4 0.5795557470532993 0.7057731207431328 0.037283100873680655 0.058230670671545325
2 0.5846965355222922 0.6581895960773145 0.0386273953265972 0.048873852005090514
4 0.39579507684107684 0.5286822673854067 0.02605466014423623 0.045603401336727245
4 0.3731206430454866 0.5276373880489977 0.027508057370694415 0.04093408267027261
4 0.38736498100138933 0.5356135200509067 0.032413762917777776 0.05036362667090888
4 0.4260449680836115 0.4860771440563155 0.030851262917777865 0.050345445337363515
4 0.4350017407850351 0.4682174820575883 0.029216027735416716 0.047202264003817974
4 0.40409723290125044 0.4826976053866794 0.02580008700597216 0.03466590133672724
4 0.451661910712917 0.44576122672658813 0.03408536569131933 0.05506930800445442
4 0.4225413744281255 0.6375578280553611 0.03404899810013902 0.053506808004454245
4 0.35658775968673656 0.5555623933799978 0.038772865691319505 0.05512385200509069
4 0.31827210172670195 0.6543084287078162 0.030851262917777865 0.050345445337363515
4 0.3352407429692366 0.6115487640435889 0.03230466014423614 0.04567612667090888
4 0.3249578596104866 0.6395464947087708 0.027580792553055566 0.044059082670272434
4 0.9899658639336287 0.4426951494668575 0.020068272132742492 0.036246582670272434
4 0.9632702515186115 0.3798587947962668 0.029179660144236053 0.04563976400381797
4 0.9490077297671184 0.37110141279435777 0.030851262917777688 0.050345445337363424
4 0.9472075340036807 0.2937576627943578 0.025945557370694417 0.04091590133672707
4 0.9275314668493404 0.320865055458267 0.01944098423243048 0.029905676002545255
4 0.9081268502080906 0.29252187945572167 0.022638719414791807 0.03306703866963616
4 0.9063286140757988 0.31593210745540345 0.02743532218833309 0.03780908267027252
4 0.9235895024685419 0.35284176145763063 0.02910692496187508 0.04251476400381797
2 0.935255007502535 0.41780369012567603 0.03848192496187508 0.04262385200509069
4 0.7569637405006946 0.2743611307685862 0.027653527735416718 0.04718408267027261
4 0.36481195488149326 0.23777545671545228 0.030705792553055566 0.044095445337363516
4 0.37400511692559046 0.230072044716725 0.027435322188333354 0.03780908267027261
4 0.38846700721819466 0.21383851738540666 0.02747168977951393 0.03937158267027259
4 0.3431006090418058 0.2445521680458161 0.024092116641249994 0.028397720003181703
2 0.8314559006449308 0.3205281534452221 0.017696646276527873 0.02207499466899989
4 0.2508151108447576 0.8097311780314985 0.053344511967847286 0.07716248400699968
2 0.35918934887691034 0.7344504620464525 0.03684668977951393 0.03948067067154533
2 0.46758242391503535 0.6935356553946336 0.03230466014423605 0.04567612667090888
2 0.5472296370615629 0.49139244740608756 0.03215918977951393 0.039426126670908876
2 0.663179985751042 0.4060463880887687 0.019331881458888846 0.02521817600254539
4 0.9934818155388196 0.4810309434674938 0.013036368922360708 0.0455852200031817
4 0.9754065756068059 0.3643792454646303 0.030851262917777688 0.050345445337363424
4 0.9383416802802085 0.31552357479308507 0.030633057370694418 0.04097044533736351
4 0.9218068372903125 0.24269460212440336 0.030633057370694418 0.04097044533736342
4 0.919427372909514 0.27468948945731253 0.02583645459715278 0.03622840133672707
4 0.44700881867295167 0.34651520472627 0.029070557370694416 0.040952264003817976
2 0.45184570829996573 0.55432770472627 0.02903418977951393 0.039389764003817974
2 0.9094055947928478 0.6494713134547672 0.03706489532659703 0.04885567067154532
2 0.9045901550133337 0.6103633601209035 0.027362587005972473 0.03468408267027243
2 0.9070423545764935 0.5814934727879943 0.030633057370694418 0.04097044533736351
2 0.6867162432535772 0.8132412700906777 0.033867160144236054 0.045694308004454245
2 0.6145593413743753 0.33050094808240527 0.024164851823611146 0.0315227200031817
2 0.5082021982319795 0.4253310954009969 0.02903418977951393 0.039389764003817974
2 0.5078015015186115 0.3745589360677696 0.019295513867708357 0.023655676002545346