2 0.28757862404397494 0.5988348111721334 0.03569345909205772 0.047114017412854634
2 0.2267116687128409 0.6800305794894992 0.03086956677218975 0.04218085594746519
2 0.27292743916681206 0.7002302148356068 0.03716503087881238 0.044070904567984216
2 0.13211457106183883 0.7676744216421546 0.046949207838416517 0.058624727498762755
2 0.2400778352476038 0.7300339015157666 0.04221624373179385 0.056816566033373664
2 0.12447923047046569 0.6011420188831925 0.027653638558944316 0.03889208163720568
2 0.6911522534317193 0.6159072879935279 0.032522994985435004 0.04538774310259512
2 0.7535924174591997 0.6414971082107728 0.03564799498543501 0.04555151741285464
2 0.7070463749019048 0.7398836985544058 0.02935253087881229 0.04366146879233561
2 0.5969740075883545 0.5014939851891373 0.029125210345699058 0.03584896879233561
2 0.4638348986545813 0.4928703369527311 0.03716503087881229 0.044070904567984216
2 0.480902726709542 0.549700191091174 0.03743781551854841 0.05344590456798422
2 0.6047266716158347 0.5299498558359236 0.022829746239076344 0.033958920171816585
2 0.5846953164429853 0.5481609452750454 0.024346782132453625 0.03247830732694616
2 0.7743080827403214 0.6801944380389562 0.029125210345699058 0.03584896879233561
2 0.6188393327403213 0.6883422099743666 0.033903638558944314 0.0392196302577247
2 0.5883107467678018 0.7188043159218319 0.027608174452321776 0.03732958163720586
4 0.817760217538342 0.6077119284280179 0.03435827962517095 0.0548446302577247
2 0.8033854804704657 0.5655620499793154 0.02930706677218984 0.042098968792335614
4 0.34150159441880384 0.6490528171650274 0.04887542069139794 0.07120661465389269
2 0.42309257521847393 0.6330759350982802 0.040471887305303156 0.050484678878243726
4 0.38733824630558333 0.4141931382867835 0.027880959092057723 0.04670458163720572
4 0.37299460147843283 0.39778356626051614 0.027744566772189748 0.042017081637205855
4 0.377227460412206 0.4131629047951269 0.032704851411925785 0.05163774310259513
4 0.44071329889200805 0.40281522501237194 0.032704851411925875 0.05163774310259513
4 0.46042640531849877 0.39554163557325006 0.03105142319868044 0.04843085594746528
4 0.42717363611816894 0.3855834594085397 0.02600021034569906 0.03568519448207601
4 0.48864233353174413 0.3909426667809145 0.03596624373179384 0.056489017412854545
4 0.3260393819615338 0.5102326566041493 0.03435827962517113 0.0548446302577247
4 0.3407360309453194 0.40727475294067605 0.039091243731793845 0.05665279172311397
4 0.24028975006650702 0.4546620872914152 0.032704851411925785 0.05163774310259513
4 0.28456258729266787 0.43440049694778227 0.032568459092057724 0.04695024310259512
4 0.25687785649299777 0.4475522721625529 0.029397994985435005 0.04522396879233561
4 0.8675519658889893 0.7462930715760414 0.027653638558944493 0.03889208163720568
4 0.8936347442605193 0.6809613206715304 0.02944345909205772 0.04678646879233561
4 0.8902058673800575 0.6647597885593546 0.031142351411925517 0.05155585594746519
4 0.9456806290585398 0.6080284317073783 0.02613660266556721 0.0403726944820761
4 0.9119732187919831 0.6136952555426679 0.02117631802583091 0.03075203301668683
4 0.9199592150310595 0.580514263344584 0.022829746239076344 0.033958920171816585
4 0.9007545739648327 0.597121909206141 0.027653638558944493 0.03889208163720568
4 0.8856236674591997 0.6345776436023088 0.029352530878812642 0.04366146879233561
2 0.8457966378340285 0.6897088789029877 0.038727530878812644 0.04415279172311397
4 0.8280792550810719 0.46754062980749894 0.02948892319868044 0.04834896879233561
4 0.5828793814993153 0.18162854251608357 0.032522994985435004 0.04538774310259504
4 0.5953566494460041 0.18175469527504556 0.027653638558944316 0.03889208163720577
4 0.6172771135526267 0.179045775103229 0.027699102665567032 0.040454581637205764
4 0.5628851302456741 0.1717555755327703 0.02581835391920819 0.02943519448207601
2 0.8459594253767584 0.5500698467908121 0.017823997492717326 0.02277575870642732
4 0.07838313196153378 0.5232117706922149 0.05379024122451137 0.07926477611928177
2 0.20895117036219357 0.5397707496613158 0.03707410266556703 0.04094590456798421
2 0.31539974716351316 0.5809955359573629 0.032568459092057724 0.04695024310259512
2 0.5209343448145153 0.48753770579049505 0.03238660266556703 0.040700243102595124
2 0.664851829375109 0.5010568939409931 0.019477425705962937 0.025982645861557074
4 0.7969546578922883 0.8670017192466208 0.044142456584775405 0.06939845318850324
4 0.846997773489979 0.7824729110151634 0.03569345909205808 0.047114017412854634
4 0.9132341904204534 0.6775939812324084 0.032704851411925515 0.05163774310259513
4 0.9235783085254266 0.6169873518791947 0.032432066772189926 0.042262743102595125
4 0.9667576586837111 0.5538798422682563 0.030869566772189928 0.04218085594746519
4 0.9411666252976161 0.5755025367503324 0.027608174452321776 0.03732958163720568
4 0.5587024324363875 0.3155055755327703 0.03086956677218975 0.042180855947465276
2 0.40757653846716674 0.4692967181149671 0.029261602665567033 0.04053646879233561
2 0.6557219041313646 0.8416409503634281 0.038909387305303154 0.05040279172311415
2 0.6808272042105068 0.8099029494589172 0.027608174452321776 0.03732958163720577
2 0.704029023489979 0.7899655857095357 0.03086956677218975 0.042180855947465366
2 0.3788471670634883 0.813248113976524 0.034130959092057725 0.04703213025772479
2 0.6876648552393565 0.4140548609243063 0.024346782132453625 0.03247830732694634
2 0.5433836578257812 0.41303567277380837 0.029261602665567033 0.040536468792335564
2 0.5803441002247915 0.37599601820582407 0.01943196159934022 0.024420145861556986
2 0.5001060531151502 0.747608746609098 0.03564799498543501 0.04555151741285464
4 0.45993231182413175 0.3589047727283798 0.032295674452321774 0.03757524310259504
4 0.38054136236549246 0.6477868882867834 0.03918217194503928 0.05977779172311415