4 0.2235143340359329 0.36985859909687535 0.03606647477225646 0.049637901451278846
4 0.24094737069642172 0.36222714837123593 0.033105165879249124 0.05421627404661713
1 0.3023362492822098 0.43655253657567084 0.03935516587924912 0.05443452885594056
1 0.32335807741251094 0.4155307084453697 0.03595734736759484 0.04651290145127884
1 0.34340768258465404 0.400004912166234 0.03795635698624169 0.05906746515360961
1 0.3668005425661206 0.37811998848243655 0.03326885698624169 0.05890377404661713
1 0.40243050771973027 0.3409820870311578 0.026691474772256595 0.0493105192372937
1 0.46218001915247575 0.2834944800449161 0.02825397477225664 0.04936508293962447
1 0.9279414284083028 0.26332824675032107 0.037901793283910835 0.0575049651536097
1 0.9403620720550332 0.1981298326851705 0.02830853847458741 0.05092758293962456
1 0.9075297578045483 0.012492499282209805 0.028363102176918176 0.02498499856441961
1 0.06481145663127118 0.3785218148834572 0.037247028855940535 0.0387549651536097
1 0.09235610327322659 0.34946923194383267 0.03606647477225651 0.049637901451278846
1 0.10764628657567084 0.313821908622855 0.03762897477225655 0.0496924651536097
1 0.13705353358044597 0.27612101198089956 0.049002984390903406 0.0625744110699257
1 0.16782238394326568 0.2664632697854479 0.03886409255827141 0.04037202885594056
1 0.20286207205503332 0.22388390018533447 0.052237111795565117 0.06580853847458741
1 0.23636654201796645 0.18057784428755191 0.02932540145127884 0.03535714664195542
1 0.27829114719010956 0.16428815617578424 0.03908234736759475 0.04662202885594056
1 0.3129860949205241 0.10923606842683627 0.048948420688572546 0.06101191106992569
1 0.34136655526481036 0.07859370363604629 0.045714293283910835 0.05777778366526396
1 0.37511656188823234 0.029853647190109578 0.05837798439090332 0.059707294380219156
1 0.3758928334877787 0.16244042478010576 0.03779266587924912 0.0543799651536097
1 0.027564427775330635 0.417276780037067 0.05018353847458738 0.05169147477225659
1 0.014372490929507323 0.45314235816736803 0.028744981859014647 0.04996528366526398
1 0.11752225046333616 0.5225967078972156 0.053472229581579975 0.05648810217691817
1 0.43145580880818934 0.31421869038920236 0.03315972958158007 0.05577877404661713
1 0.13105896080762242 0.4924726982785687 0.04080853847458741 0.051364092558271325
1 0.15316213930074327 0.4628298382971021 0.03795635698624169 0.05906746515360979
4 0.2571254422033009 0.3905331976455965 0.03499504809323426 0.0636458377489479
4 0.1885564914776615 0.41009421869698875 0.032886911069925695 0.04796627404661713