4 0.20568899551419467 0.4293744997882385 0.04109984387822048 0.05227513154179615
4 0.22169599749136104 0.420909552404957 0.039728344866803766 0.05687162628012441
1 0.29320890015309936 0.4916385523343698 0.044479511862998145 0.05870714206513998
1 0.3113514050960152 0.4692021102127601 0.04103617688202617 0.050712631541796324
1 0.32923924205415356 0.45301566809115046 0.0446068458553869 0.06183214206513998
1 0.3497573304951666 0.42993448386204863 0.0399193458553869 0.06155912628012428
1 0.3802870888981236 0.39177433120297783 0.03322367688202617 0.05025760523343701
1 0.4320843522439965 0.3313597469456411 0.03484984387822045 0.05191111049510884
1 0.0476390735750844 0.4452284709902177 0.04071784190105419 0.042900131541796324
1 0.07160049699706943 0.4145167972844595 0.04109984387822052 0.05227513154179615
1 0.08169042140763763 0.3782985762236547 0.042726010874414924 0.053928636803468065
1 0.10675142981059463 0.3398199051487324 0.055735346843970045 0.06715667889684288
1 0.13616701578014972 0.3290035024896616 0.04234400889724856 0.044553636803468064
1 0.1646076921678843 0.284456841938083 0.05898768083635884 0.07046368942018652
1 0.19304836855561885 0.23991018138650447 0.03277800790866543 0.03932010523343692
1 0.23297037300424311 0.2210915629283007 0.0440975098858317 0.04933214206513996
1 0.2603260518634356 0.16473514711505027 0.05567167984777566 0.06559417889684287
1 0.28431930878351785 0.1332422234092921 0.0524193458553869 0.062287168373499166
1 0.31148398665412713 0.08157330759604167 0.06361151384016442 0.0691742052052021
1 0.33032287547570105 0.21501513915195533 0.04285334486680377 0.05705363680346807
1 0.02197053530466744 0.48490562101845247 0.04394107060933488 0.05778167889684287
1 0.011783781103188949 0.5231490736634059 0.023567562206377898 0.0556731473268119
1 0.11944379490617234 0.5856707314429742 0.0586693458553869 0.06265118942018652
1 0.405715511825817 0.3634974127588915 0.039728344866803766 0.05687162628012441
1 0.12931088483006017 0.5549212603821694 0.04585101087441492 0.0541106473268119
1 0.14699047475394802 0.5246268156297237 0.0446068458553869 0.0618321420651398
4 0.24173924205415354 0.44791937343752697 0.04317167984777566 0.06486613680346806
4 0.17581315311884887 0.47070515507814525 0.037911176882026165 0.050530621018452494
1 0.8707887079852151 0.2504092096904151 0.0331600098858317 0.04869510523343701
1 0.8408664446393423 0.31209786761115776 0.03265067391627667 0.03619510523343701
1 0.8413823922816149 0.16490434919530625 0.06029551285158128 0.06430469468185844