4 0.22867756817792376 0.554731863049095 0.041525026785361255 0.054165868290882456
4 0.24371223295057615 0.5647181323274265 0.04001707386326192 0.05719073874123311
1 0.3207326546230874 0.4964304048449605 0.04473184740221221 0.05905362739018098
1 0.3367803944768176 0.5196478593484672 0.04147047970746058 0.05104086829088246
1 0.3535139269442217 0.5373464990771494 0.046348894480112965 0.062278756939830336
1 0.37190541679795197 0.5604137592561822 0.040098894480112966 0.061878238741233105
1 0.399971915580136 0.6000677421373191 0.03365797970746058 0.0505402205426357
1 0.44642990421605033 0.6627889851974886 0.03524775324641087 0.05220285009228505
1 0.07263607385996661 0.5318822532392025 0.04136138555165918 0.044790868290882455
1 0.09352131817792375 0.5633930690937613 0.041525026785361206 0.05416586829088228
1 0.10120713311273191 0.6004424861203393 0.04308752678536121 0.05426599784053181
1 0.12302363189491591 0.6404969872000736 0.05583298863591426 0.06912953423772628
1 0.15138045697599384 0.6519759053063858 0.042951159090609536 0.046453497840531634
1 0.1772122999139792 0.6980300825119967 0.05898526217486459 0.07089229333702499
1 0.20146800608248938 0.7434031392672568 0.03346706493480811 0.039602720542635694
1 0.24015835916674444 0.7643874653008484 0.044595479707460584 0.05124112739018098
1 0.2622885036468574 0.8224107163805826 0.05580571509696393 0.06756703423772628
1 0.2847498847342897 0.8546026526854922 0.05262616801906326 0.06424177513842758
1 0.30757945859755165 0.9078883389904016 0.0652352621748646 0.07129281153562203
1 0.336538481325723 0.7746357479974152 0.04473184740221221 0.05905362739018098
1 0.043761051538832266 0.4907158351328903 0.0556420738632619 0.05819203423772627
1 0.03055193952612343 0.4508918715300848 0.0462670738632619 0.05759125693983034
1 0.15470645981866288 0.39444400755813913 0.05887616801906326 0.0646422933370249
1 0.4231736363591428 0.6298658636674039 0.04160684740221221 0.05885336829088246
1 0.1622831805976697 0.4252434245847172 0.04623980032431154 0.05602875693983034
1 0.17768603814615164 0.45632344386304863 0.04634889448011292 0.06227875693983016
4 0.26593210632737063 0.5382662538575114 0.043278441558013546 0.06520349784053163
4 0.20135140908731422 0.5126840653931335 0.03837275324641087 0.05240310919158375
1 0.8768186079489284 0.7650409885935747 0.03519320616851011 0.04907785009228505
1 0.8514680060824894 0.7017492466131392 0.03343979139585791 0.03804022054263569
1 0.8415317187438213 0.8494252830103338 0.06046594155801373 0.06630492288667397