4 0.33587605470240744 0.28655376709994956 0.03964430267345431 0.05273151609154336
4 0.3538720767027256 0.2901540145020595 0.038136346674090583 0.05730975544788164
1 0.37298625071608865 0.3898480119041695 0.042842028007636035 0.05920003737886681
1 0.4010203440483614 0.3840022034900807 0.03962612133990877 0.05116901609154336
1 0.42520273138127057 0.3825707434668376 0.04287839067472703 0.062325037378866896
1 0.45480841538031597 0.3776154456964106 0.03819089067472703 0.06199725544788155
1 0.5023101240451797 0.36766664532809346 0.03181362133990877 0.05062271287323465
1 0.5794266073758617 0.35354379718934936 0.03339430267345413 0.052294473516896464
1 0.19592266935868063 0.20026706981405512 0.039535214672181594 0.04335651609154336
1 0.23328630935708983 0.19117057526193676 0.03964430267345422 0.05273151609154336
1 0.2627010893539081 0.16980902749150975 0.04122498400699968 0.054403276735205085
1 0.30546984468490823 0.15562619519220747 0.0538704346753633 0.06777736188449897
1 0.3360295013526355 0.1655692777436113 0.04111589600572696 0.04502827673520508
1 0.3850209846833174 0.14947973801895595 0.057031797342454116 0.07112088317182245
1 0.4340033773472266 0.1326089482943006 0.03168635200509051 0.0396852128732347
1 0.4778442840149538 0.1434807463168292 0.04273294000636341 0.04982503737886681
1 0.5321772480108177 0.11683611884498993 0.05385225334181776 0.06621486188449897
1 0.5711033880092268 0.10784888493653329 0.05069089067472703 0.06287134059717552
1 0.6231380553389543 0.0849466164992014 0.061701116008908666 0.06988616510280768
1 0.562019836688408 0.199326190752732 0.04126134667409058 0.05752827673520513
1 0.14686755136058965 0.21088785953871048 0.053761346674090583 0.05840236188449899
1 0.10724197736313498 0.22685171312533625 0.05686816534054513 0.057058383171822415
1 0.17506637137967967 0.35337029048095997 0.05694089067472689 0.06330838317182241
1 0.5397101267106799 0.3616951507759751 0.038136346674090583 0.05730975544788173
1 0.20062035471036163 0.3356418411013786 0.044349984006999674 0.054621798022528624
1 0.23248797270845262 0.3238191842964442 0.04287839067472685 0.06232503737886681
4 0.35581638470717997 0.3230757751457213 0.04135225334181776 0.06534077673520508
4 0.28762945870463463 0.2995729371464358 0.03650112133990877 0.05095049480421991
1 0.9867343016987485 0.5648733251850622 0.026531396602502966 0.04906021287323483
1 0.928810631405133 0.5934246600822546 0.031649989337999784 0.03656021287323465
1 0.9920527820257716 0.4793728677597091 0.015894435948456832 0.0623578883676025