2 0.11574342944407068 0.16460997349885426 0.06847776232447189 0.11551720364722229
2 0.0812256665537719 0.07698203371934036 0.057546906377006615 0.08561149810013893
4 0.20395275836774301 0.21281304378732657 0.05662621551297518 0.15737739532659728
4 0.15187127996446903 0.28121689846072934 0.04626856965141819 0.13840918977951394
4 0.1614133763009959 0.29317203780340295 0.054326731116807414 0.14327852773541672
4 0.19543981626051615 0.39017497758291686 0.039540534825709094 0.06958645459715278
4 0.1713062754419133 0.4029107137152085 0.03599945499752559 0.09135235182361115
4 0.204593488241355 0.3199897641520488 0.05022572930778511 0.09480466014423614
0 0.4324539738807182 0.06169087414378509 0.055158890773174464 0.09960126291777782
1 0.6643901328597166 0.5614415266885769 0.023014776119281776 0.05203527868534721
1 0.6617221562654649 0.5824989090973964 0.02252345318850324 0.042660278685347205
4 0.3484276181603955 0.5157594718833336 0.03526247060135788 0.07728985182361114
4 0.2731620245374021 0.42952972473312523 0.040680310944990875 0.1211125870059723
1 0.4538764360027914 0.4290426815144796 0.033945632066747146 0.08194098423243053
1 0.3150186538906158 0.42189971589941005 0.03632700361804462 0.09760235182361114
1 0.2493814450479029 0.18180008634038214 0.054981828357845416 0.15577852773541673
1 0.22819251978770377 0.12342388867708354 0.0443851650834338 0.10247168977951393