2 0.5392410666311062 0.9751034997176514 0.050159238790112325 0.04979300056469711
2 0.5533033087551983 0.9051066020379036 0.03494882697140156 0.04713260523343692
2 0.5507683690567005 0.9457771046687394 0.03663887272903601 0.048786110495108656
2 0.5850479031454053 0.9895412141660728 0.03871155575957417 0.020917571667854417
4 0.5824647792084213 0.9421284599021768 0.0532522878817268 0.08085515785015573
2 0.5708890346684331 0.7954508809770988 0.039094193032477874 0.05981461575678075
2 0.5644478449699352 0.8358938704537552 0.05248701333591956 0.07148015785015538
2 0.6064597439117684 0.7731887441030436 0.04247428454774678 0.06312162628012441
2 0.5845048666408045 0.7248121572854581 0.04872428454774695 0.0634856473268119
2 0.6102541657324189 0.7074727388413719 0.05079696757828493 0.06982665258848364
2 0.6173968570979067 0.6584359993647155 0.03871155575957417 0.055127115756780753
2 0.6228335272515674 0.6014502519955514 0.045599284547746775 0.06330363680346807
2 0.6064113017973745 0.5910741941171611 0.041836555759574165 0.05530912628012441
2 0.6270743592239386 0.5302654967338796 0.04416433030538158 0.06477513154179633
2 0.624810099681041 0.4618417204255203 0.022863415152690792 0.03243306840173403
2 0.6045616304357659 0.5368039230704736 0.02767846091032524 0.03426858418674961
2 0.6421890472554466 0.49896228882725435 0.026371052425594323 0.03730257892507769
2 0.6332601995312597 0.4160209862105358 0.020790732122152634 0.026092063140062294
2 0.6364170215016914 0.3965807414722077 0.022735869395056164 0.030870568401734032
2 0.6426031196849202 0.3592627519955514 0.022863415152690792 0.03243306840173403
4 0.6160567240770669 0.40559942570130963 0.036383781213767105 0.045661110495108834
2 0.2327038952694976 0.9091977786568466 0.04027405575957417 0.05521812101845249
2 0.25044937572466025 0.893747083904401 0.03702151000193972 0.05347361049510866
2 0.2627739036044473 0.8677761181052679 0.03832891848667064 0.050439615756780756
2 0.28055120603004163 0.8327031680911505 0.03989141848667064 0.050530621018452494
2 0.2952194839098287 0.8068687101845253 0.03638378121376702 0.04566111049510866
2 0.30534378300144316 0.7886192391237203 0.0328761439408634 0.04079159997176518
2 0.3138258337600475 0.7616395101704079 0.03325878121376702 0.04547909997176518
2 0.32415742694230654 0.7504667917404391 0.03494882697140156 0.04713260523343692
2 0.33863438618564184 0.7269760838338137 0.03313123545613248 0.04391659997176518
2 0.34934861664080447 0.7111158654038447 0.03325878121376702 0.04547909997176518
2 0.3605730301265052 0.6890056469738759 0.03093100666795969 0.036013094710093264
2 0.37383817573435857 0.6418954285439071 0.03507637272903601 0.04869510523343692
2 0.38517428846145496 0.6472654680064458 0.03376896424430509 0.05172909997176518
2 0.3962551807353284 0.6172972469456411 0.03456618969849794 0.04244510523343692
2 0.40878700270576 0.598403033777344 0.03469373545613248 0.04400760523343692
2 0.4250177805855472 0.5726595811323907 0.02455346091032524 0.03408657366340595
2 0.4383148771017861 0.5443903679640936 0.027806006667959692 0.03583108418674961
2 0.4566821108909286 0.5117066705808121 0.03156873545613248 0.043825594710093264
2 0.20140596890691925 0.8791161655309019 0.03832891848667062 0.050439615756780395
2 0.22017181542315808 0.8511654707784562 0.04001896424430509 0.052093121018452496
2 0.30008206921617997 0.7184509522920175 0.03689396424430509 0.05191111049510884
2 0.31675925724768794 0.6872387496470642 0.03482128121376693 0.04557010523343692
2 0.36832149937178016 0.6133154022355478 0.03507637272903601 0.04869510523343692
2 0.38037496028210543 0.5810489338055789 0.03325878121376702 0.04547909997176518
2 0.3951229864949026 0.5638537285297895 0.024681006667959693 0.03564907366340595
2 0.4024571254347961 0.550936499576477 0.029751143940863402 0.04060958944842134
2 0.4127727431628624 0.5303432785156721 0.029496052425594322 0.03748458944842135
2 0.4238058380121113 0.5105768100857032 0.02429836939505616 0.030961573663405774
1 0.39142519102713214 0.9168723127165392 0.04362219636645763 0.07718412628012458
1 0.3998276223906803 0.9197165916557342 0.03765923879011233 0.06128611049510866
1 0.41642519102713216 0.9183283969032889 0.04480205909355415 0.07258763154179633
1 0.4301207713325136 0.856328925842484 0.03351387272903601 0.04860409997176518
4 0.4749379033145832 0.5284692363517103 0.03195137272903601 0.04851309471009344
1 0.540993595888019 0.5943287257577794 0.03051641848667046 0.049984589448421345
4 0.4097116449796335 0.5678432785156721 0.024936098183228773 0.038774073663405774
4 0.39360841285748094 0.5920242311606255 0.0281886439408634 0.040518584186749605
1 0.27884402437662936 0.4785848154885494 0.03765923879011233 0.061286110495108834
4 0.19861439043770562 0.4613525418816133 0.04923446757828502 0.06973564732681173
4 0.22903521407512722 0.4348656365917066 0.02857128121376693 0.04520608418674961
4 0.24585592331846257 0.41151143657758915 0.03714905575957417 0.055036110495108835
4 0.3191975705933058 0.35926566809115046 0.02857128121376693 0.04520608418674961
4 0.29965047407706696 0.3871708602127601 0.028061098183228772 0.038956084186749604
4 0.285061815592336 0.3831813102268776 0.0266261439408634 0.04042757892507769
2 0.2693891471056654 0.43093627076433877 0.0259884151526907 0.03261507892507787
2 0.1991884752850149 0.49278455240495694 0.02767846091032524 0.03426858418674961
2 0.2262292074071675 0.46924063659170656 0.026115960910325243 0.03417757892507769
2 0.3284769757440569 0.38021520492285343 0.021300915152690704 0.03234206314006212
2 0.33783600028986405 0.3713407338620486 0.02793355242559432 0.03739358418674961
2 0.3641592552908339 0.34697006541796227 0.026371052425594323 0.03730257892507769
2 0.3700424645341692 0.3229788285721419 0.022735869395056164 0.030870568401734032
2 0.38628921786814907 0.30665587855802445 0.021300915152690704 0.0323420631400622
2 0.39009987301890015 0.3272868969738759 0.029751143940863402 0.04060958944842143