2 0.983345926876422 0.78984375 0.033308146247156147 0.0875
2 0.9498120070721917 0.73984375 0.049811668466195155 0.059375
2 0.8975381894358339 0.67890625 0.03624607593472788 0.0453125
2 0.9278535740838499 0.7078125 0.03792697510489092 0.046875
2 0.9888734151538137 0.72265625 0.022253169692372766 0.053125
4 0.9446499877761599 0.68203125 0.055919958508151166 0.078125
2 0.819991684661949 0.59375 0.04031826929603177 0.0578125
2 0.8481409180652097 0.625 0.05364706348717334 0.06875
2 0.8239445562377105 0.553125 0.04368006763635783 0.0609375
2 0.7719793145360802 0.5375 0.049930067636357836 0.0609375
2 0.7735767807179013 0.50703125 0.051966164317009955 0.0671875
2 0.7394852006339887 0.46953125 0.039963071785542856 0.053125
2 0.6972259230395871 0.42734375 0.046805067636358014 0.0609375
2 0.6781090701351576 0.4328125 0.04308807178554268 0.053125
2 0.6426558995943703 0.37734375 0.04536096680652087 0.0625
2 0.5862749224148871 0.334375 0.024242983403260608 0.03125
2 0.6341572379766527 0.39921875 0.02748638257342364 0.0328125
2 0.6270066661911098 0.34609375 0.027723180913749524 0.0359375
2 0.5553675419160561 0.29765625 0.02064438672260831 0.025
2 0.5417427497995073 0.2828125 0.02412458423309758 0.0296875
2 0.5153336151514913 0.25390625 0.022680483403260433 0.03125
4 0.5362506890116266 0.303125 0.03780857593472771 0.0453125
2 0.7014723633006136 0.91640625 0.04152557178554286 0.053125
2 0.6997555753332497 0.89375 0.03828217261537983 0.0515625
2 0.6868052894404783 0.8671875 0.038045374275053764 0.0484375
2 0.6700196085267287 0.83125 0.039607874275053766 0.0484375
2 0.6585134234637943 0.803125 0.037690176764564674 0.04375
2 0.6500021838367565 0.78359375 0.03420997925407558 0.0390625
2 0.6341044966992296 0.759375 0.03456517676456468 0.04375
2 0.6314172045826809 0.74453125 0.034683575934727706 0.0453125
2 0.620869868274991 0.71875 0.03288427759440164 0.0421875
2 0.6147615782330347 0.7 0.03456517676456468 0.04375
2 0.6044510402656709 0.67734375 0.030729781743586492 0.034375
2 0.5748693614265138 0.6375 0.036364475104890735 0.046875
2 0.5861737143309431 0.63203125 0.03492037427505359 0.0484375
2 0.5700392288530903 0.6046875 0.034328378424238616 0.040625
2 0.5620724408857265 0.58203125 0.03456517676456468 0.04375
2 0.551347505822792 0.55390625 0.025923882573423464 0.0328125
2 0.5374975707598576 0.52578125 0.02760478174358667 0.034375
2 0.5223335894311896 0.490625 0.03288427759440164 0.0421875
2 0.6580183612260211 0.9203125 0.038045374275053764 0.0484375
2 0.6469974282376791 0.88828125 0.04128877344521662 0.05
2 0.5905554062423548 0.74140625 0.0366012734452168 0.05
2 0.5763502736689314 0.70859375 0.03612767676456467 0.04375
2 0.5487445693099651 0.62265625 0.036364475104890735 0.046875
2 0.5300295354917861 0.5921875 0.03456517676456468 0.04375
2 0.5260281971095038 0.5703125 0.02604228174358649 0.034375
2 0.5202751045780365 0.55625 0.029522479254075584 0.0390625
2 0.5100829657808357 0.53515625 0.029404080083912553 0.0375
2 0.5006720769836349 0.5140625 0.0256870842330974 0.0296875
1 0.8730378647505062 0.81953125 0.05341026514684692 0.065625
4 0.547155990675945 0.48828125 0.03323947510489074 0.046875
1 0.6619647744941239 0.51875 0.031795374275053766 0.0484375
4 0.5386582516736071 0.56171875 0.026279080083912554 0.0375
4 0.5478206867365415 0.58984375 0.027959979254075583 0.0390625
1 0.3773538987691777 0.5671875 0.03887416846619489 0.059375
4 0.32239555686241045 0.64609375 0.050285265146846926 0.065625
4 0.3193763780232533 0.60625 0.029877676764564674 0.04375
4 0.3118356425454004 0.57890625 0.03840057178554286 0.053125
4 0.3153023394311895 0.490625 0.029877676764564674 0.04375
4 0.32560122200461306 0.5234375 0.027841580083912555 0.0375
4 0.31291196785542813 0.53125 0.027959979254075583 0.0390625
2 0.3419491950349113 0.57421875 0.025805483403260433 0.03125
2 0.3481534960745297 0.66640625 0.02748638257342346 0.0328125
2 0.34548951474586165 0.63125 0.02748638257342346 0.0328125
2 0.33692888569692314 0.49765625 0.022680483403260433 0.03125
2 0.3367037427505374 0.484375 0.027723180913749524 0.0359375
2 0.3332585114218694 0.44921875 0.027723180913749524 0.0359375
2 0.3177160217948316 0.4296875 0.0241245842330974 0.0296875
2 0.31443673382746773 0.40703125 0.021117983403260432 0.03125
2 0.3340155280186089 0.41796875 0.031084979254075586 0.0390625
1 0.3896171004288516 0.5640625 0.03648287427505377 0.0484375