2 0.06616610243529265 0.29227678003706686 0.09432356909549375 0.12482143992586625
4 0.16359908289045527 0.30532736234371927 0.10481453000581897 0.15790675843752044
4 0.1452314622874511 0.38745038158101297 0.08909393515657005 0.13710318511654282
4 0.15993169107562377 0.3947718082600352 0.0975441639447427 0.14518850362819702
4 0.2328427747149851 0.4721403509109739 0.060682150608823184 0.07534722958157988
4 0.21646834668541678 0.4922990834877787 0.06533769970043757 0.09420635698624161
4 0.21082451137906552 0.40396326978544794 0.07834788273097573 0.1008928666048885
0 0.3543201934915198 0.16547614474303884 0.0832904742462448 0.10418155771188112
1 0.7388058612292843 0.4317508976534457 0.03871155575957417 0.05432540145127866
1 0.7407030721396095 0.4645906795046112 0.03482128121376693 0.04484127404661713
1 0.5107441183562861 0.5940599578123976 0.03313123545613248 0.04322421034428636
1 0.5158780285080069 0.599365016705405 0.03376896424430509 0.05103671034428636
4 0.4281072194144528 0.5319171110777748 0.0579397878817268 0.07992560217691817
4 0.32201684501842687 0.47999500172928056 0.07844347758022466 0.12115080290255768
1 0.42619454880175034 0.354918101459128 0.08207866061076281 0.1275099303072194