2 0.18314715799132983 0.11699553667377878 0.06914338410204497 0.1191643303053814
2 0.16256091318241447 0.03917355455162621 0.056128173635171044 0.05589905575957421
4 0.2600212001552918 0.18528289319195734 0.05753802616718495 0.1602039184866706
4 0.1971880002117615 0.239811154401845 0.04707096302712275 0.1406886439408634
4 0.2042269554875508 0.2537301331900177 0.055156478812138234 0.14601387272903604
4 0.22018661347888058 0.35707827379690116 0.03994173151356133 0.07168355242559432
4 0.19468608453968544 0.3636312916747486 0.03652830517696728 0.09317591515269061
4 0.24211409236160603 0.2905763000096983 0.05077281570031093 0.09744882697140156
1 0.6441345347655643 0.6389486088133884 0.023315673635170953 0.053220594849248924
1 0.6371641979479788 0.6642834486616674 0.022769642065139806 0.04384559484924892
4 0.3475241162508909 0.5158310047111059 0.03570925782192056 0.0791134151526908
4 0.28988519247454547 0.41379040152690705 0.04138240514873237 0.12311850666795973
1 0.4598945846102726 0.4598516848667059 0.034419773606936134 0.08367336939505617
1 0.33014617142785807 0.423356591225405 0.03689232622365459 0.0994259151526908
1 0.31972242384693256 0.19800590486088696 0.051288026167184954 0.15969373545613247
1 0.3074114106221657 0.12635417440572433 0.05203147881213823 0.14575878121376698
1 0.9702831369446423 0.1875285985215846 0.04864887357870131 0.11438123545613244