2 0.22664548599877432 0.8734580429417413 0.06592737884037314 0.1169991684661948
2 0.2040340096057105 0.9567800284195943 0.05529371572854584 0.06796967261538
4 0.3068720413169159 0.8093111873380195 0.052850526167184955 0.15956517676456486
4 0.24468358348087788 0.7520324062191329 0.042292457765450917 0.1385422817435865
4 0.2525037887566672 0.7380999607832364 0.0503779735504664 0.14382177759440146
4 0.2724151993788329 0.6353651244755464 0.038288226251889504 0.0697922817435865
4 0.24686916780880183 0.6278845111981548 0.03340330517696728 0.09275618506293455
4 0.2912631808923943 0.7029903323589977 0.04755681043863911 0.09538427759440164
4 0.4047132179358587 0.4817404491608743 0.03249325256024882 0.07713118506293455
4 0.3438127862670056 0.5813036638928027 0.036603899887060545 0.12099958423309758
1 0.4107735021367257 0.4914823020653037 0.02633425782192056 0.07822008838228242
1 0.3929020046263873 0.642713837958075 0.03652830517696728 0.0929929834032606
1 0.388274688784902 0.6979933338088902 0.04038134727034208 0.10572978174358649
1 0.9319483650509088 0.7093709709324839 0.04194384727034191 0.1058481809137497
1 0.9707980334244081 0.7566477900187343 0.04323333148532669 0.10127908008391255
4 0.29165875206613856 0.5750545865081825 0.04148882096198285 0.09803568091374952