2 0.08488033310934091 0.7554580423225453 0.0840503045209029 0.12599405347041018
2 0.04214927887277848 0.8359157206669048 0.04742182028847229 0.09379355866619044
4 0.1811007164680909 0.7205588824155178 0.0802356267092362 0.16316627153942492
4 0.1449255207046533 0.6456188665760759 0.067262848023889 0.14197968639013112
4 0.15720731515757 0.6353697814267821 0.07522081838861121 0.14877598960843982
4 0.21143891384704908 0.5447176482549596 0.04854790919430565 0.07515281930985207
4 0.19150762034406296 0.5288959063007314 0.05058318787965286 0.0955745799535137
4 0.20524477165458385 0.6147952014732684 0.0631922906531945 0.10113616510280768
4 0.3898347111497573 0.44303554391202926 0.04556837955902786 0.08118429802252862
4 0.2968672675705213 0.5168333128535643 0.059050304520902853 0.12424588317182242
1 0.36910529027194483 0.4937839429232936 0.03931837955902786 0.08074725544788172
1 0.29011138734590336 0.6636372570373655 0.07394925911805572 0.16116672896477802
1 0.25430182712541727 0.7052673821634163 0.0720958183886113 0.14855746832111638
1 0.80892116441573 0.8988935159163164 0.05995818787965277 0.09623014381548423