2 0.0931556586675995 0.7472419196946186 0.08771485870696816 0.12707242515463052
2 0.053274757983027485 0.8265306780295683 0.04275518577927471 0.0938136439408634
4 0.18976140323039203 0.7134890598424601 0.08455536661563352 0.1641897878817268
4 0.15376555342067247 0.6380425207527853 0.07122769566510642 0.1428569218206505
4 0.1658835514435061 0.6276471546917091 0.07929486364988403 0.14974465060882308
4 0.2201943666528146 0.5369904616592314 0.051366181824942014 0.07582891848667046
4 0.214433797983465 0.6072232133262212 0.06644735376405231 0.1019768303053814
4 0.39872393186212307 0.4361938808948079 0.04849584980971962 0.08182382697140152
4 0.30608544570228746 0.5095991721105145 0.06271485870696818 0.12503169303247788
1 0.37282461813568935 0.531586000289864 0.048941518783080354 0.09276132697140156
1 0.35085145904816034 0.5694366866543821 0.045689184790691506 0.08938123545613248
0 0.7503089254735135 0.7735515201245656 0.05487318380210837 0.08545901000193971
1 0.793084015891693 0.8037653075472504 0.057008686767857954 0.09964905575957417
4 0.266912857755566 0.4908490431725607 0.06026102076024671 0.10302914727484325
1 0.4373725963868595 0.42284898695394457 0.036603344866803764 0.057493506667959694
1 0.5092449377936221 0.45539067786039045 0.043808349809719614 0.08144118969849785
1 0.7731906685534312 0.7387620608812302 0.05732702174883002 0.10746155575957417