2 0.10798719849248958 0.2068495192773719 0.08300343182259015 0.12017984882113639
2 0.0528535462166765 0.12284459239534576 0.06820760818516851 0.09154551285158127
4 0.10455956742850381 0.11716493676785786 0.07796524545807211 0.09661501482874763
4 0.20551577379690117 0.24742012254713258 0.07694462152108808 0.16042284684397004
4 0.17010417440572434 0.3191704471479812 0.06434902667183913 0.1396646778706093
4 0.18271574470916607 0.33058544961943914 0.07267170970237728 0.14623301285158127
4 0.23861467153078642 0.4239653765014653 0.0479270590935541 0.07203150889724856
4 0.21879637910713176 0.438730872052841 0.04815019970043757 0.09384284190105419
2 0.2313126124372323 0.3535892095052709 0.06259533697334119 0.09910334486680368
0 0.22962334030732107 0.1230395464634092 0.08348166394474274 0.14511618182494201
0 0.5189878266815374 0.41514476931455296 0.05545251666989941 0.08791117688202607
1 0.7525815766815374 0.4246629852456145 0.032046967578284936 0.06826983893530465
1 0.76626131047068 0.4587024042189752 0.027008781213767107 0.04470500494291585
0 0.37026392894765225 0.2338881576418353 0.06361570303441741 0.11160334486680368
1 0.4731490392588526 0.4545455089344296 0.03647937606301603 0.06533583992388792
1 0.4464267847169247 0.546894835018153 0.0363518303053814 0.06377333992388792
1 0.4670581491110111 0.5516287559686801 0.043877287881726804 0.07965300790866543
2 0.4257954203228384 0.5421609140676259 0.036766418486670636 0.0497745069200823
4 0.3287453350164872 0.45021881178644846 0.05669602333785928 0.12222250988583175