4 0.2170541271508042 0.42067160343913185 0.04092498184962741 0.05250805737069446
4 0.2327382144848217 0.4101516775273262 0.03938066256778665 0.05559668977951393
1 0.30892346458301756 0.4732134155594789 0.04407725292686617 0.057268292553055565
1 0.32547061514875164 0.4486128058520831 0.03934430113146821 0.04934668977951393
1 0.3419814042781672 0.43026219614468725 0.04409543364502548 0.06039329255305574
1 0.3608768500234411 0.4048257850505205 0.039407933645025484 0.06028418977951393
1 0.3697064284786641 0.4983575795034372 0.03153180113146821 0.04916485182361115
1 0.386208127249 0.48156946979604137 0.03466589149054773 0.05080008700597229
1 0.8947938286516146 0.20258068645795063 0.04408634328594587 0.058830792553055566
1 0.8943943737329587 0.13697387025354094 0.03310339149054755 0.05076371941479172
1 0.06140811514875163 0.45475892876159724 0.040870439695149675 0.043133057370694415
1 0.0826882175098838 0.4222367162806597 0.04092498184962738 0.052508057370694416
1 0.08993763612779462 0.38457306212034714 0.04248748184962738 0.05254442496187508
1 0.11283023546386468 0.3434207320482291 0.05506929508134393 0.0668978656913195
1 0.14103250351604144 0.329484865406979 0.042442030054229286 0.04473192496187508
1 0.16708646428842994 0.2820098001524999 0.05664088544042354 0.06849673328250008
1 0.1915779250608185 0.23457110248920127 0.03303066861791084 0.03826371941479163
1 0.22999098526747294 0.21102384650527756 0.042469301131468115 0.049419424961875055
1 0.25298812373295865 0.1519027664331595 0.05506020472226432 0.06533536569131951
1 0.2750585664531704 0.11779987015663171 0.05190793364502548 0.06057513050895835
1 0.2988096838414172 0.06334810628892336 0.06288179508134392 0.0670797036472223
1 0.3261710936787293 0.19394348964767333 0.04251475292686617 0.057231924961875034
1 0.03225188027406213 0.49840047919843744 0.05500566256778662 0.0559603656913195
1 0.02116543111094269 0.538535169927882 0.04233086222188538 0.05417966014423605
1 0.14266213944744432 0.5864433802246178 0.058157933645025486 0.060720600873680655
1 0.4008837056060271 0.5101302276798261 0.039389752926866306 0.05715918977951393
1 0.14987519662903667 0.5550297260643055 0.04405907220870704 0.05414329255305557
1 0.16568654899016882 0.5226348001524999 0.04409543364502548 0.06039329255305557
4 0.2544677687395478 0.4346425312507984 0.042551114363184706 0.06348192496187507
4 0.19023709709657488 0.46503985248920116 0.037790891490547776 0.050872822188333444