4 0.23352430872054297 0.38487853177349135 0.03808180267345422 0.05196529172311415
4 0.24983965205281575 0.37620621664462894 0.034993165340545127 0.05492651741285455
1 0.3202072433959062 0.44443723824135495 0.04126134667409058 0.056816566033373664
1 0.33869361405949727 0.420798342379798 0.03648294000636341 0.04875840456798426
1 0.3572618007240428 0.40419069651824097 0.03975339067472685 0.06142217887824373
1 0.37731067138763386 0.3804699135015542 0.03506589067472685 0.06117651741285455
1 0.4089055693825432 0.34129122682139423 0.028688621339908772 0.049911468792335524
1 0.46211183804104355 0.27830986996941787 0.03026930267345431 0.05155585594746528
1 0.07587544072245198 0.40721163444159636 0.03795453333863612 0.041027791723114104
1 0.09974874538508853 0.37625488353708514 0.03808180267345422 0.05196529172311397
1 0.1102680747135433 0.33974417345117686 0.03964430267345422 0.05204717887824373
1 0.13637604137490716 0.2992895918139711 0.0507272533418178 0.06512038896415202
1 0.1659453627068618 0.2875774858665058 0.039535214672181594 0.042672178878243816
1 0.19590503536758935 0.24223068634147565 0.053888616008908666 0.06840916327441153
1 0.22429311736154417 0.19618452397157524 0.030105670671545237 0.03749335594746528
1 0.26470903202577156 0.17608670793820166 0.03960794000636332 0.048922178878243815
1 0.29296075401813554 0.11832179556830127 0.050727253341817755 0.06512038896415207
1 0.31759712734722667 0.08576160108622524 0.047547709341181486 0.06026911465389255
1 0.3459124840069997 0.03352627233189506 0.06012043467536321 0.06705254466379013
1 0.36231073802513525 0.16628126074259217 0.039698846674090585 0.056734678878243815
1 0.04352656472786082 0.4487750146993211 0.052162484006999674 0.05426477611928178
1 0.026766326066178774 0.4863945234057484 0.04276930267345423 0.05221095318850324
1 0.14548960140831474 0.5450557931934521 0.05379770934118144 0.06059666327441171
1 0.43514080537872524 0.3117741451841885 0.03501134667409058 0.056489017412854545
1 0.15529131540417856 0.5140547766851087 0.04122498400699968 0.05369156603337366
1 0.1736958700668151 0.48338463082355165 0.0397533906747269 0.06142217887824373
4 0.2696799847230883 0.40174512720550715 0.036664753341817756 0.06438340456798426
4 0.20274702339272457 0.42714127487608644 0.03493862133990879 0.050239017412854636
1 0.9018550433640895 0.17943644222282779 0.030232940006363406 0.04843085594746528
1 0.8705328653723619 0.2420526289029877 0.030087489337999783 0.03593085594746528
1 0.87351132001909 0.09493196743759845 0.05537839067472703 0.06224105042954131