2 0.7519633167721897 0.10630984816282263 0.0351766335443795 0.08412072177194439
2 0.7381796130904082 0.16822408779523007 0.03284124373179385 0.0574215207351851
2 0.7263221222616083 0.24277502846439675 0.02310253087881229 0.04410131451462958
2 0.7369042695960413 0.2047377862400912 0.023193459092057722 0.047226314514629573
2 0.7921336757059629 0.0942390751185633 0.03426735141192587 0.052870721771944386
2 0.7894920605039835 0.16414147200828552 0.023375315518548413 0.05347631451462957
4 0.7662196965556454 0.22132925542013746 0.030398205331134066 0.08058561866166658
2 0.7068256276718847 0.34938661343138755 0.021949207838416564 0.05802711347787035
2 0.7142600429530063 0.3102947191335635 0.03315949247815268 0.06835902073518518
2 0.7335388918576496 0.38367343053791525 0.023648100158284537 0.06285131451462958
2 0.6971300304165939 0.41789260565569314 0.03136967194503928 0.06040981969842587
2 0.7158489381758683 0.4452459175784246 0.03155152837152997 0.06665981969842587
2 0.7070793434278599 0.4920136108394894 0.023375315518548413 0.05347631451462966
2 0.6930683192129651 0.5461153504718969 0.028290136051661818 0.06169891762490742
2 0.6744319794795219 0.5483811880307858 0.026454851411925873 0.05218721658814811
2 0.6747335078510518 0.6123069869940265 0.026773100158284536 0.06312471658814811
2 0.6500123041692704 0.6732643193691191 0.014971782132453626 0.032480309330833276
2 0.6547930808914477 0.5965357240345359 0.01961381802583091 0.031327912441111036
2 0.6788359861434394 0.6461741390675451 0.01662521034569906 0.03574201036759259
2 0.6435182632613281 0.7178933141853229 0.013181961599340219 0.024531108294074143
2 0.6401575825408002 0.7363015615934247 0.014880853919208192 0.02935530933083328
2 0.6334362210997446 0.7731180564096285 0.01336381802583091 0.030781108294074145
4 0.6233194235278848 0.7200224507074525 0.024665030878812288 0.0442380155513888
2 0.42313963479802064 0.10715342940661957 0.026500315518548413 0.05374971658814811
2 0.43466816818411547 0.12842283666393434 0.021767351411925873 0.051777113477870354
2 0.4378302721033237 0.15675288821907324 0.02323892319868044 0.048788814514629575
2 0.44285039271557947 0.19537589081097137 0.02631845909205772 0.04749971658814811
2 0.4491829607414104 0.22554184443962874 0.02461956677218975 0.0426755155513888
2 0.4528762620741939 0.24534649651314727 0.0229206744523216 0.03785131451462957
2 0.4521548480467136 0.27411604547638807 0.02154003087881229 0.043964613477870354
2 0.4587912929530063 0.28794409962342504 0.021585494985435005 0.04552711347787035
2 0.4642744148189032 0.3156979527337028 0.02149456677218975 0.04240211347787035
2 0.469484752045064 0.3340768058439806 0.02154003087881229 0.043964613477870354
2 0.4733144456977156 0.3585689579174991 0.021221782132453626 0.03302711347787035
2 0.4700363330030187 0.40659635480722134 0.02163095909205772 0.04708961347787035
2 0.48249086889639603 0.4061274631012954 0.018596887305303157 0.049941211404351725
2 0.483422883082161 0.4381587131012954 0.022966138558944315 0.039413814514629664
2 0.48952813057487854 0.4605121667299528 0.02305706677218975 0.042538814514629666
2 0.4958606986007095 0.49067812035861014 0.014971782132453626 0.032480309330833276
2 0.4998722486798518 0.5214202724321287 0.018142246239076343 0.034316211404351905
2 0.5064094051854848 0.558617476060786 0.01993206677218957 0.04226541244111104
2 0.38301473997087015 0.1207867024508789 0.02323892319868044 0.048788814514629575
2 0.3917819862099464 0.1542827076346752 0.026363923198680438 0.04906221658814811
2 0.4250527904457238 0.30681167681472143 0.021721887305303157 0.05021461347787035
2 0.4307632328447342 0.34237802992499916 0.02305706677218957 0.042538814514629666
2 0.4559200087089816 0.4302976949580084 0.02163095909205772 0.04708961347787035
2 0.45613896905468054 0.4646043444396287 0.02154003087881229 0.043964613477870354
2 0.46532375244077545 0.4856687001418047 0.015017246239076344 0.03404280933083328
2 0.467318161453691 0.500649151178564 0.018278638558944495 0.0390037114043519
2 0.47110239099971984 0.5235788032520825 0.01818771034569906 0.03587871140435191
2 0.4741053705457487 0.5464401048072214 0.016443353919208193 0.02949201036759259
1 0.5788119394295095 0.42234707686198963 0.0235571719450391 0.05972631451462966
1 0.5890136535361321 0.42479813360092483 0.020477636051661818 0.06101541244111104
1 0.5993972240692456 0.4334991903398599 0.02392088479802066 0.07222631451462962
1 0.5946786318285198 0.4588019867112026 0.019932066772189748 0.04226541244111104
1 0.5303470103583343 0.5778554916121749 0.01698892319868044 0.04824201036759242
1 0.5984748847315137 0.5892707367112026 0.017034387305303156 0.04980451036759259
4 0.47842314601428465 0.4805806589542584 0.013545674452321776 0.03703110829407415
4 0.47314461262818985 0.45985805584398065 0.016761602665567032 0.04042951036759242
1 0.45572744358614453 0.5308055428844899 0.020341243731793846 0.05632791244111104
1 0.25689147532288675 0.3926241632895829 0.018915136051661906 0.06087871140435182
1 0.24790292022917954 0.4050852070690273 0.02351170783841656 0.058163814514629666
4 0.24513928457322906 0.4975755034403699 0.029989028371529967 0.06652311866166656
4 0.2649122269722394 0.5343721658814811 0.015335494985435006 0.04498030933083328
4 0.273497616784825 0.5616181710652773 0.021812815518548412 0.053339613477870175
4 0.326415679796091 0.6394984547599531 0.015335494985435094 0.04498030933083328
4 0.3168899156103261 0.6067153490577771 0.016716138558944316 0.038867010367592415
4 0.30200070150370334 0.6038541892085643 0.015199102665567033 0.040292809330833276
2 0.30210835009177756 0.5539908902453236 0.01644335391920828 0.02949201036759259
2 0.2559942165473982 0.4689132612160643 0.018096782132453627 0.032753711404351904
2 0.2741137307331631 0.5024482226204162 0.018096782132453627 0.032753711404351904
2 0.3415633066765528 0.6244592151275457 0.011846782132453626 0.032206907257314656
2 0.34813155542291163 0.6359435192745827 0.01662521034569897 0.03574201036759259
2 0.3654698196086766 0.669410130160555 0.01662521034569897 0.03574201036759241
2 0.3622455312080168 0.6925058775686568 0.014880853919208282 0.02935530933083328
2 0.373015546647423 0.7144881843075919 0.011846782132453626 0.03220690725731483
2 0.38343020942126216 0.6974763415649067 0.018278638558944314 0.0390037114043519
1 0.38124896615168674 0.3279156972670826 0.028835705331134064 0.08044891762490743