2 0.14366872497860936 0.1444444260460501 0.06461477171162171 0.11457342068857254
2 0.10283820967712845 0.05744542305082523 0.055419554176610444 0.08461310217691824
4 0.23424237510244392 0.19058032686435675 0.051027460710585795 0.157777783665264
4 0.1865904332079958 0.25954114719010957 0.04070639081820957 0.13713790145127885
4 0.19732888006484264 0.271686483124959 0.04873721463952716 0.14209821996293312
4 0.23703354300895868 0.3681150498225147 0.03750430810555185 0.06838790145127885
4 0.21414185256225263 0.38065225535747754 0.03234592721213971 0.09160714664195542
4 0.2415711856891951 0.29752973131086047 0.046481201819245574 0.09366071996293313
4 0.39839703618453315 0.48924846144059464 0.03161818114108108 0.07598214664195542
4 0.3177955454901581 0.4052033328548065 0.03521837014004516 0.11978671034428631
1 0.3779903368464869 0.4375321940173994 0.025440955748187034 0.07732639183263199
1 0.3188378529765374 0.2259697006408214 0.044704686103479926 0.15599702885594055
1 0.2795356044242795 0.17178319764559652 0.04561221463952716 0.14198909255827136
1 0.9042937018192456 0.060758807457427046 0.04074062406898662 0.10437996515360967
1 0.9436429921421172 0.015126425961232103 0.04041098428423453 0.030252851922464206