2 0.3361783945156099 0.05509465418179418 0.09423178903121973 0.08663251977166349
4 0.392805644417414 0.12223041604479228 0.09621244554888211 0.15857118676785786
4 0.3164613130353248 0.1566107332312671 0.08046927088084717 0.137622016805914
4 0.3204539214465812 0.17161365072175305 0.08831813231716552 0.14419035178688594
4 0.3085538851458359 0.2742293147521979 0.055114746876741984 0.07566584486680368
4 0.28199138514583594 0.2731469758168933 0.05833974082661779 0.09298067885919252
4 0.3472754966803503 0.21722723965705773 0.07244769262201593 0.10136618182494202
0 0.6606016775949013 0.10346180589213042 0.07717155405833438 0.10780718281352519
1 0.6505565954272452 0.659170636424478 0.03468407220870695 0.054525673916276676
1 0.6389423845566607 0.6766618839530201 0.031504530054229284 0.04502333992388792
4 0.3900907523376911 0.4611019150562091 0.05201701795398091 0.08022601087441501
4 0.3605345416634984 0.3482053256266128 0.07099427693097127 0.12005251482874764
1 0.522666903001621 0.42588860973273235 0.05359769867214013 0.08341467787060938
1 0.40044646935659556 0.36154758402956977 0.059929511903856716 0.0977318458553869
1 0.44570338544042354 0.08533259391540157 0.09453177088084712 0.13819501977166349
1 0.4501090843089554 0.03708609490398475 0.06896816861791084 0.04030134783255322