2 0.9248138255721663 0.24838828121473208 0.06185725478036197 0.08979201186299805
2 0.8770784299833881 0.2965737718231919 0.04911742288667398 0.06122134288963732
2 0.8255171275470644 0.355569428439263 0.035716256939830514 0.046649506920082205
2 0.8554945242155769 0.327809184370762 0.03737888648947951 0.04827567391627667
2 0.9652385664728677 0.25316862311578625 0.046292811535622036 0.06578150889724857
2 0.9251957549372454 0.3157667822033153 0.039341904688076926 0.05458934091247105
4 0.8725923866463632 0.3543544383250947 0.05500647748246621 0.08016234387822045
2 0.7489663170911764 0.4378288301124182 0.03964229333702498 0.059276840912471054
2 0.776750158084163 0.4076293355496256 0.052843200184570095 0.07072367688202622
2 0.7533941988002941 0.4787403315952929 0.04296755243632351 0.06252917490485962
2 0.7016116533038009 0.49229615421897516 0.04921755243632351 0.0627838428896375
2 0.7035653770856392 0.5229240717094612 0.05118057063492074 0.0690975098858317
2 0.6699122678940554 0.5591507317855734 0.039341904688076926 0.05458934091247105
2 0.6281462700535239 0.5997465568807135 0.04609255243632351 0.06265650889724857
2 0.6089654734772965 0.5934819694282837 0.04246690468807692 0.054716674904859805
2 0.5741608744647455 0.6476773795043959 0.044630181985972864 0.06415534190105418
2 0.5182823118493892 0.6884814516337865 0.023877590992986343 0.03214133794672147
2 0.565406438159836 0.6253885440291322 0.027102720542635694 0.03383117193911023
2 0.5588770334717591 0.6783862100367435 0.0273029796419344 0.03695617193911023
2 0.4878042674326302 0.7240541957022875 0.020352072794389286 0.025764003954332714
2 0.4743530367109615 0.7383886097327323 0.02377746144333699 0.03057883794672147
2 0.4482818900424492 0.7663080212917193 0.02231509099298634 0.03207767095052709
4 0.46862347085640277 0.7177896082498576 0.037278756939830335 0.046713173916276676
2 0.6266743190937614 0.10934704996063135 0.04090440468807692 0.05465300790866538
2 0.6252224406238461 0.13200329996063137 0.03767927513842757 0.052963173916276585
2 0.6125827382798077 0.15812013098727062 0.037479016039128864 0.04983817391627658
2 0.5962172586378733 0.19348462802152108 0.039041516039128865 0.04990184091247105
2 0.5850399267441856 0.22122762604435478 0.037178627390180984 0.045150673916276654
2 0.5767570573735691 0.24047237456148 0.03375323874123311 0.040335839923887826
2 0.5611425493540045 0.26411812159573045 0.03405362739018099 0.04502333992388783
2 0.558628818632336 0.27889820459953607 0.03415375693983034 0.04658583992388783
2 0.5483829310631222 0.3043292861204669 0.032390997840531635 0.04339717292769345
2 0.5424938764673304 0.3228882851318837 0.03405362739018099 0.04502333992388783
2 0.5324482479974152 0.34519436665281455 0.030327850092285048 0.03552100593149898
2 0.5033324444813575 0.3839557777175099 0.03581638648947951 0.04821200692008221
2 0.5147007410575849 0.38990203018896785 0.03435401603912887 0.04971083992388774
2 0.4988859739387218 0.4166727772232184 0.03385336829088246 0.041898339923887876
2 0.4911840954688066 0.4390743592384407 0.03405362739018099 0.04502333992388792
2 0.4807880135751188 0.4668491907593716 0.025540220542635696 0.033767504942915846
2 0.4672669316814311 0.4944966882879137 0.02720285009228505 0.03539367193911023
2 0.45251401681432135 0.5291436023183586 0.03239099784053181 0.043397172927693364
2 0.5831746429678846 0.1036581240671884 0.037479016039128864 0.04983817391627663
2 0.5725282372000736 0.13533920558811924 0.04070414558877822 0.05152800790866543
2 0.5178035595330372 0.2803678626984819 0.03601664558877822 0.05133700692008221
2 0.5039820889904016 0.312702860227024 0.03561612739018098 0.045087006920082204
2 0.477381213759689 0.39778085577839967 0.03581638648947951 0.04821200692008221
2 0.45902243754152716 0.42758110231835855 0.03405362739018116 0.04502333992388792
2 0.4552768738464367 0.4493606018240669 0.025640350092285047 0.03533000494291585
2 0.44968820789959274 0.4632321008354838 0.029065738741233103 0.04014483893530461
2 0.439742708979327 0.48397568235641464 0.028965609191583752 0.038582338935304605
2 0.4305784600590611 0.5047510973754428 0.02533996144333699 0.03064250494291585
4 0.4773638224898473 0.5325060242574688 0.03269138648947969 0.04808467292769336
4 0.4680074113233655 0.45849552129171933 0.025840609191583753 0.03845500494291585
4 0.4768409932170532 0.430657022774594 0.027503238741233105 0.040081171939110406
1 0.306639114747138 0.44643723718559974 0.038179922886674156 0.060775673916276675
4 0.2507581570044287 0.3650479743340185 0.04951794108527156 0.06747134288963733
4 0.2482048534883711 0.4048917243340185 0.029366127390180984 0.04483233893530465
4 0.24098383636950796 0.4320126398473382 0.037779404688076924 0.054525673916276676
4 0.2454827668143213 0.5207077253226017 0.029366127390180984 0.044832338935304604
4 0.25539798735695707 0.48821356030357366 0.02740310919158375 0.038518671939110405
4 0.24261738510520367 0.4798598908359214 0.027503238741233015 0.040081171939110406
2 0.27115219772056 0.4379416462731288 0.02544009099298643 0.03220500494291585
2 0.27627859114986997 0.3457223127750316 0.027102720542635694 0.03383117193911023
2 0.27402567628276026 0.3808785627750316 0.027102720542635694 0.03383117193911023
2 0.26702709978774325 0.514535979771226 0.022315090992986432 0.03207767095052709
2 0.266957248615724 0.5278490632693231 0.0273029796419344 0.03695617193911023
2 0.2639230837486143 0.562973479771226 0.0273029796419344 0.03695617193911023
2 0.2486089643779978 0.5819317268054764 0.02377746144333708 0.03057883794672165
2 0.24559458590808264 0.6045243098092821 0.02075259099298643 0.032014003954332716
2 0.2650454927556279 0.5943508137636148 0.030628238741233015 0.04020850593149916
1 0.3189388556478394 0.45007157315515495 0.03591651603912895 0.04977450692008212
1 0.6011110055555544 0.49603396646253406 0.03465440468807692 0.054398339923887915