4 0.23573068034805691 0.7234120030522178 0.03861273213953691 0.050239017412854636
4 0.2544123298296773 0.7251758989137749 0.03589783524981467 0.05476274310259512
1 0.2947139925536123 0.6323233355939347 0.04058533524981467 0.05500840456798421
1 0.32103248477791785 0.6454751108087053 0.036776830066018465 0.0470321302577247
1 0.3438548301125012 0.6537346681356515 0.04099543836009243 0.059695904567984216
1 0.3709545723368068 0.6669273869279871 0.03474543836009243 0.05936835594746519
1 0.33856102884018624 0.5796830144721785 0.02767523213953691 0.049665807326946344
1 0.3607388252115289 0.5863391282215599 0.03080023213953691 0.049829581637205675
1 0.935347845946714 0.585059826999049 0.040858737323333116 0.058133404567984215
1 0.08179574457986258 0.7694980297373265 0.03921832488222214 0.03938340456798421
1 0.11544828317551074 0.7885279907277458 0.038612732139536955 0.050239017412854456
1 0.13876891451384415 0.8180041287873868 0.04017523213953696 0.050320904567984215
1 0.1765621489624553 0.8435297512431955 0.05064384043361101 0.06331222749876275
1 0.20808555103597381 0.8420424943457905 0.04091752591898139 0.041027791723114146
1 0.2510057828926868 0.8717609718445534 0.05390554147037028 0.06503850180902263
1 0.29392601474939983 0.9014794493433161 0.03113242280870363 0.035848968792335255
1 0.33852561526777947 0.9030319832645141 0.04132762902925915 0.04571529172311415
1 0.3851080893487981 0.9447148722286659 0.05206963939685174 0.06183161465389233
1 0.4195418779444463 0.9637857767966505 0.04867123732333316 0.058542840343633176
1 0.4643274061725019 0.9839876549066686 0.05988213939685174 0.03202469018666285
1 0.432363089631622 0.8710626882620396 0.03902283524981467 0.054926517412854634
1 0.03761580909449216 0.7452073586609987 0.0528119331762962 0.05253850180902227
1 0.015423845357824739 0.7190642605154496 0.030847690715649478 0.049577276119281775
1 0.0978095982557882 0.613370860470021 0.05478453628657396 0.0573078889641522
1 0.36119744646509366 0.5541850474888653 0.03603453628657398 0.056325243102595124
1 0.11770243322277898 0.6371735306418376 0.04173773213953695 0.05040279172311415
1 0.14568117026328828 0.6582606365893028 0.04099543836009247 0.059695904567984216