4 0.18595553846145493 0.6370446267718721 0.03832891848667055 0.05064035009228505
4 0.20256908255209954 0.6451773018180147 0.03558655575957419 0.05512759099298634
1 0.27288132467619175 0.5727201133536368 0.041836555759574165 0.055528109191583755
1 0.2915357298269428 0.594334297499078 0.03807382697140156 0.047515350092285046
1 0.30985529512941473 0.6104296668696946 0.040656693032477785 0.0601154796419344
1 0.33078967740134846 0.6329752953396097 0.03596919303247779 0.05981509099298634
1 0.33134739998060336 0.5395559623661877 0.028953918486670636 0.05003957279438911
1 0.34985828391952706 0.5533075817368043 0.030516418486670638 0.05013970234403846
1 0.8808218861856417 0.7640340445644174 0.040529147274843066 0.0585529796419344
1 0.8856849872438086 0.8295286366371378 0.030643964244305266 0.05170220234403829
1 0.027616879976724 0.623756477482466 0.03899859818322885 0.0398029796419344
1 0.051883556339302375 0.6535836798265044 0.038328918486670596 0.05064035009228505
1 0.06307627679252532 0.6896410957733484 0.03989141848667059 0.0507404796419344
1 0.08820395148811375 0.7281621776670362 0.051849284547746864 0.06394138648947952
1 0.11797119982112378 0.738708453885198 0.04068864394086339 0.04146560919158375
1 0.14818498724380863 0.7822674892026583 0.05522937606301594 0.06726664558877822
1 0.17677250178767617 0.8265076449704694 0.03093100666795978 0.03617733189368764
1 0.21696706709014807 0.8440048280361765 0.04119882697140156 0.047715609191583755
1 0.24537923845175663 0.9000137985788121 0.051721738790112326 0.062378886489479514
1 0.27029961905670047 0.9314535656976751 0.04834164727484325 0.05905362739018116
1 0.29831317769121257 0.9752269447858992 0.061224284547746956 0.04954611042820147
1 0.31475086284778264 0.8487004248892591 0.04027405575957417 0.0554279796419344
1 0.010499980141052708 0.5839534978405316 0.020999960282105417 0.053104016039128864
1 0.0006386313538498657 0.5459330636950905 0.0012772627076997314 0.05124112739018098
1 0.09735490831555306 0.4813675208194909 0.05602660151720873 0.05799177513842757
1 0.36093917619340055 0.5233895442598755 0.035714101517208795 0.056690090992986344
1 0.10743153892049688 0.5118560572166855 0.04314396424430513 0.0525032387412331
1 0.12616569240425796 0.5421140561369514 0.040656693032477785 0.0601154796419344
4 0.22211617906833842 0.6173724768641572 0.037914330305381404 0.06460272054263569
4 0.1555504324023183 0.5958293414544118 0.035076372729036055 0.048877590992986344