2 0.9047569657865818 0.20047553638942092 0.04998513103285873 0.09124573821317572
2 0.8691939772193272 0.2541976958188804 0.04269842068857237 0.06126713978475227
2 0.8316691845683886 0.318748193337681 0.02970734736759475 0.04662244292790545
2 0.8547693786706059 0.28784494974782177 0.031324411069925874 0.04825771753501122
2 0.950014902084251 0.2010234999954908 0.04437004809323426 0.06446491439185813
2 0.9203571731356434 0.26750037054982073 0.03310516587924894 0.054580492142117173
4 0.8774355523544035 0.31152004424730373 0.04491568511654265 0.08008991439185813
2 0.7747594748570746 0.4089151209641055 0.0317063569862416 0.059195217535011224
2 0.7954340734057957 0.37555896546358747 0.044588302902557685 0.07071491439185813
2 0.7878423174153459 0.44852343051739946 0.03499504809323426 0.06402826674922295
2 0.740168709247978 0.4681424176971179 0.041190484390903316 0.0627568651776464
2 0.7490179195922642 0.49819379073264713 0.042916675497895976 0.06751713978475227
2 0.7239013577040319 0.5383628724118475 0.033105165879249124 0.054580492142117264
2 0.6911359869227921 0.5828555810555187 0.038065484390903494 0.06261131596343468
2 0.6714956095181304 0.5788208984666955 0.03623016587924912 0.05472604135632899
2 0.6493502802067029 0.6370678920565547 0.03655754809323426 0.06410104135632899
2 0.6041940368301248 0.684103403843379 0.01984127404661713 0.03212329528527036
2 0.6361409520764019 0.6161731951997078 0.024583337748947897 0.03390411910658777
2 0.6411211179556509 0.6694437444139195 0.023129965153609787 0.03695634449948208
2 0.5813666612395617 0.7228191474332382 0.018060519237293703 0.025800520678164317
2 0.5717833301140357 0.7387523624870501 0.019786710344286185 0.030560795285270358
2 0.5525621041606528 0.769056292594674 0.01827877404661713 0.032050520678164315
4 0.5617262838349 0.718784464844415 0.03277778366526398 0.04520549214211726
2 0.5829241166048885 0.09734826653982602 0.03466766587924912 0.054653266749222995
2 0.5868402902886859 0.12015006575403775 0.029925602176918177 0.05287244292790544
2 0.5792286869306413 0.1478748054149555 0.032941474772256465 0.049892992142117135
2 0.5711359339354164 0.18415690777232036 0.03450397477225664 0.04996576674922304
2 0.5659226442797027 0.21355330934389696 0.031215283665263983 0.045132717535011316
2 0.5626984405588384 0.2329026228261323 0.029434528855940556 0.03880994292790545
2 0.5518799916472975 0.2581380632728384 0.028090283665263983 0.04498716832079959
2 0.5531795968194407 0.2730182005763913 0.02970734736759475 0.04662244292790545
2 0.5486657116102306 0.3001072394515208 0.028035719962933213 0.0434246683207995
2 0.5477579760382009 0.31878446484441497 0.028090283665263983 0.04498716832079959
2 0.5423264315731637 0.3419308664159915 0.0261458377489479 0.03397689371369372
2 0.5227604652384277 0.38469840922006243 0.029761911069925696 0.04818494292790545
2 0.5345883426430894 0.3883692187733564 0.02830853847458741 0.0512371683207995
2 0.5246875529873757 0.41754729652361533 0.02954365626060227 0.04193494292790549
2 0.5223537266711731 0.4400579973094036 0.029598219962933214 0.04349744292790554
2 0.5178944051642939 0.46870953618453315 0.021458337748947898 0.03375856989237604
2 0.5111186155085802 0.49803316314900387 0.023075401451278843 0.03539384449948209
2 0.5038071125133553 0.5343516528099217 0.028035719962933036 0.0434246683207995
2 0.5392559621583848 0.09765432754086202 0.03294147477225664 0.049892992142117155
2 0.5357142999073328 0.13024850371954444 0.03455853847458741 0.05152826674922304
2 0.5136359471822604 0.279756198095192 0.029871038474587407 0.05130994292790536
2 0.5069965667823737 0.31298607505966264 0.029598219962933037 0.04349744292790545
2 0.4999231659640671 0.40079429011347456 0.029761911069925696 0.0481849429279055
2 0.4885690037130151 0.43302459325662773 0.028090283665263983 0.0449871683207995
2 0.4901141455456471 0.45493598056018064 0.02151290145127884 0.035321069892376225
2 0.4866989688666248 0.4688165440424161 0.024801592558271322 0.04015411910658777
2 0.4819941106992568 0.4904368329175455 0.02469246515360979 0.03702911910658777
2 0.47731653438305416 0.512838371792675 0.021349210344286364 0.030633569892376044
1 0.6798785060752678 0.2828191937519658 0.03392362141421188 0.07801799214211709
1 0.6974752338427492 0.2953384644301302 0.031760920688572544 0.060757717535011316
1 0.7086855523544034 0.30366038667987116 0.036830366604888455 0.07191354135632891
1 0.67365827712666 0.3503876834128835 0.028199411069925694 0.048112168320799585
4 0.5237748721320021 0.5477613353987449 0.026636911069925696 0.04803939371369381
1 0.6189236810250096 0.5475130864322022 0.025128974772256462 0.04952911910658777
4 0.5036136503549705 0.4618045647205804 0.021622028855940556 0.03844606989237605
4 0.5065377537130151 0.43386150123834516 0.023239092558271324 0.040081344499482086
1 0.46175602176918246 0.5362929884180636 0.02669147477225664 0.04960189371369381
1 0.3375050115175634 0.3955694809744654 0.030252984390903313 0.06224744292790545
1 0.32939241115474366 0.3866118579389361 0.027018856986241603 0.058976893713693725
4 0.27039935707105967 0.3947839228689135 0.041354175497895974 0.0674443651776464
4 0.2772321996293311 0.43410113399378397 0.02345734736759484 0.046331344499482084
4 0.2758705962712865 0.46211697208312524 0.03154266587924912 0.05450771753501123
4 0.2991840998994836 0.5490005419755015 0.023402783665263983 0.04476884449948208
4 0.3019445121505356 0.516369978493266 0.023184528855940557 0.038518844499482084
4 0.28844500734121215 0.5095013943328663 0.021676592558271413 0.04000856989237604
2 0.30636662812245186 0.4643173269216895 0.021349210344286183 0.030633569892376044
2 0.2914559015360968 0.37236526736839554 0.0230208377489479 0.03383134449948209
2 0.29658983483854107 0.4077034538861602 0.023020837748947986 0.03383134449948209
2 0.3199504676854984 0.5406079991714305 0.01827877404661713 0.032050520678164315
2 0.3219767591553107 0.5539620237785364 0.0231299651536097 0.03695634449948208
2 0.3271106924577549 0.589300210296301 0.02312996515360961 0.03695634449948208
2 0.3161285524392215 0.6098481507430071 0.019786710344286272 0.030560795285270358
2 0.3184822261230189 0.6325771753501129 0.01671627404661713 0.03197774607105863
2 0.3344246846532066 0.6200600587247245 0.024801592558271413 0.04015411910658777
1 0.6903348564380875 0.2918859786981538 0.03030754809323426 0.06380994292790536