2 0.7823630481064061 0.09801577114244081 0.027062469749379047 0.08732958163720579
2 0.7632045028286705 0.1610546817033189 0.028434072208706952 0.05459896879233552
2 0.7441095900644921 0.23503109226419702 0.018995439695149587 0.043170145861557076
2 0.7579493762670414 0.1974868266603648 0.019004530054229286 0.04473264586155699
2 0.8252454396951496 0.08542391790850899 0.02846134328594587 0.059286468792335546
2 0.8147397317514316 0.1590694578226007 0.019049981849627428 0.05254514586155699
4 0.7861698250373774 0.2153670454527003 0.023882927594901203 0.07779080732694625
2 0.715040234481906 0.33972523631673174 0.01751475292686635 0.057150758706427315
2 0.7257504755049156 0.30123594640264 0.026935204722264315 0.06545458163720577
2 0.7378964723816577 0.3752876000661131 0.019095433645025396 0.06035764586155708
2 0.698257255460949 0.4083557276103044 0.026889752926866173 0.057642081637205855
2 0.7148134963857627 0.43499679273916686 0.026926114363184796 0.06389208163720568
2 0.701809502337691 0.481957001920564 0.019049981849627428 0.05254514586155708
2 0.6825918697259379 0.534839662481442 0.022211343285945873 0.05895892017181659
2 0.6630742552645573 0.5361598230423201 0.022156801131468028 0.049583920171816585
2 0.6571969599868217 0.5998947744218011 0.020657933645025394 0.060439533016686656
2 0.6270827339909267 0.6592354748967709 0.011110216822512698 0.030260710085908117
2 0.6391373063960255 0.583328072137809 0.015797716822512697 0.03050637155129756
2 0.6581781978865732 0.6343107179993661 0.01269998789975162 0.03503009724103805
2 0.6164088544042357 0.7039747648108627 0.011073855386194254 0.024010710085908292
2 0.611049188713191 0.7224381597679086 0.012663626463433175 0.028780097241038048
2 0.6011020169720223 0.7578433932595653 0.011110216822512698 0.030260710085908117
4 0.596109989942855 0.705253981794176 0.02054884933607006 0.04168953301668665
2 0.4511630450813439 0.0892494442549334 0.022165891490547728 0.05114642017181652
2 0.4614420149289188 0.11087546076327681 0.01747839149054773 0.050900758706427275
2 0.46161018657189173 0.13978171076327678 0.020576120413308984 0.04637703301668674
2 0.46339540036934235 0.17814484791840654 0.022129530054229286 0.0448964201718165
2 0.466693117191855 0.20799612222866606 0.020539758976990542 0.04012703301668674
2 0.4683737918598901 0.22839050938379576 0.01894998789975162 0.035357645861557076
2 0.46541241832332325 0.25635173507353637 0.017423849336070062 0.041525758706427315
2 0.47018173155503984 0.2706598965389255 0.017442030054229462 0.04465075870642732
2 0.4734658128389331 0.298167420849185 0.01741475897699054 0.03996325870642732
2 0.4766998971478885 0.31708119515944455 0.017423849336070062 0.041525758706427315
2 0.4783987525340828 0.3406005823145743 0.018922716822512696 0.030670145861557075
2 0.47086805366555096 0.38862864653892554 0.017442030054229285 0.04465075870642732
2 0.4833635084860111 0.3885024937799636 0.014344301131468206 0.049174484396167804
2 0.4819828156676035 0.4196706066248338 0.01896816861791084 0.03848264586155707
2 0.485239625874258 0.44249063093509333 0.01897725897699054 0.04004514586155707
2 0.4893185926967707 0.4723828488229177 0.01268180718159222 0.03190509724103805
2 0.4894958546988232 0.5028515988229177 0.014253397540672097 0.033549484396167804
2 0.492839023316734 0.5405153731331772 0.01585225897699054 0.03988137155129756
2 0.4106244034926004 0.10196412822155987 0.020576120413308984 0.04637703301668679
2 0.4155028010332723 0.13502228968694913 0.022138620413308985 0.0464589201718165
2 0.4351345658639952 0.28756743554850617 0.017460210772388508 0.04777575870642723
2 0.4376828489432866 0.32284651628120076 0.01897725897699054 0.04004514586155707
2 0.4538169090517452 0.4111653878324983 0.017442030054229285 0.04465075870642732
2 0.45167314695149685 0.4454175570998037 0.017423849336070062 0.041525758706427315
2 0.4588271167990716 0.4668797992978876 0.01269089754067192 0.03346759724103805
2 0.45969472521032806 0.4817644928754524 0.01427157825883114 0.03667448439616781
2 0.46138903541698245 0.5045026300305822 0.01582498789975162 0.035193871551297565
2 0.4623020956236369 0.5271998236081471 0.014217036104353653 0.02729948439616763
1 0.5787578217177277 0.4075601102428784 0.01907725292686635 0.057232645861557074
1 0.5889277072563471 0.4104361267512219 0.014407933645025395 0.06011198439616781
1 0.599133954231285 0.4195621432595652 0.01758747579950324 0.06965075870642731
1 0.5914714451560987 0.4449339574839165 0.01585225897699054 0.03988137155129756
1 0.5156043576256895 0.5604527368825586 0.014326120413308985 0.04604948439616781
1 0.5828509449597069 0.574130134553138 0.01278180113146803 0.04909259724103805
4 0.47285780054229304 0.46214803369405527 0.011146578258831141 0.036510710085908296
4 0.4688333758742579 0.44163081580623087 0.01271816861791084 0.03815509724103805
1 0.44502369203284076 0.5106740649017197 0.01594316256778665 0.05550637155129756
1 0.2583044211519936 0.3665544934412793 0.012845433645025484 0.06003009724103805
1 0.24744418920417033 0.379262533355371 0.017514752926866172 0.057150758706427315
4 0.23626177038986781 0.47083587969189794 0.023801114363184706 0.06372830732694616
4 0.2528816438282388 0.5084144448207603 0.011192030054229285 0.044323210085908296
4 0.2585049299325923 0.5352635498637144 0.01748748184962743 0.05246325870642732
4 0.3042628575274936 0.6142007773624772 0.011182939695149673 0.042760710085908114
4 0.29782650516636144 0.5818419787419582 0.01270907825883123 0.03659259724103805
4 0.282969119627742 0.5787203007682256 0.011155668617910841 0.03807321008590829
2 0.28814697813719425 0.5290069058111797 0.014226126463433086 0.028861984396167807
2 0.24937939392643466 0.4434069205105008 0.015797716822512697 0.03050637155129756
2 0.2644094962875668 0.47621609848423346 0.014235216822512697 0.030424484396167805
2 0.32136399911623725 0.6002577860689045 0.009556807181592398 0.03174132293077854
2 0.32690092680933436 0.6122631411118586 0.01426248789975162 0.035111984396167806
2 0.3411543243500063 0.6458126255080264 0.01269998789975162 0.03503009724103805
2 0.3358219297362006 0.6689635204650722 0.012663626463433175 0.028780097241038048
2 0.34454294476331526 0.6912888998182859 0.007994307181592396 0.03165943577564878
2 0.3561571556338996 0.6739343034817591 0.015834078258831142 0.03675637155129756
1 0.38838683089110987 0.30698582089461357 0.022329517953980905 0.0792714201718165