2 0.30517367468997225 0.06346047094004212 0.0947223493799445 0.09989818068726611
4 0.3735460890069823 0.13396440072279708 0.09777741701630234 0.16075379353213637
4 0.30330536660138396 0.17230320443169872 0.08217572780418311 0.1397043091359686
4 0.3091176587179326 0.18739261589708797 0.09046182448483515 0.14636374491161736
4 0.3115224535337737 0.29101226085413384 0.05712726099766208 0.07613977611928177
4 0.28513755228901827 0.2919639292169281 0.060110551039618446 0.09497166327441153
4 0.3420611358974158 0.23191722184455327 0.07308414772027057 0.10187676051544958
1 0.6974780672353725 0.6606275565339768 0.03683807178554268 0.0548446302577247
1 0.687535304787818 0.6834509028705037 0.03300267676456468 0.04530585594746519
4 0.4179887089323585 0.47400954658435407 0.05435745850815117 0.08066350180902226
4 0.37370406743586526 0.36196989201636975 0.07149833693238979 0.12202548620519008
1 0.5421240259440164 0.44861115614986397 0.05459425684847723 0.08378850180902227
1 0.41244725872257704 0.3803414337394838 0.060465748550107536 0.09965916327441153
1 0.4255113307086125 0.152250733264514 0.0914090178461393 0.1588637449116174
1 0.4308248701258689 0.07860519335042226 0.0866497402517378 0.11659435775648759