4 0.22733405793937536 0.4346739400879331 0.04338763050895835 0.05180793969514959
4 0.24192323480111147 0.4236500816766767 0.0418978656913195 0.054923849336070064
1 0.32226600465274347 0.4849097685431561 0.04662173328250008 0.056513620413308985
1 0.33810855698944486 0.4605955697728201 0.041752395326597205 0.048673849336070066
1 0.35329714589527816 0.4417546661820239 0.04669446846486114 0.05963862041330899
1 0.3699027644363892 0.41665467223214814 0.04200696846486114 0.05961134933607006
1 0.3853478861116324 0.5095461541799714 0.033939895326597205 0.04862839754067192
1 0.40057284260864623 0.49226775058917516 0.037101262917777864 0.05020907825883114
1 0.8908107572181946 0.20422076640185677 0.04665810087368065 0.058076120413308896
1 0.8861583183886111 0.13861394712001598 0.03553876291777769 0.05019998789975162
1 0.07348301253652817 0.4715113856368153 0.041606924961875034 0.04242384933607006
1 0.09301360932614619 0.4377994609687802 0.0433876305089584 0.05180793969514959
1 0.09840897093340312 0.4010443495324618 0.04495013050895837 0.05181703005422929
1 0.11773954597152807 0.3587386748644268 0.057777438829583395 0.06595225292686617
1 0.14553723765090307 0.34451254840099366 0.043205792553055566 0.04399543969514967
1 0.16786552611989608 0.29671994301479937 0.05937630642076393 0.06752384328594588
1 0.19019381458888912 0.2489273376286051 0.03368532218833335 0.03769089754067201
1 0.22713011692559046 0.22449041901069428 0.04487739532659729 0.048692030054229285
1 0.24606064846072934 0.16499724434265922 0.057741071238402775 0.06438975292686626
1 0.266354311454757 0.13049952449508442 0.0529808360560418 0.061237481849627386
1 0.2861751957634376 0.07568930464750959 0.06562630642076392 0.06756020472226432
1 0.3220243896270141 0.2059671571068376 0.045059233282499986 0.056504530054229285
1 0.047938805089583765 0.5154159217411688 0.055996733282500044 0.05656816256778665
1 0.03636617866468797 0.5553323946138058 0.04814786569131949 0.05496021077238851
1 0.16323845640010468 0.6014756207078965 0.059230836056041715 0.06127384328594587
1 0.41685245924989633 0.520301846998379 0.04193423328250003 0.056486349336070066
1 0.16874292078090325 0.5694080092715781 0.046548998100138926 0.05338862041330898
1 0.18284113516170183 0.5372904008603216 0.04669446846486118 0.05963862041330899
4 0.2659244324644101 0.4477324762904825 0.04520470364722229 0.06275453005422929
4 0.20337053428802127 0.47935063583320703 0.040226262917777846 0.05022725897699054