2 0.5956216245250348 0.020208338080814466 0.05686824905006951 0.027217028007636014
2 0.6019631967133681 0.05777197274822352 0.04669446846486114 0.05990225867281791
2 0.6146645248856251 0.1336804920830416 0.033867160144236054 0.04569430800445433
2 0.6121746513105208 0.0938185607494962 0.03546602773541672 0.047274989337999784
2 0.6482744990500695 0.03409866275458687 0.037173998100139015 0.05354317067154522
4 0.6442968202884722 0.09809752808717781 0.05181837955902786 0.07870680267345424
2 0.6289471900638544 0.24397310208463246 0.037283100873680655 0.058230670671545234
2 0.6233323164887501 0.2040748080839961 0.05003767401194459 0.06931362133990879
2 0.6638677039315628 0.26781059142263225 0.04048083605604162 0.061392033338636146
2 0.6407399816669794 0.3144037807526779 0.04673083605604163 0.061464758672817865
2 0.6661763927611462 0.333444682089405 0.048438806420763925 0.06773294000636332
2 0.6727725380877434 0.38194581675681405 0.037173998100139015 0.05354317067154524
2 0.676461888961424 0.4397855887571322 0.043605836056041625 0.06142839600572696
2 0.6594925945085073 0.4489605940881323 0.04029899810013902 0.053579533338636055
2 0.6788978643601393 0.5108884294239049 0.042079703647222286 0.0629727146721816
2 0.6750111045764935 0.5787935447564958 0.022602351823611144 0.031504538669636165
2 0.6560597764042365 0.502812300087496 0.02576371941479181 0.03310340133672707
2 0.6936877161837505 0.5423020614258138 0.02583645459715278 0.036228401336727244
2 0.68311519851632 0.6249691107574504 0.019331881458888846 0.025218176002545434
2 0.6858953596104866 0.6437463827577685 0.02256598423243066 0.029942038669636163
2 0.69067443179882 0.6812918360916321 0.021039851823611143 0.0314863573360908
4 0.6653828378589935 0.6349162754216777 0.035429660144236055 0.04571248933799978
2 0.2948787017473612 0.11902490937299817 0.038736498100138926 0.05356135200509069
2 0.3116486276591668 0.13484081337522535 0.03557513050895835 0.05196248933799978
2 0.3239856267092362 0.16153967337681618 0.0355023953265972 0.048837489337999786
2 0.34042889751079874 0.19687773671227063 0.0370648953265972 0.04885567067154524
2 0.35432839656086823 0.22359477804740693 0.035393292553055566 0.04414998933799978
2 0.36412162385944463 0.2416726160486796 0.03215918977951393 0.039426126670908876
2 0.3725705567051044 0.2691072727164068 0.032268292553055564 0.04411362667090888
2 0.38220012984336826 0.2801538607176795 0.03230466014423614 0.04567612667090888
2 0.39604507750666695 0.3045271520528158 0.03066942496187508 0.042532945337363424
2 0.4065831872140627 0.32105158072086115 0.032268292553055564 0.04411362667090888
2 0.41724858349059063 0.3430447593889065 0.028925087005972117 0.03470226400381797
2 0.42927711122600726 0.39004702872372465 0.033903527735416716 0.04725680800445433
2 0.4401055084524656 0.38548679805854275 0.032377395326597204 0.04880112667090888
2 0.45095274268489616 0.41529247672658814 0.03219555737069442 0.04098862667090888
2 0.4631260875746531 0.434960086728179 0.032268292553055564 0.04411362667090888
2 0.4785880866247226 0.46169530939686076 0.024201219414791808 0.0330852200031817
2 0.4909614532659726 0.4899566693984516 0.025800087005972295 0.03466590133672724
2 0.5081496064763547 0.5237413234006787 0.03066942496187508 0.042532945337363515
2 0.26273900218420154 0.14754935136854383 0.0355023953265972 0.048837489337999786
2 0.28059930262104177 0.17665559603754372 0.038663762917777865 0.05043635200509069
2 0.3571462316669794 0.31110386871417967 0.03397626291777787 0.05038180800445442
2 0.3735167672861809 0.3433169320496341 0.033830792553055565 0.044131808004454334
2 0.4229186616628476 0.4188714627227702 0.033903527735416716 0.04725680800445429
2 0.43461988107763927 0.4518112320575883 0.032268292553055564 0.04411362667090888
2 0.4482829907850351 0.46837202339272455 0.024237587005972294 0.034647720003181705
2 0.45562336531006986 0.48173508939367904 0.02747168977951393 0.03937158267027261
2 0.4654893277910073 0.5029379273949518 0.027435322188333444 0.03780908267027243
2 0.4753371064763545 0.5233595153962244 0.02412848423243048 0.029960220003181704
1 0.5188104302802087 0.3106418867361332 0.03884560087368065 0.05824885200509069
1 0.5298024816669795 0.3131129060709513 0.035756968464861316 0.05977498933799978
1 0.5382325775066669 0.3061816534054512 0.04222517401194459 0.06922271467218159
1 0.5526048552420836 0.3532111947405875 0.03066942496187508 0.042532945337363424
4 0.5315325550895837 0.5216702934038604 0.030778527735416717 0.04722044533736351
1 0.6021717101998268 0.5029662940801781 0.02925239532659738 0.048764764003817976
4 0.4589841014423614 0.45834304272754267 0.024310322188333445 0.0377727200031817
4 0.44764655793937536 0.4410282733927245 0.02590918977951393 0.039353401336727246
1 0.4663075985925699 0.5380941773949517 0.03564786569131932 0.055087489337999784
1 0.25733133567479205 0.4856760600334075 0.035756968464861136 0.05977498933799978
1 0.2481199898351046 0.4925982220321349 0.03884560087368065 0.05824885200509069
4 0.25057414902941016 0.5644823126989076 0.04683993882958344 0.06615225867281786
4 0.2801168318750699 0.5921624173694984 0.027580792553055566 0.04405908267027261
4 0.296269161947188 0.6150004807049527 0.03561149810013893 0.05352498933799978
4 0.3678545276385075 0.6705061407144978 0.027580792553055566 0.04405908267027261
4 0.3492311609972575 0.6421720553787251 0.025872822188333443 0.037790901336727245
4 0.3352413961796186 0.6451334233768161 0.02590918977951393 0.039353401336727246
2 0.3200515008530213 0.5965322913749072 0.024164851823611146 0.0315227200031817
2 0.2513911134102088 0.532469244032453 0.02576371941479163 0.03310340133672707
2 0.2777542448690977 0.5577692360359529 0.02576371941479163 0.03310340133672707
2 0.37753799895316026 0.6503118193825432 0.021039851823611143 0.0314863573360908
2 0.38711302070465337 0.6590146573838158 0.02583645459715278 0.036228401336727244
2 0.4126949021635422 0.684305558720543 0.02583645459715278 0.03622840133672707
2 0.41792791603125057 0.7077976027211793 0.022565984232430482 0.029942038669636163
2 0.43395295953423674 0.7251669160566336 0.019477351823611145 0.03146817600254544
2 0.4381494970532992 0.7041277100572702 0.02903418977951393 0.039389764003817974
1 0.36283449363482667 0.3877118220480432 0.050292247150208344 0.08025112133990878