2 0.7259812378997517 0.051267746103368664 0.036337475799503235 0.06958645459715282
2 0.7145988311856974 0.10880748916951448 0.03470225292686635 0.05705008700597225
2 0.7048834636010589 0.18435234982684084 0.023692030054229284 0.04429551386770836
2 0.7148124546240684 0.1455262391695145 0.023701120413308983 0.04585801386770836
2 0.7657295391294155 0.03578886967847287 0.03458407825883114 0.03673758700597225
2 0.7660976986721402 0.09907011967847286 0.02374657220870695 0.05367051386770836
4 0.7437914274967053 0.15869903960635479 0.033267017953980904 0.07888871941479172
2 0.689118083916172 0.294126740119445 0.023773843285945874 0.05835801386770836
2 0.6951317345801019 0.2536472104841672 0.034765885440423715 0.0679875870059723
2 0.7166390959182245 0.3252319229651047 0.025354524004104918 0.06151938145888884
2 0.6809334000747548 0.364239218367952 0.033148843285945875 0.05857621941479163
2 0.7006055506404889 0.38891256325770895 0.033185204722264314 0.06482621941479164
2 0.6930748517719569 0.43716822530180616 0.02374657220870695 0.05367051386770836
2 0.6809021046988233 0.4931272845723617 0.030042024004105095 0.06162848423243048
2 0.6621793757760621 0.497378373478195 0.02842498184962743 0.05221711664124999
2 0.6641145804983264 0.5614772410693756 0.028479524004105094 0.06159211664124999
2 0.6410543304001305 0.6257754772016673 0.01580680718159222 0.03161367591180557
2 0.6445060624461496 0.5477413961796186 0.018931807181592396 0.03168641109416672
2 0.6689975232185381 0.5951800938429173 0.01738748789975162 0.03477504350298606
2 0.6366304508134395 0.6709788744281255 0.014198855386194253 0.023764808320624907
2 0.6336190803019347 0.6904373892457645 0.015788626463433174 0.028488675911805574
2 0.6275872489198455 0.7277919188810422 0.014244307181592397 0.03157730832062491
4 0.6163497670702182 0.6759748457427783 0.025245439695149585 0.042769381458888846
2 0.39887383723582165 0.084273735751042 0.02686248184962734 0.05218074905006946
2 0.41148746672431685 0.10409592648048646 0.022174981849627427 0.05207164627652779
2 0.4155618883672898 0.13309309545843787 0.025272710772388508 0.04745688145888893
2 0.42203005698520063 0.17073856582316008 0.026835210772388506 0.047493249050069464
2 0.4284482286281735 0.19979028618788228 0.025245439695149585 0.042769381458888936
2 0.43247265329620854 0.22019370516583373 0.023646578258831142 0.03648301386770836
2 0.4334175297596417 0.24833688896142397 0.022120439695149586 0.042696646276527785
2 0.4397447978118185 0.2617636093261462 0.022138620413308985 0.04582164627652787
2 0.446149333916172 0.28847157969086845 0.022111349336070063 0.04113414627652778
2 0.4517226230455876 0.30656761626000034 0.022120439695149586 0.042696646276527875
2 0.4557697736113216 0.33087728523795173 0.022056807181592218 0.03175914627652787
2 0.45448907474278977 0.37927841764677117 0.023701120413308983 0.04585801386770836
2 0.4669799843837102 0.37800685837621567 0.020594301131468207 0.04891027868534721
2 0.4687242915653025 0.40929322596739626 0.02366475897699054 0.03960801386770836
2 0.47510155659241715 0.43131369633211847 0.023673849336070064 0.041170513867708355
2 0.48308222823539015 0.46040178428802125 0.01580680718159222 0.03161367591180557
2 0.48716574023744263 0.4909614532659726 0.01894998789975162 0.03481141109416672
2 0.4951918636758137 0.5278620412218754 0.02054884933607006 0.04109777868534721
2 0.35992496672431684 0.10289579597152806 0.025272710772388508 0.04745688145888892
2 0.36948631908544904 0.13514525151861143 0.026844301131468205 0.04905574905006951
2 0.40706865319801266 0.2844373899113545 0.023719301131468206 0.048983013867708355
2 0.4135186410977643 0.31895786027607675 0.023673849336070064 0.041170513867708355
2 0.4405765656676035 0.40473235932614615 0.023701120413308983 0.04585801386770836
2 0.4431203035673551 0.439161910712917 0.022120439695149586 0.042696646276527875
2 0.4518276830558503 0.45889318246441013 0.01581589754067192 0.03317617591180557
2 0.45503904146710666 0.47380966764677124 0.01896816861791084 0.037936411094166546
2 0.45907710167376103 0.49655683662472255 0.01895907825883114 0.036373911094166544
2 0.4631106167008758 0.518522755602674 0.017351126463433175 0.028525043502986236
1 0.5523851774967055 0.15424400968673657 0.020757927594901204 0.07703527868534725
1 0.5633272226762452 0.15527983282500046 0.022220433645025395 0.059884146276527786
1 0.5821135841125636 0.16196624391916714 0.02540906615858276 0.07089438145888893
1 0.5723800358097659 0.23438610457649353 0.020585210772388507 0.04734777868534721
4 0.5177799359827165 0.5166706212939935 0.019022710772388506 0.04731141109416655
1 0.6003379059284872 0.47484810362656305 0.01746930113146803 0.04883754350298623
4 0.4666759782353901 0.46001992458062535 0.015843168617910842 0.037863675911805575
4 0.45948564695149674 0.4325125204203129 0.01741475897699054 0.03946254350298624
1 0.45541174618937097 0.5378721676467713 0.019031801131468205 0.04887391109416654
1 0.314595848648699 0.5017865844405212 0.020667024004105094 0.06141027868534721
1 0.30518903239192036 0.4960996288934377 0.019086343285945873 0.05824891109416672
4 0.23332766793053977 0.4967704696991321 0.03163179508134393 0.06635235182361114
4 0.25384015583029135 0.5316182483844794 0.015888620413308897 0.045676175911805575
4 0.2633651467551051 0.5576177039315627 0.02374657220870695 0.05367051386770836
4 0.3176850080932277 0.6299661358272919 0.017442030054229285 0.044150043502986056
4 0.30812365573209555 0.5977166802802086 0.01740566861791084 0.03790004350298624
4 0.29249865573209555 0.597353004368403 0.015852258976990365 0.03942617591180557
2 0.29142196906200796 0.5465535705728127 0.017360216822512698 0.030087543502986237
2 0.24331120110802704 0.4673193590418057 0.018931807181592396 0.03168641109416655
2 0.2622384631100796 0.4982245201359724 0.018931807181592396 0.03168641109416672
2 0.3332100141433519 0.6131423117390975 0.012681807181592397 0.031540940729444425
2 0.3403048966569092 0.6242434658994099 0.01738748789975162 0.034775043502986235
2 0.3576696586589617 0.6551122594023961 0.01738748789975162 0.034775043502986235
2 0.35624351404515603 0.6785133918112155 0.015788626463433174 0.028488675911805574
2 0.36652248389273084 0.6998435311538892 0.012681807181592397 0.031540940729444425
2 0.3765696495837754 0.6813299204965628 0.020530668617910842 0.03797277868534721
1 0.5595845991396783 0.18331391384704906 0.015961343285945874 0.05817617591180557