4 0.2765304614402207 0.66953125 0.027326159090609536 0.04375
4 0.29456739528759657 0.6734375 0.022747753246410873 0.05
1 0.3414775771063775 0.5859375 0.028997753246410872 0.05
1 0.3659826992653561 0.60234375 0.02727161201270878 0.040625
1 0.38804861403800844 0.61328125 0.02748980032431154 0.053125
1 0.41411623619698706 0.6296875 0.02129434740221221 0.05625
1 0.4552321598980932 0.6578125 0.016443206168510117 0.046875
1 0.5231833189887027 0.7015625 0.019568206168510117 0.046875
1 0.12075774837185163 0.696875 0.031822744317957154 0.0328125
1 0.15240321468663157 0.71953125 0.027326159090609536 0.04375
1 0.17327482223511353 0.7515625 0.028888659090609538 0.04375
1 0.20896290624464514 0.78203125 0.03848184740221221 0.05625
1 0.24025381655307063 0.784375 0.03185001785690744 0.034375
1 0.2814788344099782 0.81875 0.04004434740221221 0.05625
1 0.3219362390363608 0.85390625 0.022420470779006774 0.03125
1 0.3658089699616373 0.8609375 0.03195911201270887 0.040625
1 0.40881467613014755 0.9078125 0.03842730032431163 0.053125
1 0.4420362792144026 0.93125 0.03524775324641105 0.05
1 0.48339766476606183 0.9734375 0.04780230032431163 0.053125
1 0.4607669139552829 0.840625 0.027435253246410874 0.05
1 0.07805205113179517 0.6671875 0.041388659090609535 0.04375
1 0.04627021712226354 0.63671875 0.04602161201270884 0.040625
1 0.14697755478524316 0.54296875 0.044568206168510205 0.046875
1 0.48839921590444757 0.678125 0.022747753246410873 0.05
1 0.16540995494739894 0.56953125 0.032013659090609534 0.04375
1 0.1916139448011292 0.59375 0.02748980032431154 0.053125
4 0.3057406745085897 0.6421875 0.02291139448011297 0.059375
4 0.23535999066121388 0.63828125 0.024201159090609537 0.04375
1 0.9677867069759938 0.6609375 0.019513659090609536 0.04375
1 0.9200253169601076 0.61015625 0.02392842370110628 0.028125
1 0.9654486854656383 0.75078125 0.0446227532464107 0.05