2 0.2282644408640314 0.06512358016653186 0.07957903663473138 0.119324313011266
2 0.21739553991409175 0.008209653602639134 0.0620839201718165 0.016419307205278268
4 0.29888015603832235 0.1317140351019545 0.07233310266810493 0.15967652837152993
4 0.23047099276391075 0.18674852758010713 0.06033106965141819 0.13904577962517112
4 0.23598400836774297 0.2006291711536164 0.06847111827193722 0.14552310015828454
4 0.2415169561291794 0.30343592240725764 0.04587242198083885 0.07154003087881237
4 0.21540815750866038 0.3104360801665319 0.04545634215265535 0.09336956677218974
4 0.26995621664462893 0.2370834967012947 0.05976450361804462 0.09846624373179384
0 0.5418422619857877 0.09500233062875027 0.06461577792830404 0.10172763605166188
1 0.6569151475590377 0.5635895430860203 0.027784163274411532 0.053852425705962936
1 0.6385402838096563 0.5867458982588698 0.025730340343632994 0.04443196159934022
1 0.37640213195520544 0.5577105822781029 0.024004066033373482 0.04126149749271768
1 0.3768148897571216 0.5647191002247915 0.023014776119281776 0.052153533386094963
4 0.35335413557325007 0.46165393619731115 0.041594357756487635 0.07921613855894431
4 0.30563368781181366 0.36007471582248235 0.05318031094499087 0.12167642319868044
1 0.4635247529406761 0.3390993231069029 0.053507859565509894 0.12792642319868044