2 0.7397866776649293 0.970221067846419 0.03413433540139543 0.05955786430716188
2 0.7215554837332296 0.9195287021526983 0.0335116225281606 0.05676345222957302
2 0.7032532339853311 0.8444522924977722 0.02170003737886681 0.043498627723941044
2 0.7170918588592804 0.8823182792562207 0.021809298022528623 0.04506112772394104
2 0.7826625925156355 0.9846140266967678 0.03383940445914604 0.03077194660646434
2 0.7737899730895679 0.9247514337153664 0.022355601240837332 0.05287362772394104
4 0.7448562259395596 0.86698821019847 0.030353771539424913 0.07831067029858758
2 0.6746908274324983 0.7364705476935525 0.021120883171822414 0.05745186708027905
2 0.685240561340955 0.7764617631646772 0.031151447033792933 0.0674824309422494
2 0.6990241919148874 0.7028439467048168 0.02290190445914586 0.060686127723940685
2 0.6591311654317838 0.66708140932595 0.030495883171822412 0.05810743094224939
2 0.6758869766958642 0.6407756354407363 0.03093292574646931 0.0643574309422494
2 0.6634851656838853 0.5935892790041191 0.022355601240837332 0.052873627723940685
2 0.6453250275683844 0.5389346299928548 0.027480143815484227 0.059451409654926124
2 0.6259030382120461 0.536006371947083 0.026824579953513707 0.05007640965492612
2 0.6209530942803463 0.47206955808511264 0.026026904459146037 0.060904649011264314
2 0.5907299987394923 0.41029082392455446 0.01457595222957302 0.03056158514929397
2 0.6026183575218982 0.48727394100483357 0.01926345222957302 0.03088936708027923
2 0.6217943284409045 0.4375852974414509 0.0164662341605581 0.0353583457929556
2 0.5805626770838517 0.3648308584534297 0.014138909654926124 0.02431158514929388
2 0.5755691744859617 0.34642506587878275 0.014466691585911207 0.02899908514929388
2 0.5663634192901815 0.3096681110513198 0.013013452229573019 0.030452324505632157
4 0.5603594377275135 0.36184797008582714 0.024715776735204996 0.04215464901126431
2 0.40793574412478983 0.9698247250295058 0.025371340597175517 0.05152964901126431
2 0.41884039313605415 0.9486052888914761 0.02068384059717552 0.051201867080279226
2 0.4192992150437963 0.9195897782478145 0.023481058666190435 0.0467328883676025
2 0.4219761008135087 0.8813085282478144 0.024934298022528622 0.045279649011264314
2 0.42483330304308176 0.8516756585696452 0.02460651609154354 0.04059214901126431
2 0.42703494141068427 0.8314177888914761 0.022716234160558103 0.0357953883676025
2 0.4243141329965955 0.8029650069604909 0.020028276735205 0.04182686708027923
2 0.42920372878955104 0.7891756585696452 0.02024679802252862 0.04495186708027923
2 0.43267829005363145 0.761941169213307 0.01991901609154336 0.04026436708027923
2 0.43633316777757225 0.7433550601787996 0.020028276735205 0.04182686708027905
2 0.4380267077543293 0.7191363101787995 0.02082595222957302 0.030998627723940863
2 0.4312029073860121 0.6707698659949983 0.021809298022528623 0.045061127723940865
2 0.44370290738601204 0.6716439511442921 0.019012079953513707 0.04953010643661741
2 0.4427631202592469 0.6401754298569686 0.022934755447881726 0.0389203883676025
2 0.4466911495923419 0.6176830708224614 0.02148151609154354 0.04037362772394069
2 0.45032960182191495 0.588104831466123 0.014685212873234654 0.03212408514929379
2 0.4516789343733188 0.5575814511442921 0.01791947351689647 0.03390510643661741
2 0.45513707014303123 0.519354831466123 0.01991901609154336 0.04026436708027923
2 0.3674582095959146 0.9536480679724697 0.023481058666190345 0.0467328883676025
2 0.372877683112811 0.9210540892597934 0.026606058666190258 0.04695140965492613
2 0.3944680958698302 0.7694751637654254 0.02202781930985207 0.04818612772394069
2 0.39692646035221923 0.7343189137654254 0.023044016091543364 0.0404828883676025
2 0.4148184367191073 0.6468571185928884 0.021809298022528623 0.045061127723940865
2 0.4133159208796654 0.6122089669837341 0.020028276735205 0.04182686708027905
2 0.42025968956909887 0.5914976292365501 0.014794473516896467 0.03368658514929379
2 0.4212976656838854 0.5766538792365501 0.018137994804219914 0.037030106436617416
2 0.4228819450169805 0.55399762923655 0.018028734160558103 0.035467606436617415
2 0.42446622435007575 0.5313413792365501 0.017482430942249393 0.027655106436617415
1 0.5443859683979909 0.7250035339477976 0.022683383171822412 0.05756112772394086
1 0.5565581864670057 0.7305651190970914 0.01977690445914586 0.060467606436617416
1 0.5657692955015131 0.7335644329590618 0.023557468321116205 0.07006112772394069
1 0.5642339286733355 0.6769320207062458 0.018356516091543363 0.04015510643661742
4 0.47755837336133994 0.5130719804773873 0.017231058666190256 0.046295845792955606
1 0.55255837336134 0.5183164913731506 0.015887079953513704 0.04931158514929379
4 0.4339944076381137 0.5971684750295057 0.013450494804219915 0.036702324505632156
4 0.430230269270511 0.6173170840640131 0.015122255447881728 0.03837408514929379
1 0.41027803821204606 0.5209284031217637 0.02101162252816078 0.05588936708027923
1 0.23591218671910727 0.6343467748936197 0.01821440445914595 0.060358345792955605
1 0.2267010776845999 0.6313474610316493 0.022683383171822412 0.05756112772394086
4 0.19709534117825317 0.571967107192922 0.0293704257464694 0.06424817029858776
4 0.21456134662613485 0.5355050833077085 0.013996798022528623 0.044514824505632156
4 0.2203796578902152 0.5084344849168628 0.022355601240837242 0.052873627723940685
4 0.2673035703951328 0.43242364197389876 0.01545003737886681 0.04306158514929379
4 0.26032159687823636 0.4649083600429136 0.016575494804219916 0.036920845792955605
4 0.24525932559091293 0.4669953839281272 0.01512225544788164 0.03837408514929379
2 0.25035673499373734 0.5175963174682666 0.017591691585911208 0.029217606436617416
2 0.21080827991417284 0.6004034636295394 0.01770095222957293 0.030780106436617417
2 0.2256027534310693 0.5684650487788332 0.01770095222957302 0.030780106436617417
2 0.28428897460217717 0.4477426393760087 0.011560212873234655 0.03190556386197052
2 0.2897959294296402 0.436351671306994 0.01646623416055819 0.0353583457929556
2 0.30464503326836756 0.40363200645628783 0.0164662341605581 0.0353583457929556
2 0.29997931260146266 0.38053871388164084 0.014466691585911207 0.02899908514929388
2 0.3085948419345578 0.3583741367781187 0.011560212873234655 0.03190556386197034
2 0.31989297485427876 0.37643572192741254 0.018137994804219914 0.037030106436617416