4 0.34608548117935317 0.7120009286754637 0.03826628742738745 0.051045674452321776
4 0.36483548117935316 0.7114553593959917 0.03684933664159917 0.05412521034569906
1 0.38610470553879006 0.6138302016367174 0.041609611248705033 0.05582410266556703
1 0.41392149048497806 0.6231908297708204 0.03812073821317572 0.0479206744523216
1 0.4383949516098486 0.6279548861181689 0.04182793507002262 0.06051160266556703
1 0.4677378492524838 0.6364888001456492 0.03557793507002245 0.060329746239076346
1 0.5146321199306482 0.6523351090002801 0.028818512820281583 0.04921038981258548
1 0.5916505382514478 0.6766925998290801 0.03201628742738745 0.05086381802583091
1 0.20457437737424627 0.7810501085380618 0.039319365177646406 0.04015363855894431
1 0.24116684883819897 0.79406693408574 0.03826628742738745 0.051045674452321776
1 0.26974776715899856 0.8198338122198432 0.03982878742738745 0.051091138558944406
1 0.31213647435492764 0.8397227633943422 0.05134848428423435 0.06390938730530316
1 0.34235051323005716 0.8333674633151998 0.040954639784752264 0.04176160266556685
1 0.391879632336645 0.8553955760098969 0.05454625889134013 0.06556281551854823
1 0.43988263874678585 0.8782504028112162 0.03136131596343468 0.036801318025830906
1 0.4834507022290212 0.873071157825781 0.041172963606069854 0.04644910266556721
1 0.5374682681924559 0.9074856102539215 0.05283820967712849 0.06239235141192552
1 0.5756596269599615 0.921238221694977 0.04956766046291676 0.05917642319868044
1 0.6270787317985258 0.9502521202830513 0.06072348428423417 0.0641821719450391
1 0.569767037837163 0.8283149358015998 0.04004711124870504 0.05577863855894449
1 0.15526358208897598 0.7637094958433648 0.05240156203449331 0.05301735141192587
1 0.11674473758949397 0.7429256344023092 0.05545378742738745 0.05154577962517113
1 0.1879219166636605 0.6250728931777979 0.055744885855810854 0.05779577962517113
1 0.5518966794839422 0.6629854524946472 0.036922111248705036 0.05568771034569906
1 0.2131231238595896 0.6454619495251464 0.042953787427387445 0.05118206677218975
1 0.24439239453775405 0.6617628994460041 0.04182793507002262 0.06051160266556703
4 0.36717707712657727 0.6777479491294349 0.038848484284234264 0.06354567445232177
4 0.29826441128697706 0.6930523518741442 0.03506851282028158 0.04939224623907634
1 0.9957653030384546 0.5175422910409562 0.008469393923090962 0.04769335391920819
1 0.9478704973094036 0.48092048093268414 0.031288541356328636 0.03523881802583091