2 0.9142468447023256 0.8247983216537407 0.0567604526972918 0.09065374373179366
2 0.8716969752112842 0.7719628266683056 0.04669446846486096 0.06069345909205772
2 0.8270215612673258 0.7096841355229364 0.033867160144236054 0.04626724623907634
2 0.8536925108304855 0.7393860073888334 0.033903527735416716 0.04782974623907634
2 0.9588508298846868 0.822969048692487 0.04680357123840295 0.06538095909205772
2 0.9220606511230898 0.7577926780802313 0.035611498100139014 0.05412521034569906
4 0.8738056422893745 0.7149543087216169 0.05025587955902751 0.07953438730530316
2 0.7595087125778467 0.6209422327782271 0.037283100873680655 0.058858174452321596
2 0.7837631769586453 0.65370090848419 0.04847517401194459 0.07011392319868044
2 0.7682485861529509 0.5813258033113405 0.03891833605604163 0.06202863855894432
2 0.7178673796559372 0.5626607198461034 0.045168336056041626 0.062210494985435
2 0.7232640476839579 0.5323283621659715 0.048438806420763925 0.06855142319868043
2 0.6936863036678815 0.4931605620868291 0.035611498100139014 0.05412521034569906
2 0.6556057286297566 0.44983645942126216 0.04204333605604162 0.06211956677218975
2 0.6367284420606246 0.45475964014179004 0.038736498100139016 0.05421613855894449
2 0.6075689253431247 0.3976230900626477 0.042079703647222286 0.06368206677218975
2 0.5562616516917706 0.3515687924907879 0.022602351823611144 0.031886497492717505
2 0.5961404628621871 0.4183985913162889 0.02576371941479181 0.03353992570596294
2 0.5958144609623262 0.36522812720966624 0.02427395459715278 0.03661946159934022
2 0.5297725400845137 0.314054420624891 0.019331881458888846 0.025545569279472158
2 0.5176362159963193 0.2980657077719095 0.022565984232430482 0.030323997492717504
2 0.4948715164331595 0.2684774961725693 0.021039851823611143 0.031841033386094786
4 0.5093327535153817 0.3189321372387961 0.035429660144236055 0.04631271034569897
2 0.6036158563858326 0.9369356426490725 0.038736498100139016 0.05421613855894449
2 0.6049244364579506 0.9143021247023839 0.03401263050895835 0.052517246239076346
2 0.5946233693036105 0.886640125956025 0.03550239532659738 0.04943771034569906
2 0.5813791401051729 0.8510746989964207 0.03706489532659738 0.049483174452321775
2 0.5734581905420132 0.8219183964099962 0.033830792553055565 0.044704746239076346
2 0.5676627854317702 0.8022052899835055 0.03059668977951393 0.03992631802583091
2 0.5541639830950688 0.7775773630239013 0.030705792553055566 0.044613818025830906
2 0.5537282252112841 0.7627108809705899 0.03230466014423605 0.04622178213245363
2 0.5457527242613536 0.7358983283841651 0.03066942496187508 0.04305131802583091
2 0.5422647015599299 0.7178159181176085 0.030705792553055743 0.044613818025830906
2 0.5341982816320481 0.6949096155311837 0.028925087005972294 0.03519335391920819
2 0.5093807727983328 0.6527532077719095 0.033903527735416716 0.04782974623907634
2 0.5212086255718745 0.6484066885715796 0.03081489532659738 0.04930131802583091
2 0.5078007422131245 0.6198725116119755 0.03219555737069442 0.04153428213245362
2 0.5028411384896523 0.5978383872387961 0.03223192496187508 0.043096782132453625
2 0.49570143892649254 0.5687048167056827 0.022638719414791807 0.0334489974927175
2 0.4846373055677426 0.5402388359060126 0.025800087005972295 0.035102425705962934
2 0.47375501016489546 0.5039603551063425 0.03066942496187508 0.04305131802583091
2 0.5598113049990617 0.9380063976636374 0.03550239532659738 0.04943771034569906
2 0.5519630906182631 0.9057250950772125 0.037101262917777864 0.051045674452321776
2 0.5131941441892355 0.7576225641984002 0.03397626291777787 0.050954746239076344
2 0.5022391136040272 0.7244690833987302 0.032268292553055744 0.044659282132453626
2 0.48550751491454813 0.637204764119258 0.033903527735416716 0.04782974623907634
2 0.46982861673815923 0.6054773909997199 0.030705792553055566 0.044613818025830906
2 0.468775263014687 0.5835569268930971 0.024237587005972294 0.03505696159934022
2 0.464415071335312 0.5693580345732292 0.02747168977951393 0.03983538981258548
2 0.45709353381624956 0.5480369640401157 0.027398954597152782 0.036710389812585474
2 0.4497719962971871 0.5267158935070022 0.02412848423243048 0.03036946159934022
1 0.6417386779085759 0.6761489068348374 0.03884560087368065 0.058903638558944316
1 0.6543477806821175 0.6718251196878189 0.035756968464861136 0.06037521034569906
1 0.6667386779085758 0.6768763325408003 0.04226154160312508 0.07149456677218957
1 0.6399410949866662 0.619026728621592 0.02910692496187508 0.04300585391920819
4 0.4912880022811107 0.4896167102791919 0.029216027735416716 0.04769335391920819
1 0.5629818175355898 0.46590407713052395 0.0292523953265972 0.04925585391920819
4 0.48361901301468696 0.5839888359060126 0.024310322188333445 0.03818196159934022
4 0.48783373432933974 0.6044377282258806 0.02590918977951375 0.03978992570596294
1 0.43265723147954815 0.5230907883341528 0.03568423328249999 0.05725021034569906
1 0.31404943579236055 0.6814679264973857 0.035756968464861136 0.06037521034569906
1 0.3077448844055897 0.6836298200708949 0.037283100873680565 0.058858174452321776
4 0.25614667002479113 0.6500755224990351 0.04531380642076392 0.06846049498543501
4 0.25785529359989534 0.6102545045523465 0.027580792553055566 0.044522889812585655
4 0.25302297644555505 0.5827516301791672 0.03561149810013893 0.05412521034569906
4 0.2667964953472565 0.4948113609788372 0.027580792553055566 0.044522889812585474
4 0.2730640259324648 0.5278284494586393 0.025872822188333443 0.038227425705962756
4 0.2603821879765621 0.5352772366056578 0.02434668977951393 0.03974446159934022
2 0.2835826454235065 0.5797319302583095 0.024164851823611146 0.03193196159934022
2 0.2790932075438536 0.6718512340983753 0.02576371941479172 0.03353992570596294
2 0.2807109121410064 0.6359364661516868 0.02420121941479163 0.03349446159934022
2 0.28848965739135374 0.5032603584715547 0.019477351823611145 0.03179556927947225
2 0.2887987819163885 0.4899791084715548 0.02583645459715278 0.036664925705962935
2 0.289617052717951 0.4548228584715548 0.02427395459715278 0.03661946159934022
2 0.2768085814032982 0.434123913565262 0.02256598423243057 0.030323997492717504
2 0.27577341147541634 0.4114221994586392 0.019477351823611145 0.031795569279472205
2 0.29426883833715245 0.4229052687381115 0.02747168977951393 0.03983538981258548