4 0.29717637671553465 0.3008280159209934 0.04099634059717552 0.053061098183228864
4 0.3158171160718729 0.30392106501260785 0.03808986188449896 0.05593100666795978
1 0.33326170616484535 0.40277302425594314 0.04444912252816078 0.058003689698497854
1 0.36126102002681576 0.3956300750145475 0.03921531930985207 0.04980855242559432
1 0.3858621822796318 0.3921382842578828 0.04321440445914595 0.0625636439408634
1 0.41536936581977135 0.38590413077412167 0.03852690445914586 0.06218100666795987
1 0.46344623290005044 0.3725430035031577 0.031512079953513704 0.050733323637421626
1 0.5409756531986382 0.35372897274843274 0.03318384059717552 0.052423369395056166
1 0.15806995407115837 0.22268755621861613 0.040231516091543365 0.04212359818322877
1 0.194990799864114 0.21155860864421044 0.04099634059717552 0.053061098183228864
1 0.22491860048453263 0.1880731822816321 0.04255884059717552 0.05318864394086335
1 0.26852648885213515 0.17120441773776457 0.0543704257464694 0.06658146424430508
1 0.29855819627748825 0.179941560011638 0.04190327673520509 0.0438136439408634
1 0.3485799756105834 0.16123922849830857 0.057713947033792935 0.06996155575957416
1 0.39787513526550944 0.1416918741061619 0.032200494804219916 0.03836086939505616
1 0.4413519836563551 0.14916940531992892 0.04234031930985207 0.0500636439408634
1 0.4968807178169133 0.11913096107950312 0.05437042574646931 0.06658146424430514
1 0.5353640636098689 0.10812955926273196 0.05091764381548423 0.06163887272903605
1 0.5874400158394418 0.0825235235070371 0.06385468639013112 0.06890923879011232
1 0.5249568053119956 0.2007794448686456 0.04288662252816078 0.0578761439408634
1 0.10837595666904842 0.23670238773194557 0.05516810124083724 0.055771510001939716
1 0.069400937979615 0.25473503954871674 0.05818384059717552 0.0544641015172088
1 0.13542513970498488 0.37798096303635714 0.057167643815484226 0.06214905575957417
1 0.5009298074056826 0.36460282880756933 0.03819912252816078 0.057493506667959784
1 0.16111890839441828 0.3588641722796925 0.04423060124083724 0.05487868969849785
1 0.19357077547469737 0.34422758743238313 0.04321440445914595 0.0625636439408634
4 0.31664764255497646 0.3369886565278769 0.040307925746469395 0.06543355242559432
4 0.24888098834793207 0.3173141431919574 0.03776207995351379 0.05124350666795978
1 0.9496900994761266 0.5426625086733055 0.03296531930985225 0.04929836939505616
1 0.8893099743500755 0.5746620656408277 0.03209123416055846 0.036798369395056166
1 0.9604961955211836 0.4555451459462091 0.030714404459146038 0.061543277879787084