2 0.22945925782192061 0.08573054745199238 0.07870039462538872 0.12011618182494202
2 0.20932179209337481 0.020999543991951263 0.062393584186749604 0.02748301285158127
4 0.30841798670464604 0.15675531326932318 0.0701290314288567 0.16029551285158128
4 0.24671391823232486 0.2080193829272559 0.05800846302712266 0.13953734387822053
4 0.25456421558737147 0.22236838441013065 0.06609397881213823 0.1445431788591925
4 0.2730705628577135 0.3260027203796858 0.046282736775233244 0.07203150889724856
4 0.24765333390440092 0.33120221494247837 0.044431810438639106 0.0937791749048598
4 0.29264033923665994 0.2605514753226017 0.05867632096198276 0.0974771778706093
4 0.4049638469174062 0.4895943295809456 0.04195925782192056 0.07809050790866542
4 0.344361004908736 0.38580348471414183 0.05075740514873237 0.12209517589344294
1 0.4177900706090469 0.4823229990485979 0.03580026308359248 0.07939833992388792
1 0.39756232864272906 0.3357517465771399 0.0475568104386392 0.09390650889724857
1 0.39111563659170656 0.27859316258475114 0.05297235253201382 0.10659750988583169
1 0.9338491681617377 0.310060610264205 0.05453485253201364 0.10666117688202617
1 0.9726162655732541 0.2664352856633564 0.05435284200867017 0.10353617688202617
4 0.29224476806291566 0.38757689034162973 0.05251732622365459 0.09878500988583169