4 0.35 0.25845302272487614 0.0421875 0.05229888555165916
4 0.36796875 0.2618916684228051 0.040625 0.05539661201270887
1 0.378125 0.3612876964259823 0.0453125 0.05704093262955982
1 0.40703125 0.35632350689656356 0.040625 0.04914661201270887
1 0.43125 0.35518374675029385 0.0453125 0.060165932629559826
1 0.46171875 0.3510280807598255 0.040625 0.06008411201270878
1 0.40390625 0.42345645981866287 0.0328125 0.049010244317957155
1 0.4265625 0.4238519261334428 0.0359375 0.05062729139585791
1 0.97734375 0.5928408486134377 0.0453125 0.058603432629559825
1 0.21640625 0.16940238514462208 0.040625 0.04289661201270887
1 0.25390625 0.1614632000794302 0.0421875 0.05229888555165916
1 0.28515625 0.14091492085843704 0.04375 0.05232615909060954
1 0.3296875 0.12684846671852174 0.05625 0.06660684740221222
1 0.359375 0.1375229139585782 0.0421875 0.04448638555165916
1 0.41015625 0.12278430397446424 0.0578125 0.06819662094116259
1 0.4609375 0.10726444399035029 0.0328125 0.03807274431795715
1 0.50390625 0.11817071631148464 0.04375 0.049201159090609535
1 0.5609375 0.09260370048317204 0.05625 0.06504434740221224
1 0.6 0.08469178895693055 0.0515625 0.06183752678536121
1 0.65390625 0.06219522605071728 0.0640625 0.06830571509696395
1 0.58359375 0.175811666797952 0.04375 0.057013659090609535
1 0.16640625 0.1794671318982112 0.0546875 0.05720457386326192
1 0.12578125 0.19438301988550238 0.0578125 0.05569662094116259
1 0.1828125 0.3219410040571898 0.0578125 0.061946620941162586
1 0.4171875 0.4541570348997407 0.040625 0.05695911201270896
1 0.21015625 0.3052307909888207 0.0453125 0.05391593262955983
1 0.24296875 0.2933035353067779 0.0453125 0.060165932629559826
4 0.36640625 0.29545814488385475 0.04375 0.06326365909060953
4 0.3 0.2700802694784653 0.0390625 0.05068183847375849