2 0.6231211651990348 0.9317940993263178 0.047932888964152195 0.052903756939830515
2 0.6216715298529274 0.8851694232004412 0.042092324739800804 0.0603157387412331
2 0.6241215004542852 0.8087070527500906 0.030417840343633172 0.04555233189368764
2 0.6267208779984765 0.8482504141011425 0.03058161465389251 0.048677331893687635
2 0.6604197693374778 0.9480909253599096 0.04128009724103805 0.015103368290882458
2 0.670811714724065 0.8983715276116631 0.03247166327441171 0.05502746144333699
4 0.658462200929255 0.8368728231081561 0.043156857756487456 0.08062823874123311
2 0.6244667384684977 0.6981200061738632 0.0311548247398008 0.05961483189368764
2 0.6239001724351241 0.7386448766242137 0.042665534825709096 0.0712532387412331
2 0.6564094572608331 0.6680424799557014 0.03452548620519007 0.06450259099298634
2 0.6274113540269013 0.6270763209486878 0.040611711894930555 0.061778109191583754
2 0.6496515241987179 0.603849572028422 0.042501760515449585 0.06812823874123311
2 0.6498872195853049 0.5547810163528959 0.03247166327441171 0.05502746144333699
2 0.646626100747541 0.49815028455149324 0.03756859905006031 0.06314035009228505
2 0.6282445929456248 0.49232058914728516 0.03551477611928178 0.05366522054263569
2 0.6401547727283798 0.4284886266242139 0.03608798620519007 0.06460272054263569
2 0.6272696703989592 0.36235248689553173 0.018825243102595125 0.03235142504614252
2 0.6184878126424715 0.44077787554447967 0.023512743102595123 0.032651813695090584
2 0.6505090965636695 0.3943441641011426 0.022195904567984214 0.03723918414544114
2 0.6296853414752869 0.31625873689553174 0.0169351944820761 0.02600129549649317
2 0.6299276809144088 0.2967775516703564 0.02030585594746519 0.030889054595791877
2 0.6295492226375228 0.25942774599483037 0.018825243102595125 0.03235142504614252
4 0.6105225836733708 0.3104791062661483 0.03198034034363299 0.045652461443337164
2 0.3068654014042249 0.8897705922296041 0.034034163274411534 0.05512759099298634
2 0.32191054726578194 0.8701194262827603 0.029264776119281778 0.05326470234403828
2 0.33041576605811745 0.8415438433093382 0.03222600180902226 0.05033996144333699
2 0.34249636420366664 0.8041742512366177 0.033706614653892505 0.048877590992986344
2 0.3533453329960022 0.7754484739387217 0.03189845318850333 0.04408996144333699
2 0.36061892243512406 0.7555167057401244 0.02852779172311406 0.03920220234403846
2 0.3652178912274596 0.7271914466408258 0.027292840343633086 0.04535207279438911
2 0.3736854884684976 0.7141907988925793 0.028937227498762753 0.04701470234403846
2 0.3844116265281385 0.6878087715946833 0.02721095318850324 0.04378957279438911
2 0.39234363523456584 0.6701706886212613 0.027292840343632996 0.04535207279438911
2 0.40060319256151206 0.6462826056478395 0.02671963025772488 0.03441457279438911
2 0.4062666943705343 0.5976448465485408 0.02901911465389264 0.048577202344038464
2 0.4178216700602748 0.6000188749261708 0.027620388964152198 0.05160207279438911
2 0.42492816316286997 0.5684184215023982 0.02869156603337366 0.04232720234403846
2 0.43462738975712156 0.5467739589793269 0.028773453188503238 0.04388970234403846
2 0.4462576085494572 0.5179981169066064 0.020469630257724702 0.034014054595791876
2 0.4548447144969224 0.4878600339331845 0.023676517412854637 0.03577681369509058
2 0.4684468690649067 0.4511715623108145 0.02721095318850324 0.04378957279438911
2 0.2714159023087361 0.8679048866463631 0.03222600180902226 0.05033996144333699
2 0.28551270183376626 0.8366351002491687 0.033788501809022264 0.05044009099298634
2 0.3446088201057034 0.689580825110741 0.02918288896415202 0.05170220234403846
2 0.3565665875185579 0.6545549830380204 0.03033595318850324 0.04398983189368781
2 0.39676221958530505 0.571002003396086 0.029019114653892508 0.048577202344038464
2 0.4032102934205947 0.537107864747138 0.027292840343632996 0.04535207279438911
2 0.4159526328597166 0.5168256431247682 0.020551517412854457 0.03557655459579188
2 0.4205958672558843 0.5025128192506448 0.023840291723114148 0.03890181369509058
2 0.4279922874277009 0.48023730105204765 0.023758404567984216 0.03733931369509058
2 0.4353477640219525 0.4587430328534502 0.02186835594746519 0.030989184145441228
4 0.48958488466873895 0.46383224861572403 0.025894114653892686 0.048376943244739755
4 0.43071449570458686 0.5174369124030995 0.020715291723113972 0.03870155459579187
4 0.4183849140673811 0.5447003192506449 0.02235967887824373 0.040364184145441226
1 0.30355553143480707 0.4329291093484672 0.029756099050060315 0.06263970234403846
4 0.2060696997976013 0.46564957665190043 0.040939260515449584 0.06802810919158375
4 0.2319671364777612 0.432066318632336 0.02268722749876284 0.04661418414544123
4 0.24499608095983721 0.406315347009966 0.03090916327441153 0.05492733189368768
4 0.3093318978977219 0.33756654457364255 0.022605340343632995 0.04505168414544114
4 0.2944129047951269 0.3696676457456618 0.02227779172311406 0.03880168414544114
4 0.27965104195025664 0.36905637646733036 0.022359678878243815 0.040364184145441226
2 0.2707806529861046 0.41945689466592756 0.02186835594746528 0.030989184145441228
2 0.21150415027257113 0.49566774367847855 0.02359463025772479 0.03421431369509058
2 0.23407186906490668 0.4661909947582127 0.02203213025772479 0.03411418414544123
2 0.32163050203616494 0.3554654434016233 0.017262743102595124 0.03225129549649317
2 0.3299752685445083 0.3448085456533767 0.022195904567984304 0.03723918414544123
2 0.35254298733684386 0.3153317967331109 0.022195904567984304 0.03723918414544114
2 0.353812238241355 0.2911130467331109 0.020305855947465278 0.030889054595791877
2 0.36811707768047686 0.27073069556109164 0.017262743102595034 0.03225129549649317
2 0.374905988241355 0.2897612978128451 0.025484678878243728 0.040564443244739755
1 0.31498767639185293 0.43764688772609733 0.03058161465389251 0.048677331893687815
1 0.5551103081199158 0.56552635410668 0.02630355042954129 0.056189443244739755