4 0.28046875 0.6776342741831067 0.0296875 0.04808467292769336
4 0.2984375 0.6792458537268712 0.0265625 0.052644838935304604
1 0.3390625 0.5861842618258171 0.0328125 0.05289950692008212
1 0.36484375 0.5999775063886096 0.0296875 0.04495967292769336
1 0.3875 0.6076480849437909 0.03125 0.05752333992388792
1 0.41484375 0.6205964125103891 0.025 0.05726867193911023
1 0.4578125 0.6438455701150433 0.0203125 0.04770267095052709
1 0.528125 0.6784805552862957 0.0234375 0.04783000494291585
1 0.12734375 0.725279889810157 0.0328125 0.03727450692008212
1 0.16015625 0.7434741328900749 0.0296875 0.04808467292769336
1 0.18359375 0.7729878779471591 0.03125 0.048148339923887916
1 0.22109375 0.7988036200384936 0.0421875 0.059531508897248384
1 0.25234375 0.7967490301146057 0.034375 0.038900673916276676
1 0.29609375 0.8254351042211627 0.04375 0.06272017589344295
1 0.33828125 0.8557473453239144 0.025 0.03383117193911005
1 0.3828125 0.857057835932374 0.034375 0.043588173916276673
1 0.42890625 0.8981484095446394 0.0421875 0.05796900889724839
1 0.46328125 0.917060235628363 0.0390625 0.054716674904859985
1 0.50703125 0.95199630973492 0.0515625 0.05678851087441501
1 0.47578125 0.8243633996588077 0.03125 0.05283583992388765
1 0.0828125 0.7013131492016973 0.0453125 0.04872134288963732
1 0.04921875 0.6745569896198766 0.0484375 0.045723676882026255
1 0.14296875 0.5683932198482131 0.046875 0.0534725098858317
1 0.4921875 0.6596323961987667 0.0265625 0.054207338935304605
1 0.1625 0.5925973823957833 0.034375 0.04827567391627667
1 0.190625 0.6133263764642842 0.03125 0.05752333992388792
4 0.3078125 0.6468326017497048 0.0265625 0.062019838935304605
4 0.2375 0.6520413665784525 0.0265625 0.046394838935304605
1 0.96875 0.5808389623594773 0.021875 0.04620383794672147
1 0.9171875 0.5368462232338922 0.0265625 0.03233233893530461
1 0.97265625 0.6705235448689912 0.0484375 0.055098676882026076