2 0.05559163014660391 0.8269773315738996 0.07371028763096839 0.1167704886359143
2 0.01889892138386853 0.9113835592527654 0.03779784276773706 0.08691934740221222
4 0.05952002345788502 0.9162171095770768 0.07196211733238063 0.0917704886359143
4 0.15000254784730163 0.7856040836024946 0.06416032500983526 0.15873980032431162
4 0.10888015713391057 0.7137057642034594 0.05336493664223267 0.13826365909060953
4 0.12063711196137357 0.7021779289761119 0.06150521857321789 0.14308752678536116
4 0.16943488090290854 0.6083830645277711 0.04397922896477806 0.0709943384737585
4 0.14776197669586416 0.5939250982129911 0.0407121173323806 0.09122501785690744
2 0.16764315193813045 0.6787501116056717 0.0549931386197041 0.09459547970746059
0 0.4377589099839021 0.6639099103051302 0.04965007475773362 0.08513865909060954
1 0.6935879289254372 0.5737287897677095 0.02548060124083733 0.05194432954530477
1 0.6996247614768409 0.5433282236150853 0.02482503737886681 0.04256932954530477
0 0.2821652018022444 0.8755177917995998 0.061319548274630084 0.11811480032431163
1 0.4257448650634667 0.5784400146072013 0.03260468639013112 0.0645534237011061
1 0.37412737076344993 0.46646612012708843 0.030823665102807672 0.06140115016215582
1 0.39360399044161903 0.46758828936396757 0.035041271539425004 0.0770806972400564
2 0.3475977217521856 0.48790474350388296 0.03296531930985207 0.047393197240056396
4 0.25739370281065066 0.5809768591700397 0.047475569561953625 0.12099433847375848
1 0.26566039883603737 0.80952459902377 0.05780106436617345 0.1570682061685101