4 0.3313905573378241 0.2924015576781108 0.03953734387822046 0.05240310919158375
4 0.35020422433401854 0.2951656122739027 0.0381021778706093 0.0554279796419344
1 0.376839661596168 0.3942737407438178 0.04285334486680377 0.05729086829088228
1 0.40380140961900163 0.386651007862681 0.039410009885831696 0.04927810919158375
1 0.4278291586304185 0.3835155158822455 0.043044345855386724 0.061978368290882366
1 0.45716649015134936 0.3768242273255826 0.036794345855386726 0.061577850092285044
1 0.5026235701894054 0.3641530490402375 0.030098676882026075 0.05023983189368782
1 0.5790123152464896 0.3456719617478789 0.03328734387822045 0.05200259099298643
1 0.18640170950527088 0.2145397686600226 0.04071784190105419 0.04312823874123302
1 0.22179804003761855 0.203561498301957 0.03953734387822046 0.05240310919158366
1 0.2496856180985083 0.18041389497046945 0.04109984387822054 0.05250323874123301
1 0.2910454471479812 0.1628048928110011 0.052610346843970035 0.06726664558877826
1 0.321800698630856 0.17178866902916287 0.04078150889724856 0.04469073874123301
1 0.36934686068413447 0.15301768506829183 0.05579901384016441 0.06902940468807692
1 0.4160481057412186 0.1326341363325961 0.031151840912470873 0.03783996144333708
1 0.46080219022789903 0.14095657849760176 0.0425350098858317 0.04947836829088237
1 0.5125583498097196 0.11076723318567869 0.054109179847775656 0.06580427513842758
1 0.5502984303420673 0.09993915715208705 0.050793178859192524 0.060916516039128954
1 0.599901840912471 0.07428711751568999 0.061985346843970036 0.0678674228866742
1 0.5486178666156336 0.19255745372831443 0.04129084486680377 0.05719073874123302
1 0.13785146296531198 0.22779193784606902 0.0537271778706093 0.05642927513842759
1 0.10042971741393629 0.2464325138796606 0.05678851087441492 0.05506703423772628
1 0.17789282562661285 0.3690572879383541 0.05704317885919252 0.061317034237726276
1 0.5397097347141419 0.3563999082318212 0.038165844866803765 0.0569904796419344
1 0.20206515467608574 0.3503468607327432 0.04428851087441492 0.054265997840531634
1 0.23264665121604464 0.3359432017257296 0.0430443458553869 0.06197836829088228
4 0.35391681475219794 0.32890955659837673 0.04004667984777566 0.06490310919158375
4 0.284530144790254 0.3088788564138065 0.036348676882026074 0.05064035009228505