2 0.6855639021323576 0.9199640055806981 0.04589430267345414 0.05369882697140156
2 0.6811122121259942 0.8734078699747844 0.039735209341181486 0.0610011439408634
2 0.6786588267822674 0.7969729157324188 0.028634077339272323 0.04604582363742153
2 0.6838099507876763 0.8364340284595151 0.028670440006363408 0.049170823637421535
2 0.7240633281349028 0.9355891345186519 0.04077045066836362 0.01581618969849785
2 0.7313031161282213 0.8857326557304791 0.03030566534054522 0.05554836939505634
4 0.7149508627864035 0.8245081133068245 0.039971566677272106 0.0813136439408634
2 0.6718992021005408 0.6864818258841398 0.028797709341181487 0.06010832363742154
2 0.6739344167727224 0.7269792801265053 0.03986247867599957 0.0719386439408634
2 0.7020406880967228 0.6558696836102664 0.03197725334181776 0.06505091515269079
2 0.670290701424223 0.615451848762957 0.03819089067472703 0.06243609818322895
2 0.6911299127545869 0.5918549810348908 0.03982611600890866 0.0688136439408634
2 0.6882134507479053 0.5428275496713426 0.03030566534054522 0.05554836939505616
2 0.6812998320734966 0.4863064827018807 0.03508407200827239 0.06374350666795969
2 0.6624680160725421 0.48080578179349515 0.03341248400699968 0.054240960910325244
2 0.6703254220639516 0.41682303012650523 0.03353975334181776 0.06517846091032524
2 0.6531373747214975 0.3509747605816679 0.017551126670908877 0.032653003333979844
2 0.6493589413987697 0.4294823978545715 0.022238626670908878 0.033035640606883375
2 0.6785282733927245 0.3825277784595153 0.020730670671545326 0.037595594849248924
2 0.6526010253819068 0.30488101058166783 0.015915901336727246 0.026275457576345397
2 0.6515925087125888 0.2854135334604851 0.019095445337363515 0.031218049091614474
2 0.6488124067074981 0.24810485209693695 0.017551126670908877 0.032653003333979844
4 0.6329879593809523 0.29944408255209953 0.0301965773392725 0.04617336939505616
2 0.36530539879053975 0.8835471130169605 0.03186816534054513 0.05567591515269079
2 0.3791497227879944 0.8636492011982497 0.027162484006999676 0.053730777879787084
2 0.3858537087841764 0.8349502452888942 0.03025112133990877 0.05086086939505634
2 0.39558269744585844 0.7974024478642697 0.03179544000636332 0.04942591515269079
2 0.4046304334420404 0.7685121733184626 0.03017839600572696 0.044610869395056166
2 0.4106531667727224 0.7484707402879244 0.02699885200509069 0.039668277879787085
2 0.41345090276890434 0.7200906487726554 0.025509077339272324 0.045790732122152636
2 0.4211179521005408 0.7069529199844826 0.027089758672817866 0.047480777879787085
2 0.430192960097041 0.6804063954386754 0.02549089600572696 0.044228232122152634
2 0.4370242154280411 0.66264493952932 0.0255090773392725 0.045790732122152636
2 0.44378274542485946 0.6386334836199646 0.02538180800445424 0.03485323212215263
2 0.4463441240849507 0.5899408921046956 0.027107940006363407 0.04904327787978709
2 0.4580992367520416 0.5921092989224366 0.025581802673454133 0.052040732122152634
2 0.46320436008113264 0.5604128887707157 0.027035214672181597 0.04279327787978708
2 0.4715526620782692 0.5386176371037258 0.027053396005727138 0.04435577787978708
2 0.48138164807445116 0.5096635896791012 0.019131808004454243 0.03434304909161447
2 0.4880674527370877 0.47940213376974583 0.022274989337999783 0.03616064060688338
2 0.4993680320655424 0.44250804058748683 0.02549089600572696 0.044228232122152634
2 0.32830483812058536 0.862325688321372 0.03025112133990877 0.05086086939505634
2 0.3404503021164492 0.8308365722602957 0.03181362133990877 0.05098841515269044
2 0.39034011943026825 0.682877562258356 0.027144302673454225 0.05216827787978708
2 0.4000963800922685 0.6476735148337316 0.02861589600572696 0.04448332363742171
2 0.4350884507479053 0.5634899624081373 0.027107940006363407 0.04904327787978709
2 0.43938505207667833 0.5295135751352337 0.0255090773392725 0.045790732122152636
2 0.45087653540736017 0.5090257319529747 0.019149989337999784 0.035905549091614475
2 0.4546191534054512 0.4946443675588883 0.02231135200509069 0.039285640606883374
2 0.46061461473581494 0.47225918452835025 0.022293170671545327 0.03772314060688355
2 0.46661916673295156 0.45065525149781205 0.020657945337363516 0.031345594849248926
4 0.5214066640674515 0.45478489998060334 0.023982940006363408 0.048788186364518
4 0.46573846674090563 0.5093765472554466 0.01918635200509069 0.03903054909161448
4 0.4551100494111783 0.5368318675588883 0.020767033338636054 0.04072059484924893
1 0.3326254273949517 0.4271854137755649 0.027271572008272394 0.06310577787978708
4 0.2368407600652243 0.46159197787008877 0.038263616008908666 0.06868609818322877
4 0.26068679272754264 0.42758376862675346 0.020839758672817864 0.046970594849248926
4 0.27211464139081554 0.40162717544449444 0.028743165340545128 0.055420823637421714
4 0.3322976160486796 0.33180914089674757 0.0208215773392725 0.045408094849248924
4 0.3193799927195885 0.36414327983664113 0.02074885200509069 0.039158094849248926
4 0.30451806138604304 0.3637924645341692 0.020767033338636144 0.04072059484924893
2 0.29884986405949726 0.41430264756470736 0.020657945337363516 0.031345594849248926
2 0.24422654606936045 0.4914867719607333 0.022256808004454332 0.034598140606883376
2 0.2649930320655424 0.46163990423266715 0.02069430800445433 0.03447059484924893
2 0.34579704205122497 0.34947500195685405 0.01598862667090888 0.032525457576345396
2 0.35349136338317955 0.3386810231686813 0.02073067067154515 0.037595594849248924
2 0.3742578493793615 0.3088341554406151 0.020730670671545236 0.037595594849248924
2 0.3739760387094071 0.2846154054406151 0.019095445337363515 0.031218049091614474
2 0.3870300220400891 0.2640000165007216 0.01598862667090888 0.032525457576345396
2 0.3950697887094071 0.2828935377125489 0.023892033338636143 0.040975686364518
1 0.34440781206236076 0.4316975705933059 0.028670440006363318 0.049170823637421535
1 0.5937367447485417 0.5552315680082319 0.02407384667409058 0.056600686364518184