2 0.13213522593008328 0.14213698214421497 0.06465634108157471 0.11126475292686626
2 0.10372772862937567 0.05327901522350638 0.05627515601864026 0.08310339149054777
4 0.215787252899785 0.19240917203575642 0.0523465178461394 0.15492384933607006
4 0.15841153816785652 0.2591199490649235 0.04311322780418307 0.13612839754067194
4 0.1676205948065523 0.2715608617309061 0.04971842531467217 0.14085225897699044
4 0.19381439667136333 0.36902166901069433 0.03790366431701005 0.06737839754067201
4 0.16948890289514065 0.3808767743968885 0.033429651869455415 0.09077953610435348
4 0.20845815974361787 0.2994358768562166 0.04761055103961844 0.09242384933607006
4 0.33705306596275075 0.49859956382089177 0.03224566016782511 0.07515453610435348
4 0.2687426190769616 0.4107546510567134 0.03712333693238978 0.11891362646343318
1 0.33000035040562975 0.37525751259122775 0.03655465186945541 0.0907977168225127
1 0.3145063275851129 0.33239784690018315 0.03908765601864026 0.08300339754067201
1 0.8241791707412801 0.22244859163562586 0.042189345230759304 0.10332498789975161
1 0.865633887547801 0.15973496819725483 0.03823555103961844 0.09236930718159235
4 0.22494507488582052 0.4219421359314029 0.041597349379944505 0.09551248789975161
1 0.360656509324055 0.4859677536142373 0.02815015601864026 0.08293976502711473