2 0.9328530796122859 0.22267353170454932 0.061887877997927984 0.08783634328594588
2 0.8852117921848983 0.27240991129124037 0.04964043507002245 0.05964771077238851
2 0.8339724698113228 0.33228436015977225 0.034922963606069855 0.04550339754067192
2 0.8642250500427814 0.3035462818027452 0.03655823821317554 0.04707498789975162
2 0.9717336430945211 0.22680704068153973 0.03892125889134022 0.06427157825883116
2 0.9335936342031811 0.29066500760224834 0.038411836641598994 0.05333407825883123
4 0.8809566317219817 0.33021332093216077 0.055201230355292806 0.07842498184962743
2 0.7574227783311596 0.41545540846257 0.04011988585581072 0.05646816861791084
2 0.7854043831697238 0.38514119456692353 0.05163958271265763 0.0690318011314682
2 0.7625618885464072 0.45612131507842835 0.04346320967712849 0.06117384933607006
2 0.7103080297789015 0.4706650832288009 0.04815070967712849 0.06120112041330898
2 0.7127951749403374 0.5011565591264999 0.05156680810555194 0.06746930113146803
2 0.6790173343697967 0.5384702067653677 0.038411836641598994 0.053334078258831144
2 0.6365001945850445 0.5788588574292977 0.04502570967712849 0.06118293969514958
2 0.618004905709915 0.5732810231203423 0.04153683664159917 0.053352258976990544
2 0.58342654446121 0.6277821707592102 0.04509848428423417 0.06274543969514959
2 0.5267377427657989 0.6704327581914236 0.023330492142117087 0.03137726502711473
2 0.5742527516571391 0.6066293334251927 0.02809076674922295 0.032967036104353475
2 0.5679085523190928 0.6589503575274935 0.026673815963434676 0.03608294574527395
2 0.4969389268023642 0.7062066317279904 0.01991439371369381 0.02510908430895533
2 0.48296631803485857 0.7209731136758137 0.023257717535011223 0.02981476502711473
2 0.45743762510695307 0.7489572131100795 0.023330492142117264 0.03137726502711473
4 0.4776987752307876 0.6998430022394951 0.03648546360606986 0.04551248789975162
2 0.6350598966091778 0.08965545686356365 0.04153683664159917 0.05335225897699045
2 0.6340046648061429 0.11231170686356365 0.03677656203449331 0.05176248789975161
2 0.6210487464853434 0.13880602917046653 0.038193512820281585 0.04864657825883123
2 0.6045675678254615 0.17387592075921016 0.039756012820281586 0.04865566861791084
2 0.5931013748975561 0.20194183342519265 0.036412688998963993 0.043949987899751596
2 0.5859416923087328 0.22143672198887412 0.0330693651776464 0.0392443071815924
2 0.569225073202145 0.24478331839807801 0.03328768899896399 0.0439318071815924
2 0.5677524644346394 0.2596225232185382 0.034922963606069855 0.04550339754067192
2 0.5571402961138399 0.28613048106406047 0.03321491439185813 0.042369307181592396
2 0.5516158881321225 0.3040719599868216 0.03328768899896399 0.0439318071815924
2 0.5411856563290875 0.3266736678323439 0.029726041356328992 0.034538626463433086
2 0.5119861538478881 0.36635833654845057 0.03499573821317572 0.04706589754067192
2 0.5234501927230177 0.37189526424154773 0.03350601282028158 0.048619307181592394
2 0.5073328870986652 0.39915265583029136 0.034704639784752266 0.04081589754067192
2 0.5000640425991831 0.4209912943939729 0.03485018899896399 0.04394089754067192
2 0.48937909967127774 0.4490617522394952 0.02496576674922295 0.032948855386194256
2 0.4755691567433723 0.47711402936685826 0.028163541356328814 0.03452953610435348
2 0.4606504780834905 0.5121930113146815 0.03165241439185813 0.042360216822512696
2 0.5915282204304954 0.08471342680933436 0.038193512820281585 0.04864657825883119
2 0.5814425909848253 0.11669467983439645 0.03982878742738745 0.05021816861791084
2 0.5269819152204277 0.2625111738824681 0.036703787427387446 0.05019998789975162
2 0.5122087857747576 0.29446515583029137 0.03485018899896399 0.04394089754067192
2 0.48629479508038254 0.3810566408031767 0.03499573821317572 0.04706589754067192
2 0.4685058275453712 0.41064869203284077 0.03328768899896399 0.043931807181592265
2 0.4643619830458892 0.4325055113146815 0.025038541356328815 0.03451135538619425
2 0.45823826158193653 0.4465361950579029 0.029944365177646405 0.039226126463433174
2 0.44866205438600737 0.46757994808296494 0.028309090570540717 0.03765453610435347
2 0.4390858471900783 0.48862370110802705 0.024820217535011225 0.029823855386194253
1 0.6143277497951123 0.4005565954272452 0.04175516046291676 0.05803975897699036
1 0.6224484648489241 0.4107628424021831 0.03870293507002263 0.05958407825883114
1 0.6309330529382654 0.413156589377121 0.045389582712657625 0.06899543969514962
1 0.6115451980997012 0.44352080024770535 0.03165241439185813 0.042360216822512696
4 0.4771102320124319 0.5279180052645573 0.03187073821317572 0.0470477168225127
1 0.5345930922276796 0.5688884389095827 0.031943512820281586 0.048610216822512695
4 0.4791693457423363 0.4333731197259379 0.02518409057054054 0.037636355386194253
4 0.4855477783311596 0.41387368598271657 0.028381865177646404 0.039217036104353474
1 0.4246787448327135 0.4791623426967707 0.03848461124870504 0.05489657825883114
1 0.32559919768541634 0.29103510792027704 0.03870293507002263 0.05958407825883123
1 0.31477085959607515 0.2886277254067197 0.040192660462916766 0.05803066861791084
4 0.25947973800828794 0.35160444837755256 0.049931533498446076 0.06589771077238851
4 0.2576239855270886 0.3914481983775525 0.028600188998963993 0.04390453610435348
4 0.25010042990273607 0.4187555869412341 0.038411836641599174 0.053334078258831186
4 0.2545824146012551 0.507086833916172 0.028600188998963993 0.04390453610435365
4 0.2638867940469252 0.47510103571157003 0.02830909057054054 0.03765453610435347
4 0.25178705438600746 0.4664345628389331 0.026819365177646402 0.039207945745273774
2 0.2795696060814185 0.4236158037637468 0.024892992142117088 0.031386355386194255
2 0.2846445579006641 0.3314328489432866 0.02652826674922295 0.032957945745273866
2 0.2829707419372293 0.3673703489432866 0.02652826674922295 0.032957945745273866
2 0.27596726302967856 0.5009595537637468 0.021767992142117176 0.03136817466803503
2 0.2761663161728317 0.5134640989432866 0.028236315963434677 0.03609203610435365
2 0.2729663875129499 0.548611258584207 0.026673815963434676 0.03608294574527378
2 0.2579942049241267 0.5680606953524905 0.023257717535011314 0.02981476502711473
2 0.25455883581753885 0.5914845598138709 0.020205492142117087 0.03135908430895533
2 0.2738182580672798 0.5806561441228264 0.029944365177646405 0.039226126463433174
1 0.47805210959607514 0.28957766793053974 0.05371150496239867 0.07997839149054772