4 0.321775719077421 0.2820435549021525 0.03776207995351379 0.04923758700597229
4 0.3396898387555901 0.2808440776035761 0.03496486188449897 0.053852351823611144
1 0.37760473801895594 0.37542922577996496 0.041214861884498966 0.05399782218833345
1 0.40334778319149295 0.36309222672989555 0.03754355866619026 0.046112587005972296
1 0.427129490616846 0.35627852906659685 0.039980143815484225 0.05864895459715278
1 0.454435035789383 0.34390516242534686 0.03529264381548423 0.05853985182361114
1 0.4983817777436113 0.3233192522811107 0.028387079953513705 0.049019381458888935
1 0.5704699451922075 0.2911230417000342 0.029949579953513706 0.04905574905006951
1 0.16935020558376765 0.22846722606430542 0.038559755447881636 0.03833645459715278
1 0.20335921882531943 0.21124270526274289 0.03776207995351379 0.04923758700597229
1 0.22722840756123905 0.18329889000826372 0.039324579953513794 0.04927395459715278
1 0.2662144979063131 0.15891583263756923 0.051136165102807676 0.062028527735416714
1 0.2977376495154674 0.1620947308139581 0.040231516091543365 0.03993532218833336
1 0.3420285988950488 0.13524063687413165 0.05447968639013112 0.06522626291777782
1 0.38621028763096843 0.10682404293430525 0.03052873416055819 0.035029616641250004
1 0.4308507982746301 0.10735006658565938 0.04066855866619044 0.04618532218833336
1 0.47817391250491764 0.06790505366788155 0.05102690445914604 0.06046602773541672
1 0.5137454257464694 0.050644165275138465 0.04768338317182241 0.057268292553055586
1 0.558325952229573 0.023541377090485892 0.06040190445914604 0.047082754180971784
1 0.5225901840443427 0.14355836388836762 0.039652361884498964 0.053961454597152826
1 0.12395022427320108 0.25065200379972213 0.05193384059717552 0.0511273953265972
1 0.08892501424995795 0.2757253921924652 0.054949579953513794 0.04963763050895835
1 0.17949501994994116 0.38473540985989574 0.055386622528160734 0.05588763050895844
1 0.5333359319506557 0.3084202976839579 0.03507412252816078 0.055414851823611146
1 0.200566990616846 0.36155182978777767 0.04255884059717552 0.05090918977951393
1 0.22894336289290518 0.3421108455553471 0.039980143815484225 0.05864895459715278
4 0.3482343122724866 0.3135111072388539 0.0371829257464694 0.06326371941479172
4 0.2772662484105161 0.30577264884197897 0.03452781930985207 0.047602351823611146
1 0.9969890685151102 0.4061219541253811 0.00602186296977969 0.047493249050069505
1 0.9555437037421821 0.4488374374078812 0.03041947351689629 0.033467116641249996
1 0.9936839340443427 0.3161872851474297 0.01263213191131456 0.05705008700597229