4 0.27001568037711776 0.30030877996446903 0.030778527735416717 0.04843085594746528
4 0.2880571655594789 0.2962420776804769 0.027726262917777866 0.05139208163720586
1 0.32813534527100663 0.3846561244919736 0.032450130508958355 0.05320024310259504
1 0.35426208738722187 0.3684612364323327 0.030705792553055566 0.04530585594746528
1 0.3763552929343052 0.3579398162605162 0.030996733282499987 0.057805855947465276
1 0.4040263512549302 0.34244429104574553 0.024746733282500034 0.057478307326946344
1 0.4468139165094095 0.3144520878572422 0.021403527735416716 0.04793953301668683
1 0.518017422493333 0.27248591587640336 0.022966027735416717 0.048021420171816584
1 0.11700043636104143 0.2700934147447496 0.03361258700597225 0.03609463025772479
1 0.15028571504638868 0.24806128448702483 0.030778527735416717 0.04843085594746528
1 0.1736693168699998 0.21562392073764342 0.032341027735416715 0.048512743102595034
1 0.21102449971565954 0.1863558225920942 0.04197060087368063 0.05994156603337357
1 0.24229268351124986 0.1839368294894992 0.03364895459715278 0.03765713025772479
1 0.28598878533486094 0.15043493272343103 0.043569468464861136 0.06158595318850333
1 0.3289218209540624 0.11619272953492774 0.02576371941479172 0.03412269448207602
1 0.37354398993201376 0.1099526956137298 0.03379442496187508 0.04390713025772479
1 0.4198747824850694 0.063827968114967 0.04193423328250003 0.05837906603337355
1 0.4547407449660069 0.040932700702112454 0.04029899810013902 0.05517217887824379
1 0.4978192509499305 0.01415659599784259 0.051236498100139014 0.02831319199568518
1 0.4666757408819443 0.13160196630594467 0.030887630508958354 0.05311835594746528
1 0.07185093731097196 0.29898969866594755 0.04480466014423615 0.04760534034363308
1 0.038383820669721944 0.32883432892367226 0.049419424961875034 0.04472600180902227
1 0.13135061103857604 0.4246204624607575 0.048038762917777776 0.05245661465389264
1 0.48160714380798586 0.2946818204443876 0.02776263050895835 0.05295458163720586
1 0.1514819262930552 0.39781562302163553 0.033903527735416716 0.04859463025772488
1 0.179334822569583 0.37450759780686493 0.030996733282500077 0.05780585594746519
4 0.2966866299402775 0.3277820047496984 0.027980836056041715 0.06232958163720577
4 0.22639231373586774 0.33068567673053717 0.02761716014423623 0.04670458163720585
1 0.9577689470946178 0.32044654455224847 0.02292966014423605 0.04645892017181659
1 0.9066597355636107 0.37072318351640055 0.025727351823611144 0.03256019448207601
1 0.9622038335874997 0.23047996381955382 0.048075130508958355 0.05401911465389251