4 0.21127911394018456 0.4431431146960441 0.04278748400699968 0.05205339600572696
4 0.2262501332750027 0.43237833736472575 0.04126134667409058 0.055160214672181594
1 0.30523765193350305 0.4934618353755435 0.04596702800763595 0.05677725867281787
1 0.32114446260345747 0.46942489871099796 0.04118862133990877 0.048910214672181596
1 0.33699672927277546 0.4500754620464525 0.04756589067472685 0.05992044000636341
1 0.35369388060950263 0.4252663660486796 0.04131589067472685 0.0598477146721816
1 0.37996602661522966 0.3833788580521794 0.03493862133990877 0.048837489337999786
1 0.4244978239576838 0.3167004353914519 0.036519302673454136 0.05041817067154515
1 0.05691833060154845 0.48041475334181777 0.041115896005727 0.0426602146721816
1 0.07684047927277551 0.4470482700111358 0.04278748400699968 0.052053396005727136
1 0.0827455812778662 0.4096119046785449 0.044349984006999674 0.0520715773392725
1 0.10276772728359321 0.367651671347863 0.05701361600890866 0.06627952800763603
1 0.13028419995227492 0.35312609468490824 0.04269657733927246 0.04424089600572696
1 0.1542853212921837 0.30496131468808996 0.060174978675999566 0.06944089067472685
1 0.17671485196531977 0.25755960335772615 0.03324885200509069 0.03788180800445433
1 0.21449666263527417 0.2337772053628168 0.04431362133990877 0.048946577339272504
1 0.2347278939767738 0.17384822203213487 0.05699543467536321 0.06471702800763598
1 0.2554494739815463 0.13892832936822566 0.05383407200827239 0.06155566534054513
1 0.2756170706556369 0.08446809603754372 0.0648442973424542 0.06793293467536325
1 0.3100455199713649 0.21457376670908895 0.044404528007635946 0.056759077339272414
1 0.029846753262275993 0.5238556706715453 0.05534202800763601 0.05688634667409058
1 0.021100651296956218 0.5635630606699544 0.042201302593912436 0.05525112133990877
1 0.14448996125082197 0.6095760893539082 0.06008407200827235 0.06162839067472703
1 0.40221374395291126 0.35160214672181567 0.04127952800763594 0.056722714672181596
1 0.1503223379217309 0.5783897240213172 0.04593066534054513 0.053652258672817865
1 0.16398539592618522 0.5457317653564535 0.0475658906747269 0.05992044000636341
4 0.24940582260504832 0.4568698073679075 0.044477253341817756 0.06300907733927233
4 0.18653310526736666 0.48817380402608973 0.03964430267345422 0.05045453333863605
1 0.8496170973106374 0.1770963267822674 0.03492044000636341 0.047274989337999784
1 0.8261972313017288 0.24245769744585846 0.03323067067154497 0.036319308004454334
1 0.8099284359882277 0.09615486211008585 0.060102253341817756 0.06319089067472691