2 0.1604269595959146 0.9142694525480076 0.08006954827463017 0.1201161818249421
2 0.13959565352761433 0.9782192060080487 0.06279493094224949 0.02904551285158128
4 0.24017979759520008 0.8432446867306768 0.07197282500983526 0.16029551285158128
4 0.17910553980152993 0.791980617072744 0.05961493664223268 0.13953734387822045
4 0.18712013559448554 0.7776316155898693 0.06775521857321784 0.14454317885919252
4 0.20683133807616008 0.6739972796203142 0.04710422896477804 0.07203150889724856
4 0.181487130650807 0.6687977850575216 0.045508877976042375 0.0937791749048598
2 0.22562526072053632 0.7394485246773984 0.059789899263365864 0.09747717787060921
0 0.4894963726050353 0.6757229698110321 0.052884335401395435 0.0878475098858317
1 0.7029243601197882 0.4309821782905388 0.027152361884498967 0.05408000494291585
1 0.6816174426711921 0.40146843323345466 0.02638753737886681 0.04314250494291585
1 0.3708931101197882 0.444511414981847 0.03205838317182241 0.05739600593149898
1 0.38777460752189813 0.4259059950199031 0.026933840597175518 0.05095500494291585
4 0.3392717695226127 0.4956574209133461 0.0346370799535138 0.04971083992388792
4 0.2787881015698134 0.6141965152858582 0.05216306956195362 0.12209517589344294
1 0.39096068361701414 0.72570040657889 0.05895937278026224 0.13016234387822045