2 0.7503085353278184 0.09751580126333301 0.03375792934436319 0.0837363825734235
2 0.7339471913192279 0.15961305956170277 0.031886346674090404 0.05705548340326048
2 0.7190028966422739 0.23432871703023556 0.022365896005727137 0.04384508838228225
2 0.73117617998091 0.19615421080645823 0.022402258672817865 0.04697008838228234
2 0.7911153486632729 0.08496917968757163 0.03339430267345413 0.05248638257342351
2 0.7856096886537279 0.15492648217708255 0.022474984006999675 0.053220088382282336
4 0.759918797979001 0.21240709545447417 0.029034066677272284 0.08025618506293439
2 0.6950830439608655 0.34120567906287175 0.020967028007635946 0.057789189212119306
2 0.7041404179662742 0.3020131244987684 0.03201361600890866 0.06799298340326043
2 0.7204915766231839 0.3751905153705616 0.022584072008272216 0.06259508838228242
2 0.6825552246180931 0.40984893528664906 0.03036020934118149 0.060062084233097404
2 0.7002239826145933 0.4369917757435238 0.0304329346753633 0.0663120842330974
2 0.6895132019414573 0.4838784311374642 0.022474984006999675 0.05322008838228243
2 0.673242764600594 0.5381631894358339 0.02725339067472703 0.06138778589277152
2 0.6544473112667303 0.5406486493938776 0.025581802673454133 0.05189438672260831
2 0.6521393765913671 0.6045927502237146 0.025709072008272393 0.06283188672260831
2 0.6248405325827766 0.6658612143309431 0.014426126670908878 0.03231559253146728
2 0.6327717585932762 0.5890502605966768 0.019095445337363515 0.031108290041956366
2 0.6548734779201401 0.6384232985640407 0.016024989337999784 0.03555899170163031
2 0.6165007739099587 0.710581718480128 0.012772720003181703 0.024384693361304242
2 0.6123763479074134 0.7290357205547205 0.014389764003817973 0.029190592531467274
2 0.6041274959023226 0.7659437247039055 0.012845445337363514 0.030634693361304245
4 0.5961428205760951 0.7129487792680088 0.02392839600572714 0.04396348755244546
2 0.420275589990455 0.10222107635893496 0.025599984006999678 0.0534568867226084
2 0.43097673265436426 0.12336237055007612 0.020894302673454136 0.05153918921211931
2 0.4329932186505462 0.15166496930532064 0.022420440006363406 0.04853258838228234
2 0.4364540259786828 0.19024221723072823 0.025527258672817865 0.0472068867226084
2 0.4415773306413193 0.2203441143262988 0.023910214672181594 0.04240098755244537
2 0.4444750639720013 0.24011216266662486 0.022293170671545327 0.037595088382282336
2 0.44257620930141056 0.2689000134964618 0.02080339600572696 0.04372668921211931
2 0.44867166796627433 0.28265486017711394 0.020821577339272323 0.04528918921211931
2 0.453040994629229 0.310353807687603 0.020785214672181595 0.042164189212119306
2 0.45751940929345636 0.32867775519809206 0.02080339600572696 0.04372668921211931
2 0.460362598623502 0.35313330353841815 0.02067612667090888 0.032789189212119305
2 0.45511147728359325 0.401215606027929 0.020839758672817864 0.04685168921211935
2 0.4676296586171387 0.40060029938923325 0.01775112133990877 0.049739890871793334
2 0.46725694127945705 0.43263154938923326 0.02231135200509069 0.03915758838228243
2 0.47247115260982075 0.45492094648480386 0.022347714672181596 0.042282588382282424
2 0.47759445727245736 0.48502284358037445 0.014426126670908878 0.03231559253146728
2 0.48036492126832114 0.5157283919207005 0.01756930800445424 0.034114890871793334
2 0.4854064099300032 0.552861539016271 0.019222714672181597 0.04204579004195637
2 0.3794505953214551 0.11633019793469632 0.02242044000636332 0.048532588382282325
2 0.3868812873170008 0.14973469378551146 0.02554544000636332 0.0487693867226084
2 0.4140421292966381 0.3019250784335274 0.020876121339908772 0.049976689212119306
2 0.4183205492918655 0.33743652594401646 0.022347714672181596 0.04228258838228225
2 0.43997682594686605 0.42509081391138037 0.020839758672817864 0.04685168921211939
2 0.4387955866088663 0.45940661432629887 0.02080339600572696 0.0437266892121194
2 0.4471529792727756 0.48037030976219536 0.014444308004454242 0.03387809253146727
2 0.4485427566040938 0.4953324589323584 0.01762385200509069 0.03880239087179334
2 0.4514041272676848 0.5182255072726845 0.017587489337999786 0.035677390871793335
2 0.45348424793127584 0.541059356027929 0.015952264003817974 0.029308991701630305
1 0.5643517593093648 0.2194821991840962 0.018078385343726744 0.07786489087179324
1 0.5868716493077739 0.23291773715146005 0.01944089067472703 0.060795790041956274
1 0.596437553310001 0.21722188217243818 0.02269316000954511 0.07197008838228233
1 0.587125640634956 0.27828943673654155 0.019295440006363407 0.04829579004195628
4 0.5072177752625942 0.5599878773985534 0.016170440006363408 0.048058991701630305
1 0.5952450339354121 0.5213057309276827 0.01618862133990877 0.049621491701630306
4 0.4619876386060028 0.4822763518787442 0.012918170671545326 0.03688469336130425
4 0.456055811943048 0.454459005198092 0.016079533338636053 0.040246491701630305
1 0.44545357192873053 0.5592173601771139 0.01775112133990877 0.049739890871793334
1 0.30083196260345746 0.4888312373519527 0.017896572008272393 0.06223989087179334
1 0.2929558279360484 0.4937079915011376 0.016297709341181486 0.05899649170163031
4 0.2256956026018666 0.49486682718412756 0.0288704346753633 0.06619368506293437
4 0.24403652259709413 0.5314438672260838 0.014571577339272501 0.044815592531467274
4 0.25153993992682155 0.5585983630768989 0.020912484006999677 0.0531016892121194
4 0.3014666672501856 0.6358838361071972 0.014571577339272501 0.044815592531467274
4 0.29324563458786723 0.6032013906713006 0.01606135200509069 0.0386839917016303
4 0.2784200659214127 0.6005140985547518 0.014517033338636142 0.04012809253146728
2 0.28056436859486694 0.5506324977249148 0.015952264003817974 0.029308991701630305
2 0.23775979793923008 0.4660673209603502 0.017551126670908877 0.03255239087179333
2 0.2545745806015485 0.4994009618321435 0.017551126670908877 0.03255239087179333
2 0.3172825712524128 0.6206615778088275 0.011301126670908879 0.032078794191141215
2 0.3234053019175947 0.6320726744894796 0.016024989337999784 0.03555899170163031
2 0.3394388345799131 0.6653471157761913 0.016024989337999784 0.03555899170163031
2 0.3352598645767314 0.6884886178507837 0.014389764003817973 0.029190592531467274
2 0.3451706665738679 0.7103519624568435 0.011301126670908879 0.032078794191141215
2 0.35631725190964053 0.6932120066479845 0.01762385200509069 0.03880239087179334
1 0.5737540313096829 0.21784884420507433 0.013172709341181487 0.058759693361304155