2 0.7799319246667503 0.8740205817845478 0.042567853529129354 0.08833645459715314
2 0.7548619923031082 0.8137740660169784 0.03863737012586892 0.05705008700597212
2 0.7297212049604443 0.7441707340449993 0.026752676764564675 0.04429551386770836
2 0.7473697236317762 0.7788542053596521 0.026871075934727706 0.04585801386770853
2 0.8238711788159352 0.8807966054359021 0.03899256763635783 0.06173758700597247
2 0.8074425406434343 0.80943075171243 0.02746307178554295 0.05367051386770845
4 0.7739089128438955 0.7579598239007632 0.03873245850815117 0.07888871941479181
2 0.6912642014359593 0.6444623279848257 0.02781826929603195 0.05835801386770836
2 0.7056693209371282 0.6807810344818396 0.03946616431700996 0.06798758700597211
2 0.711293281519872 0.6065622844818396 0.029617567636357832 0.06151938145888884
2 0.6688932165828063 0.5794737608304855 0.03719326929603195 0.05857621941479181
2 0.6827431516457407 0.5510760038966314 0.037666865976683894 0.0648262194147918
2 0.6658050279953869 0.5070175325819786 0.02746307178554268 0.05367051386770836
2 0.6415280010256852 0.4568908992232286 0.034305067636357836 0.06162848423243048
2 0.6219375514406037 0.4581267441129856 0.03203217261537983 0.05221711664124999
2 0.6109893186620432 0.39677167002479113 0.032742567636357835 0.06159211664124999
2 0.575407938787912 0.3414490435998953 0.01799298340326061 0.03161367591180557
2 0.5940027282051684 0.4151040959365967 0.021117983403260432 0.03168641109416672
2 0.6089066004056297 0.3625057727983328 0.01979228174358667 0.03477504350298606
2 0.5606359663823136 0.2996797708984717 0.015838487552445456 0.023764808320625087
2 0.5534038068391884 0.2819110426499648 0.01775618506293437 0.028488675911805574
2 0.540383588582775 0.24789971856177034 0.01643048340326043 0.031577308320625
4 0.5403234663823138 0.300152549583819 0.028196777594401645 0.042769381458888936
2 0.44855094748726715 0.9246265259324649 0.030469672615379827 0.05218074905006951
2 0.4564585358695495 0.9026060555677425 0.02578217261537983 0.05207164627652787
2 0.45474267051756545 0.873790724545694 0.02855197510489056 0.04745688145888884
2 0.45295595018655954 0.8356185773192356 0.030114475104890737 0.047493249050069505
2 0.4536430344196569 0.8059674449104163 0.028196777594401645 0.042769381458888846
2 0.45361972363177633 0.7856913125015967 0.0261606809137497 0.03648301386770854
2 0.4478792091096292 0.7585294004574996 0.025071777594401646 0.042696646276527875
2 0.45206980164109645 0.7443941652751385 0.025308575934727528 0.04582164627652787
2 0.45263848670403084 0.716305532866319 0.024953378424238615 0.04113414627652787
2 0.4540592767459871 0.6975555328663191 0.025071777594401646 0.042696646276527875
2 0.453550713883514 0.67339133425309 0.02424298340326043 0.03175914627652787
2 0.4421997394033232 0.6276430763693052 0.026871075934727706 0.04585801386770836
2 0.45481813857348624 0.6257896356398607 0.023982874275053766 0.04891027868534721
2 0.45009567239166515 0.5954845398001731 0.026397479254075762 0.03960801386770836
2 0.451812460359029 0.5728282898001732 0.026515878424238616 0.041170513867708355
2 0.4532807945921265 0.5431589735957635 0.017992983403260433 0.03161367591180557
2 0.4509020784103054 0.5127993263693051 0.02135478174358667 0.03481141109416672
2 0.45061865849421806 0.4753720615516663 0.023390878424238613 0.04109777868534721
2 0.4061741933380822 0.9178141346899302 0.028551975104890735 0.0474568814588892
2 0.4087197754965873 0.8842203846899302 0.030232874275053768 0.04905574905006915
2 0.4148541441725636 0.7312226712590622 0.02710787427505377 0.048983013867708355
2 0.41439312550123164 0.6961391564414232 0.026515878424238616 0.041170513867708355
2 0.4234264286154425 0.6078033550546523 0.026871075934727706 0.04585801386770836
2 0.4181595107739475 0.5743914430105551 0.025071777594401646 0.042696646276527875
2 0.4229420991562298 0.5524437078281941 0.01811138257342364 0.03317617591180557
2 0.4225043912727786 0.5376363254193747 0.021591580083912553 0.037936411094166546
2 0.4218774292401424 0.5150346268061454 0.021473180913749702 0.036373911094166725
2 0.4212504672075063 0.4924329281929163 0.01931868506293455 0.02852504350298606
1 0.5761459190676729 0.7742608903895134 0.02611405933798814 0.07703527868534721
1 0.5975948665781619 0.7690824279085758 0.0263741684661948 0.05988414627652787
1 0.6106276628438956 0.7617602371791314 0.030327962657336015 0.07089438145888885
1 0.5837584321399275 0.7046750890027426 0.023864475104890738 0.04734777868534721
4 0.47248200310027766 0.46472484907072875 0.022301975104890737 0.04731141109416672
1 0.5659001163776693 0.48750642600871485 0.02085787427505359 0.04883754350298623
4 0.4373597966667189 0.5474288995075691 0.018466580083912554 0.037863675911805575
4 0.435169412018703 0.576335149507569 0.020147479254075763 0.03946254350298624
1 0.40998200310027766 0.46617955271795103 0.022420374275053768 0.04887391109416654
1 0.2640048070396811 0.5709605845374303 0.02493006763635792 0.06141027868534721
1 0.25301976284854 0.582134473880104 0.02313076929603195 0.05824891109416654
4 0.19958710952919206 0.5771391557758332 0.03622276514684701 0.06635235182361114
4 0.21270333878326766 0.5378402664331595 0.019058575934727706 0.045676175911805575
4 0.21633782426112055 0.510460148841979 0.02746307178554286 0.05367051386770836
4 0.25542548027976086 0.4268839294271872 0.020502676764564676 0.044150043502986236
4 0.25131739812125586 0.46051404701836784 0.020029080083912555 0.03790004350298606
4 0.23695890019584825 0.46474760533899284 0.018584979254075585 0.03942617591180557
2 0.2465697759207945 0.512875980813958 0.019437084233097403 0.030087543502986237
2 0.2148210232215022 0.602520362272847 0.021117983403260432 0.03168641109416672
2 0.2268008049650887 0.5679271567257637 0.021117983403260432 0.03168641109416655
2 0.2732282869184567 0.43894751833302054 0.014867983403260432 0.0315409407294446
2 0.2780817302797608 0.4263565993550692 0.019792281743586493 0.034775043502986235
2 0.2892802620233474 0.3917815776035761 0.019792281743586493 0.034775043502986144
2 0.28240329999071123 0.36932534935506917 0.01775618506293437 0.028488675911805574
2 0.2888075879580751 0.3465599965815275 0.014867983403260432 0.031540940729444425
2 0.3024673462564448 0.36183950446531227 0.023154080083912554 0.03797277868534721
1 0.585450064088651 0.7646858686380203 0.02000576929603177 0.05817617591180557