4 0.17774440763811367 0.5729122124710204 0.04579310124083724 0.053281508897248565
4 0.1918233331324815 0.5844545489348671 0.04444912252816073 0.05634284190105419
1 0.27504537855712 0.5259509822426839 0.049245883171822415 0.05809634288963732
1 0.2897580885803631 0.550838235702725 0.04401207995351379 0.05009284190105419
1 0.3040719608564223 0.5702249056646689 0.049464404459145864 0.06122134288963732
1 0.31951129055783456 0.5959252426228072 0.04477690445914595 0.061030341901054184
1 0.34312375317896776 0.6391950815581119 0.03619957995351371 0.04977450692008212
1 0.383011425823344 0.707415840949652 0.039433840597175515 0.051464340912470874
1 0.025569902442333564 0.5306716798477756 0.043575037378866845 0.04384284190105418
1 0.04353329860360626 0.5650931007983028 0.045793101240837256 0.053281508897248565
1 0.04721567347755549 0.6020665187830803 0.047355601240837264 0.05334517589344294
1 0.06457813609868865 0.6450816897336074 0.06083894703379287 0.06791701186299796
1 0.09171979030573303 0.6602901956651064 0.04524679802252858 0.045469008897248565
1 0.1118248406740501 0.7089014506080223 0.06251070767745462 0.06954317885919252
1 0.1319298910423672 0.7575127055509382 0.03543475544788164 0.038837006920082115
1 0.1677363510656103 0.7832594634596036 0.047137079953513794 0.050220175893442943
1 0.18389694660646438 0.8434621344101305 0.06072968639013112 0.06635451186299832
1 0.20258696244590618 0.8786966388587549 0.055823665102807674 0.063038510874415
1 0.21985658991774545 0.9342436433073793 0.0687607076774546 0.06979784684397003
1 0.26179235366350034 0.8051119002274614 0.04768338317182241 0.058032675893442943
1 0.015688571025386684 0.48583934091247105 0.03137714205077337 0.05847834486680377
1 0.008851204071158376 0.4454862549429158 0.01770240814231675 0.0565975098858317
1 0.12141191618808844 0.40373644813656434 0.06207366510280767 0.06329317885919253
1 0.362813540305733 0.6713364195048334 0.04455838317182241 0.05790534190105419
1 0.12542207299302288 0.43602236612134193 0.049027361884498966 0.05497134288963732
1 0.13802597979795733 0.4686584525851886 0.04946440445914595 0.0612213428896375
4 0.2169543731092384 0.5611908038777831 0.048120425746469395 0.06428267589344294
4 0.1558583359824731 0.5273622905319101 0.04255884059717552 0.05159167490485963
1 0.7992323695029422 0.8614838474126237 0.037652819309852245 0.04827567391627667
1 0.7803291862149042 0.7956850924697079 0.03532549480421991 0.03727450692008212
1 0.7552695660325319 0.9411740060058612 0.06374542574646931 0.06491934585538672