2 0.7701479255729489 0.9479825689985886 0.03664820533113407 0.07872501785690744
2 0.7543123254146643 0.8872905308491414 0.03444920783841639 0.05682274431795733
2 0.7396073162434643 0.8117274691607443 0.023147994985435006 0.04413182954530477
2 0.7516814189090313 0.8505990543880919 0.023193459092057722 0.045694329545304765
2 0.8120088166391757 0.9628848202164043 0.03417642319868044 0.04744774431795733
2 0.8061476100544004 0.8957655040637803 0.02337531551854859 0.05194432954530477
4 0.7802012240027385 0.8368132439175107 0.031960705331134064 0.07864319724005639
2 0.716135060833188 0.7034882751670988 0.02351170783841656 0.05663182954530477
2 0.7243256455520664 0.7432092942418222 0.03315949247815268 0.06617047077900687
2 0.7409842966474229 0.671007011774418 0.025210600158284534 0.061346603084255234
2 0.7031516760351673 0.633366689939751 0.03293217194503928 0.05835797077900686
2 0.7203930003292044 0.6080530442418223 0.03311402837152997 0.06460797077900686
2 0.7103898630239013 0.559765548706049 0.023375315518548413 0.05194432954530477
2 0.6939321372387962 0.5045558973260773 0.028290136051661818 0.05983865016215582
2 0.675045744918928 0.5001956797934813 0.02801735141192587 0.050463650162155815
2 0.6724231986007094 0.4369280665629566 0.026773100158284536 0.06137387662320535
2 0.6447779202291796 0.37331557995563713 0.014971782132453626 0.031495461850553054
2 0.6532783935070022 0.4505502357998358 0.01961381802583091 0.03001478246740419
2 0.6753292382550106 0.40248488271558064 0.01662521034569906 0.03464773538950343
2 0.6364282111371218 0.3281258108809137 0.013181961599340219 0.023655688311602675
2 0.6327349098043383 0.3086491079588144 0.014880853919208192 0.02837046185055314
2 0.6246352532987053 0.27205308888409085 0.013409282132453626 0.031468188311602675
4 0.6167605688172537 0.3237792301177929 0.026227530878812466 0.04262387662320544
2 0.44028692933387265 0.9209111489476351 0.02650031551854859 0.05199887662320535
2 0.4514373780010891 0.9011753474055076 0.021767351411925873 0.0503545560063543
2 0.4537212920285695 0.8722145503276068 0.02480142319868044 0.047284103084255236
2 0.45729492141631384 0.8338514797107559 0.02631845909205772 0.04574887662320535
2 0.46192258544379416 0.8048497723244296 0.02618206677218975 0.041061376623205435
2 0.4644565520576993 0.784482725246529 0.022920674452321776 0.03631932954530477
2 0.4628569481384911 0.7563713620160041 0.02154003087881229 0.0425420560063543
2 0.4687205032321982 0.7429810178602028 0.021585494985435005 0.0441045560063543
2 0.47339363136630136 0.7155418104738767 0.02149456677218975 0.0409795560063543
2 0.4775582941401405 0.6974912398570255 0.02154003087881229 0.04254205600635448
2 0.47997860048748897 0.6732179427791248 0.021221782132453626 0.0316045560063543
2 0.4754442131821858 0.6248349898570256 0.023193459092057722 0.045694329545304765
2 0.48798967728880854 0.6261793015454229 0.020159387305303155 0.04876478246740419
2 0.48786164515635494 0.5949156647759477 0.02301160266556703 0.03944432954530477
2 0.492671165610326 0.5721639573896214 0.02305706677218957 0.04100682954530477
2 0.4980800796378064 0.54314861323382 0.014971782132453626 0.031495461850553144
2 0.5003185295586642 0.5126253161559194 0.018142246239076343 0.03311250892845372
2 0.5055001230530312 0.4757974720001181 0.021494566772189572 0.0409795560063543
2 0.39992034210771177 0.9036378741908688 0.02480142319868044 0.047284103084255236
2 0.4075820779219468 0.8714566197266418 0.026363923198680438 0.04731137662320535
2 0.43446752368616937 0.7209111489476351 0.023284387305303154 0.04881932954530477
2 0.4389133312871591 0.6856594415613089 0.02461956677218957 0.04103410308425524
2 0.459873037476223 0.6000940884770538 0.023193459092057722 0.045694329545304765
2 0.4596540771305239 0.5657054517075786 0.02154003087881229 0.04254205600635448
2 0.46765679374442914 0.5452429472433518 0.01657974623907634 0.033085235389503434
2 0.46956863473151367 0.5303582869349263 0.018278638558944495 0.03780000892845372
2 0.47203440518548484 0.5076474898570256 0.01975021034569906 0.034702282467404186
2 0.4745229076927672 0.4857179427791249 0.01800585391920819 0.028425008928453722
1 0.5921807352855095 0.7416076582831259 0.015699207838416385 0.05649546185055314
1 0.6062886993921323 0.7429246964325728 0.020477636051661818 0.05970228246740419
1 0.6187659673388209 0.7419252581209701 0.025483384798020658 0.07072160308425524
1 0.6029303671805364 0.6812332199715232 0.019932066772189748 0.04095228246740419
4 0.5280199807331631 0.4707145056853381 0.018551423198680438 0.04717500892845372
1 0.6107331923325032 0.49272014489044536 0.017034387305303156 0.048710235389503254
4 0.4824778116911178 0.5442025986233234 0.015153638558944315 0.03774546185055314
4 0.4762421835570147 0.5716690795486 0.016761602665567032 0.03933523538950343
1 0.46959371529375693 0.4506298766265007 0.018596887305303157 0.04873750892845372
1 0.30127327579774044 0.5489288291415629 0.020523100158284534 0.06126478246740401
1 0.28870507963780645 0.5468032674531657 0.01730717194503919 0.058085235389503255
4 0.24632135134541883 0.5139322662353496 0.03155152837152997 0.0645806972400564
4 0.26404840894640846 0.4784487337679456 0.015380959092057722 0.04555796185055314
4 0.2718692691338229 0.45173622930371876 0.023375315518548413 0.05194432954530477
4 0.3213404202291795 0.3789612025183575 0.016897994985435094 0.04402273538950343
4 0.3136786844149445 0.4111424569825844 0.016716138558944316 0.03777273538950343
4 0.29885766646825584 0.41218280560261267 0.015199102665567033 0.039307961850553096
2 0.30109376788018166 0.4621691688331374 0.01800585391920819 0.028425008928453722
2 0.2581226693712497 0.5434288514626973 0.018096782132453627 0.03155000892845372
2 0.2744008872387961 0.5118788425342435 0.018096782132453627 0.03155000892845372
2 0.33744279334871774 0.39509471712885413 0.013409282132453626 0.031468188311602766
2 0.34415579460235896 0.3840344862035776 0.01818771034569906 0.034675008928453724
2 0.35965276246990535 0.352498114044599 0.01662521034569906 0.03464773538950343
2 0.3558230688172538 0.3283339111224997 0.014880853919208282 0.02837046185055305
2 0.3653655533778476 0.30706288311932245 0.011846782132453626 0.03144091477265239
2 0.3768486226573198 0.32562196834667007 0.019841138558944316 0.03782728246740401