2 0.9419495409888207 0.27028404456441735 0.057777318181219076 0.09110466378737563
2 0.8982910442352317 0.31743035239941164 0.04634889448011279 0.062278756939830336
2 0.8516984622542949 0.3753139011351074 0.03360343262955965 0.047415220542635694
2 0.8793189017837136 0.3482099830287952 0.03519320616851011 0.04907785009228505
2 0.9804881152591196 0.2760124128552997 0.039023769481760694 0.06676599784053164
2 0.9478098031636855 0.3377719332133653 0.03686480032431163 0.0554279796419344
4 0.8985189151763942 0.375192787624587 0.05136367694751698 0.08132914558877831
2 0.7820911201270884 0.4559142566260633 0.036946620941162675 0.0601154796419344
2 0.8073268993480817 0.42631639419527706 0.049637535713814886 0.07185401603912892
2 0.7898314821397973 0.4969898395994852 0.040126168019063255 0.0634407387412331
2 0.7393229675293006 0.5093606292358823 0.04637616801906326 0.06384125693983034
2 0.7437610515388322 0.5400797031100055 0.048047762174864596 0.07019138648947969
2 0.7131656164736404 0.5755771121170191 0.03686480032431163 0.0554279796419344
2 0.6748395020252996 0.6152613733757861 0.04325116801906326 0.06364099784053164
2 0.6552127946389734 0.6085410040051696 0.03998980032431163 0.055628238741233106
2 0.6249310052717105 0.6620071630121831 0.041715941558013545 0.06510336829088245
2 0.5725560275928447 0.7015715083241062 0.022420470779006864 0.032651813695090584
2 0.6143929257264057 0.6394813209394626 0.02557274431795715 0.03441457279438911
2 0.6121952260507173 0.692406061840164 0.02562729139585791 0.03753957279438911
2 0.5450719557581778 0.7364879264304185 0.019186376623205346 0.026201554595791876
2 0.5328310543782061 0.7505306400332239 0.022393197240056395 0.031089313695090583
2 0.5091168648487873 0.7778848820136595 0.020857970779006862 0.032551684145441226
4 0.5254452483718517 0.729767557059802 0.035165932629559825 0.047515350092285046
2 0.6334903843338433 0.12409615283315041 0.03842730032431163 0.055528109191583706
2 0.6338858506486231 0.14675240283315039 0.035275026785361166 0.053765350092285044
2 0.6234120008107789 0.17261399598560515 0.03522047970746058 0.05064035009228505
2 0.6099767922066367 0.20765033003876124 0.036782979707460584 0.05074047964193438
2 0.6010927159077428 0.23517455274086535 0.035138659090609536 0.045952850092285044
2 0.5944023851446221 0.25425521976744336 0.03193183847375849 0.04106509099298643
2 0.5807626249983524 0.27757280382059946 0.032013659090609534 0.04575259099298634
2 0.5794592236183805 0.29231642427095017 0.03204093262955983 0.04731509099298643
2 0.5713154870110613 0.3175469617478789 0.03042388555165907 0.04408996144333708
2 0.5669552694784652 0.33599657309893094 0.032013659090609534 0.04575259099298643
2 0.5587569857932453 0.35810211057585967 0.028725017856907443 0.03617733189368781
2 0.5328899610364789 0.3962436582318212 0.03363070616851012 0.048977720542635786
2 0.5447041684228051 0.4024633798541911 0.032095479707460586 0.05044009099298634
2 0.531118955354436 0.4289059639073473 0.03195911201270896 0.04262759099298634
2 0.5252644216692159 0.4511616957087499 0.032013659090609534 0.04575259099298634
2 0.517161595370322 0.47873598318567867 0.024010244317957154 0.03431444324473994
2 0.5059337690714282 0.5061100115633088 0.025600017856907444 0.03597707279438911
2 0.49404742369781085 0.5404652251661142 0.030423885551659247 0.04408996144333717
2 0.5896722004864674 0.1173862754429694 0.03522047970746058 0.05064035009228505
2 0.5816375580349493 0.14886681291989814 0.03837275324641087 0.05240310919158371
2 0.5388887706962813 0.29283805598006785 0.033685253246410876 0.05210272054263569
2 0.5277427650142383 0.3248995843576979 0.033576159090609535 0.04585272054263569
2 0.5081490596565071 0.40948533543743204 0.03363070616851012 0.048977720542635696
2 0.4922746436660387 0.4389027251661142 0.032013659090609534 0.04575259099298634
2 0.49031272321134345 0.4606275308416402 0.024037517856907442 0.03587694324473993
2 0.4858706850618965 0.4743896421926923 0.02724433847375849 0.040764702344038284
2 0.47764512783772617 0.49493267966962096 0.0272170649348082 0.03920220234403846
2 0.4702008206135558 0.5155257819213744 0.023955697240056396 0.031189443244739934
1 0.7327381822225227 0.2662416849114083 0.0403716298696164 0.07750323874123302
1 0.7414410263783241 0.2730423974344796 0.03541139448011279 0.061577850092285044
1 0.7549813749983524 0.2887372486064988 0.041825035713814886 0.07135336829088237
1 0.7098831091700397 0.3428146768918438 0.03206820616851012 0.04887759099298643
4 0.5190883340062363 0.5444110479605033 0.030505706168510116 0.048777461443336986
1 0.6129337913925625 0.5558875709394626 0.028970479707460584 0.05023983189368782
4 0.5037439776755704 0.47007238201365953 0.024092064934808022 0.039001943244739934
4 0.5102843039744642 0.4423979649870814 0.02568183847375849 0.040664572794389106
1 0.45402639569463366 0.5277556716500565 0.030532979707460585 0.05033996144333717
1 0.34834736566286156 0.4195345565983767 0.03541139448011297 0.061577850092285044
1 0.3427286111986346 0.4105903531746041 0.03223184740221221 0.05825259099298634
4 0.279614956572252 0.3714289211886312 0.046457988635914306 0.06852875693983033
4 0.28031043181548565 0.4112726711886312 0.027326159090609536 0.04545220234403846
4 0.2753189687471166 0.43826596776485854 0.03530230032431163 0.055327850092285046
4 0.28701617369781085 0.5271980598375792 0.027326159090609536 0.04545220234403846
4 0.2942559293798537 0.49488620758582574 0.0256545649348082 0.03910207279438911
4 0.280838311685102 0.48622260641380655 0.02568183847375849 0.040664572794389106
2 0.30586953936396766 0.44490599398302033 0.023982970779006862 0.032751943244739935
2 0.3034791505658976 0.3526684292081957 0.02557274431795715 0.03441457279438911
2 0.3040928051922802 0.38782467920819574 0.02557274431795715 0.03441457279438911
2 0.3079871927725343 0.521518558757845 0.020857970779006772 0.032551684145441226
2 0.30900026785361223 0.5348498735326697 0.025627291395857822 0.03753957279438911
2 0.30883267247999485 0.5699560587578449 0.025627291395857822 0.03753957279438911
2 0.2951110917168741 0.5885861428110012 0.022393197240056485 0.031089313695090583
2 0.293944058031654 0.6111422632613518 0.01929547077900686 0.032451554595791875
2 0.31250314325900164 0.6014063178571437 0.02880683847375849 0.040864831893687635
1 0.7238541059236289 0.2937659076135124 0.03066934740221221 0.05815246144333717