2 0.9039070030360079 0.7946781285407785 0.055716454077492726 0.08968066534054504
2 0.8632425506078677 0.7428252745465056 0.04704013605166182 0.059902258672817864
2 0.8189446328194636 0.6816428738860962 0.032568459092057724 0.045676126670909055
2 0.8454245647936327 0.7110122005490508 0.03417642319868044 0.04725680800445424
2 0.9492876991959418 0.7918071198679606 0.04873902837152997 0.06460794000636341
2 0.9136744596207832 0.7273997218730514 0.035920779625171304 0.05352498933799978
4 0.8664872225529068 0.68499459321296 0.049148205331134065 0.0786704400063634
2 0.7535446048436452 0.594152511895323 0.0360571719450391 0.05821248933799979
2 0.7775898586045688 0.6266741105585959 0.04887542069139794 0.06929544000636341
2 0.7640789395625235 0.5541996738940503 0.03927310015828454 0.06137385200509069
2 0.7138205267886842 0.5368218172342772 0.045523100158284535 0.0614465773392725
2 0.7201758268678266 0.5062894325668682 0.0472674565847754 0.06771475867281787
2 0.6916021974800822 0.46835362790423163 0.035920779625171304 0.05352498933799978
2 0.654571210412206 0.4258303205760951 0.04239810015828453 0.06141021467218155
2 0.6349035680923379 0.43074508724541316 0.039045779625171126 0.05356135200509069
2 0.6076340259307544 0.37483144191600387 0.04088106426490725 0.06295453333863606
2 0.5574127170761235 0.32933767592300356 0.021221782132453626 0.0314863573360908
2 0.5953242425446597 0.3952803019175947 0.025954746239076343 0.03310340133672707
2 0.5960887721698308 0.3421643925843674 0.024483174452321777 0.036210220003181706
2 0.5311373735817566 0.29293709926004885 0.019477425705962937 0.025218176002545258
2 0.5198732646479833 0.27744845926163964 0.02117631802583091 0.0299238573360908
2 0.4972995826738143 0.2480336792648213 0.021221782132453626 0.0314863573360908
4 0.5114697312618885 0.29785186592936685 0.034085494985435005 0.044131808004454334
2 0.5903864091459294 0.9139121232495494 0.03748327962517113 0.05354317067154497
2 0.5926308707452697 0.8904564419160039 0.03431281551854841 0.051944308004454244
2 0.5824662605578552 0.864021211250822 0.03578438730530316 0.048837489337999786
2 0.571011935010177 0.8282291619191856 0.03734688730530315 0.04885567067154497
2 0.5632592709826966 0.7994229092536855 0.034085494985435005 0.044131808004454244
2 0.5583588223154801 0.7799552939210945 0.03082410266556703 0.03940794533736351
2 0.5450237480214429 0.7551189259230036 0.030960494985435006 0.044095445337363516
2 0.544651674981047 0.7410655165897763 0.032568459092057724 0.04567612667090888
2 0.5376120647936327 0.7145939232575035 0.03091503087881229 0.042532945337363515
2 0.5342513840731048 0.6958893765913671 0.030960494985435006 0.044095445337363516
2 0.5270981136191336 0.6733240332590944 0.029125210345699058 0.03470226400381797
2 0.5033029124446348 0.6322086845958215 0.032613923198680436 0.047238626670908876
2 0.5151580547645028 0.6273848245942306 0.031142351411925874 0.050345445337363515
2 0.5026951586837111 0.5994143659293669 0.03243206677218975 0.04098862667090888
2 0.49788563822973997 0.5768217505967759 0.032477530878812465 0.04255112667090888
2 0.4909142242022595 0.5480064072645032 0.022829746239076344 0.03306703866963616
2 0.4807950781214679 0.5200086765993213 0.02600021034569906 0.03466590133672707
2 0.47090325257378945 0.48419844593413935 0.029352530878812465 0.04251476400381797
2 0.5465909450393068 0.9159837005888217 0.03578438730530316 0.048837489337999786
2 0.5404917092250718 0.8840342665897761 0.03739235141192587 0.05041817067154497
2 0.5049443173009152 0.7368416405951852 0.03426735141192587 0.05038180800445424
2 0.49420304559330275 0.7033842505967759 0.032522994985435004 0.04411362667090888
2 0.47953880351086153 0.6168654952657758 0.032613923198680436 0.047238626670908876
2 0.4648230856433152 0.5857973086012302 0.030960494985435006 0.044095445337363516
2 0.4638970831360327 0.5639404899347757 0.02287521034569906 0.03462953866963616
2 0.45961876009563685 0.5499325339354121 0.027699102665567032 0.03937158267027261
2 0.45322400758835446 0.5281393499363666 0.027608174452321776 0.03624658267027261
2 0.4460252730277606 0.5071365066040938 0.022738818025830908 0.029942038669636163
1 0.6281437880714554 0.6362229279121859 0.037665136051661816 0.059793170671545326
1 0.6414023060181441 0.6368496365770495 0.03454013605166182 0.059756808004454244
1 0.6508227701247666 0.635178048575777 0.04110838479802066 0.07076703333863606
1 0.6296441035900038 0.5846604279121859 0.02935253087881229 0.04251476400381797
4 0.48930391158670494 0.4691456105983668 0.02948892319868044 0.047202264003817974
1 0.5611023552393565 0.444099609922049 0.027971887305303155 0.04874658267027243
4 0.47874083313603266 0.563767767266094 0.022966138558944492 0.03775453866963616
4 0.4828372997499379 0.5840257232654577 0.026136602665567034 0.039353401336727066
1 0.4289514332943173 0.5034302512730937 0.03444920783841656 0.05663180800445424
1 0.30832538156582234 0.6766506699554566 0.03454013605166191 0.05975680800445442
1 0.29890491745919967 0.6783222579567292 0.03761967194503919 0.058230670671545325
4 0.2501779124446347 0.6351540606301835 0.045704956584775226 0.06769657733927233
4 0.25289974716351316 0.595292129296638 0.026272994985435096 0.044040901336727244
4 0.24900786902941005 0.5680029232972744 0.03435827962517113 0.053506808004454245
4 0.2640765910535915 0.4795762226289108 0.026272994985435005 0.04404090133672707
4 0.27015309481451527 0.5123069066279563 0.026091138558944314 0.037790901336727065
4 0.25664452428140183 0.5202739479630927 0.024574102665567032 0.0393352200031817
2 0.27959027929596675 0.5637421372931382 0.024346782132453625 0.0315227200031817
2 0.2722203970052286 0.6559841812937746 0.025954746239076343 0.03310340133672725
2 0.2748285714575502 0.620028499960229 0.02439224623907634 0.0330852200031817
2 0.2857242705204781 0.48713418395927466 0.019659282132453625 0.03146817600254544
2 0.2868692333734596 0.4746250932925019 0.02604567445232169 0.03622840133672707
2 0.2886961578257813 0.4386785026257291 0.0244831744523216 0.036210220003181706
2 0.27520195915856477 0.4193108846276382 0.02117631802583091 0.0299238573360908
2 0.27588392075790497 0.39587338462763816 0.019659282132453625 0.031468176002545346
2 0.29351168995823484 0.40738304929186553 0.027699102665567032 0.03937158267027261