2 0.13351371196999967 0.17774833693238984 0.0740416756834257 0.11891686597668398
2 0.08458890494824059 0.08867325892306968 0.062206057021759076 0.09008147095570584
4 0.22881594151763845 0.2292059383869267 0.06523260367592565 0.16015717261537982
4 0.187311238171805 0.2959072636969545 0.05265469123481457 0.14057837842423862
4 0.1984243954291198 0.30761435830301415 0.06087729434509233 0.14585787427505376
4 0.24745650918981407 0.40678648672725276 0.04351484561740726 0.07159158008391256
4 0.22596221800226773 0.41835094875988893 0.04074116013203684 0.09311138257342347
4 0.24592411201726788 0.3360479342377419 0.055077062205555374 0.09730197510489073
1 0.736370620641434 0.6106893848717305 0.024823634213055355 0.0531016892121194
1 0.7383233913766192 0.641880185286649 0.024003427992499837 0.0437266892121194
4 0.41956453798351756 0.5377908008391257 0.037948350801203644 0.07893048340326062
4 0.33185063303527695 0.44888074357573 0.0464634798304628 0.12303568091374953
1 0.3895749501418047 0.4788651641165174 0.033260850801203466 0.07857528589277152
1 0.3033470498117125 0.24727069938458884 0.05898260367592565 0.1596835759347277
1 0.25711730730458304 0.1801298209603502 0.05931479434509228 0.14573947510489074
1 0.8937492914703702 0.12980992823767915 0.051346469462870206 0.10788427759440164
1 0.9165525129594908 0.08885396413045052 0.045605025918981565 0.042259277594401644