2 0.7022495842330974 0.08273032823303475 0.045124168466194804 0.06245337842423861
2 0.6983442568484772 0.1337008323822196 0.041880769296031774 0.06065408008391256
2 0.6986770661864654 0.20984893528664905 0.028315176764564676 0.04564438672260833
2 0.7027483369323898 0.17131923155238266 0.03011447510489056 0.04888778589277143
2 0.7415129937762227 0.06783995665727335 0.039275987552445456 0.026279080083912575
2 0.74805991431701 0.12348630541251789 0.030588071785542858 0.05513778589277142
4 0.734045881123531 0.1845655153705616 0.04185745850815117 0.08084818091374953
2 0.6961459072680402 0.3199576410955079 0.03094326929603177 0.05982528589277143
2 0.6969737788438015 0.2796286390209154 0.042591164317009954 0.07002908008391255
2 0.726461291916056 0.3509950761584423 0.03274256763635801 0.06306868506293446
2 0.6967863699253762 0.3899149435850188 0.03887416846619498 0.061979781743586496
2 0.7188748574778215 0.41489163279713814 0.040910265146846925 0.06834818091374953
2 0.7178577317528753 0.46297393528664904 0.03058807178554268 0.05513778589277152
2 0.7120230514638257 0.5192355906805893 0.03586756763635801 0.06330548340326062
2 0.6937466481444778 0.524064800638633 0.03359467261537983 0.0538120842330974
2 0.7040105645360801 0.5877604477342037 0.035985966806520865 0.06486798340326043
2 0.6894520796829273 0.6519054581071659 0.01799298340326061 0.032433991701630305
2 0.6828100707598577 0.5745025085220844 0.02268048340326061 0.032789189212119395
2 0.7128061466945852 0.6218277944148557 0.021473180913749522 0.037358290041956364
2 0.6898198552027365 0.6977624097668398 0.01751938672260849 0.026183991701630306
2 0.6889560948297742 0.7171160610115953 0.01943708423309758 0.030989890871793335
2 0.6886726749136869 0.7543792626712692 0.017992983403260433 0.032433991701630305
4 0.6707622018833885 0.702532420139802 0.031440176764564676 0.04588118506293437
2 0.3826600572633957 0.10900295000928877 0.03359467261537983 0.05381208423309745
2 0.3974212968904335 0.12954059295567447 0.02890717261537983 0.0534568867226084
2 0.405021231953368 0.15807999005124507 0.030232874275053768 0.05045028589277143
2 0.41567531203728053 0.19617198590206017 0.03323947510489074 0.04912458423309749
2 0.4256781966852965 0.22567023175287532 0.03132177759440165 0.04431868506293437
2 0.4326269363123343 0.24561587884844588 0.027841580083912555 0.0393943867226084
2 0.4363206213752687 0.27385927801860893 0.026752676764564675 0.04552598755244537
2 0.4442990647365729 0.2868920742843425 0.028433575934727708 0.0472068867226084
2 0.4541243506293443 0.31404657013515763 0.026634277594401644 0.04396348755244537
2 0.4625171910862191 0.33254811640089127 0.026752676764564675 0.04552598755244537
2 0.46898067863866444 0.3563408139113803 0.025923882573423464 0.03458848755244537
2 0.47343230291371824 0.4048375134964618 0.028551975104890735 0.048769386722608485
2 0.48575470415847366 0.403440956857766 0.0256637734452168 0.051657588382282384
2 0.4920289375617341 0.43498695478317356 0.027959979254075583 0.040956886722608485
2 0.5007177759440165 0.4573947510489072 0.028196777594401645 0.04408188672260831
2 0.5114427110069509 0.48617094648480386 0.01967388257342346 0.034114890871793334
2 0.5200014948251299 0.517113293165456 0.02291728174358667 0.0359141892121194
2 0.5320996757388794 0.5537611881864339 0.026515878424238616 0.04240098755244546
2 0.34603639564567806 0.12797717034029468 0.030232874275053768 0.05045028589277143
2 0.35934187904893855 0.16005596453143583 0.03335787427505377 0.05068708423309749
2 0.4150026510442628 0.310305340881082 0.028670374275053766 0.050331886722608396
2 0.4254199327878493 0.34527233673189717 0.029759277594401647 0.04420028589277134
2 0.46294508880648955 0.4304528201351577 0.028551975104890735 0.048769386722608485
2 0.46945612055007613 0.46512381806056524 0.026752676764564675 0.045525987552445454
2 0.48109236017711393 0.4854246626666249 0.019792281743586493 0.035677390871793335
2 0.48528295270858113 0.4997239610069508 0.023154080083912554 0.03903918921211939
2 0.492468490675945 0.5227946081025214 0.023035680913749523 0.0374766892121194
2 0.49959482905822733 0.5450840051980921 0.02088118506293437 0.029545790041956364
1 0.5751831344475233 0.35351365706754745 0.03250576929603177 0.05994368506293437
1 0.586416632372931 0.35824870125868863 0.027936668466194803 0.06115098755244537
1 0.5962176848624419 0.35433079586474825 0.033452962657336015 0.07244368506293437
1 0.6022318091374955 0.4029458946199928 0.024953378424238615 0.042282588382282424
4 0.5549927240792055 0.558602976153798 0.023864475104890738 0.048414189212119395
1 0.6288562765687165 0.5595394367365415 0.023982874275053766 0.049976689212119396
4 0.4930003643262988 0.478559356027929 0.020029080083912555 0.03880239087179334
4 0.484489124699261 0.4584953097621954 0.021709979254075584 0.04048329004195637
1 0.48720157283445004 0.5557963622517064 0.029262370125868742 0.05814438672260831
1 0.2917455176456467 0.45709506266198047 0.02805506763635792 0.06271348755244546
1 0.28350696515613577 0.46113136722608383 0.03094326929603195 0.059825285892771515
4 0.26877088154773826 0.522932627599046 0.039347765146847014 0.06822978174358649
4 0.2939135141211618 0.5574619155664099 0.022183575934727705 0.046733290041956366
4 0.3060233504288517 0.5840127601724696 0.030588071785542858 0.05513778589277152
4 0.3689862143309432 0.6563622794685013 0.022065176764564674 0.045170790041956364
4 0.35489948092768275 0.6242242856922788 0.021591580083912553 0.038920790041956366
4 0.34011493051276426 0.62388074357573 0.020147479254075583 0.04036489087179333
2 0.33314195748246594 0.5728626952354039 0.0209995842330974 0.031108290041956366
2 0.2750558477295593 0.4931150730349426 0.022680483403260433 0.032789189212119395
2 0.2968366819626567 0.5242825626619805 0.021117983403260432 0.03267079004195637
2 0.3816871238740684 0.6394591219999686 0.01643048340326043 0.03231559253146728
2 0.3902692184801281 0.6502073678507838 0.021473180913749522 0.037358290041956364
2 0.4112688027132256 0.6813156578927402 0.021473180913749702 0.037358290041956364
2 0.4123227398507524 0.7054752083076586 0.01943708423309758 0.030989890871793335
2 0.4255806790628718 0.7266757020838812 0.016430483403260608 0.03231559253146728
2 0.4334756894358339 0.7078548471048594 0.024716580083912552 0.03915758838228243
1 0.4131693091374955 0.38861959503026694 0.0404133576783142 0.08229228174358649