4 0.33047864234748864 0.24463993243638749 0.04362817363517095 0.05274456677218975
4 0.3482653818241449 0.24724209521022664 0.042247684158514785 0.05582410266556703
1 0.3549865477079825 0.3460971323572452 0.04702618942018653 0.057522994985435005
1 0.3842568187546699 0.3390060463847256 0.04344616311182729 0.04961956677218975
1 0.4085665740163417 0.336738852732074 0.048770699943530185 0.06069345909205772
1 0.43857259243219315 0.3304062847062431 0.04252069994353036 0.06051160266556703
1 0.48764712926389614 0.3180593974009399 0.03563366311182729 0.04939224623907634
1 0.5674634318806147 0.3001384600164946 0.03728716837349921 0.05100021034569906
1 0.20097242384693254 0.16495609560593805 0.04308214206513996 0.043369566772189706
1 0.2390184554169636 0.1544899570469937 0.04362817363517095 0.05274456677218971
1 0.2708067817112054 0.13094715696785142 0.04519067363517104 0.05279003087881238
1 0.31620258169708804 0.11480767992910501 0.05850972099021767 0.06721624373179384
1 0.3453440501270569 0.12331886190327408 0.04473564732681172 0.04497753087881238
1 0.39708085537461135 0.10543502843803694 0.061725726251889504 0.0688696719450392
1 0.44812741588383764 0.08601142702611113 0.03499662628012423 0.0384547462390763
1 0.4905046316829706 0.0949174140939874 0.04657116311182748 0.049710494985435075
1 0.549128473762228 0.06591422420225954 0.058418715728545755 0.06565374373179385
1 0.5887370053322589 0.05540262153669251 0.0551117052052021 0.062437815518548476
1 0.6432725868881727 0.03208192804864316 0.06797572625188941 0.06416385609728632
1 0.5677881975244559 0.1472635126029193 0.04702618942018653 0.057522994985435096
1 0.15028988438439367 0.17812969701786385 0.057872684158514695 0.05627874373179385
1 0.10870932913683924 0.19571801379005355 0.05943518415851471 0.056324207838416476
1 0.16080390820309132 0.3189903777383917 0.0613617052052021 0.06261967194503928
1 0.5263379029414195 0.3099142767886843 0.043901189420186525 0.05743206677218975
1 0.18841296871231758 0.3002487379258061 0.04840667889684287 0.05444345909205772
1 0.22273476080569238 0.2867712596334185 0.04877069994353027 0.06069345909205772
4 0.3455275186982002 0.28085857726353797 0.04582771046687402 0.06372753087881247
4 0.280440844992442 0.2601345517950019 0.040412168373499216 0.051091138558944316