2 0.6662345631825403 0.9883019373985373 0.04107275025210164 0.023396125202925333
2 0.6578864676416863 0.9543300370498906 0.03830838317182241 0.0586537341605581
2 0.6522481088592804 0.8777839625442585 0.026496798022528623 0.045388909654926125
2 0.6596728427677371 0.9175566567280597 0.026606058666190258 0.04695140965492613
2 0.7087387734578849 0.968091888290728 0.027152361884498967 0.05476390965492613
4 0.6895078082388618 0.906296728635802 0.036713032183086726 0.08031021287323484
2 0.6411463539156019 0.7670978348203177 0.025808383171822415 0.05777964901126431
2 0.6453914575022276 0.8074332577167954 0.03751070767745475 0.06948197351689638
2 0.6698940667888367 0.7377052657625672 0.029261165102807674 0.06268567029858776
2 0.63668808288038 0.6961297709583473 0.03529264381548423 0.05999771287323483
2 0.6571862531789677 0.6724408986822882 0.03729218639013112 0.06635697351689647
2 0.6519249528106507 0.6241837151421485 0.027152361884498967 0.05476390965492613
2 0.6425770859824731 0.5670049996710238 0.032276904459146036 0.061341691585911205
2 0.6233736179134584 0.5609517416252523 0.030058840597175517 0.05185743094224939
2 0.6285799239817587 0.49772512194708296 0.030823665102807672 0.06279493094224939
2 0.6088954906937205 0.4311878319703261 0.016247712873234833 0.0322333457929556
2 0.6081199585106338 0.5096406139013114 0.020935212873234653 0.03256112772394069
2 0.6356711581423168 0.46367790387806823 0.0195912341605581 0.03557686708027905
2 0.6058140493599109 0.38543828939567926 0.015701409654925946 0.024420845792955604
2 0.6040548074056826 0.36568851810835573 0.017591691585911208 0.029217606436617326
2 0.6003724325317334 0.3285327255337088 0.016247712873234833 0.0322333457929556
4 0.586610581290896 0.37938503134990753 0.02795003737886681 0.04393567029858776
2 0.34145843830859113 0.954970267352051 0.030168101240837332 0.05341993094224975
2 0.35454294635436284 0.9362584721795141 0.025371340597175517 0.05152964901126431
2 0.3596892682621049 0.9075707434668377 0.02671531930985207 0.04851390965492612
2 0.36778027370998656 0.8704531557196535 0.029731058666190257 0.04716993094224975
2 0.37610622593955956 0.8412026982943004 0.027840776735205176 0.04237317029858758
2 0.3813782339853312 0.8219445999034549 0.025950494804219914 0.037576409654926125
2 0.38256367557124243 0.793764969581624 0.02482503737886681 0.04371714901126431
2 0.39057827136419804 0.7801941424781018 0.025043558666190256 0.04684214901126431
2 0.39790445230644755 0.754014054730918 0.023153276735205175 0.0420453883676025
2 0.4046296997085575 0.736427716983734 0.02482503737886681 0.04371714901126431
2 0.4094482396853144 0.7124274882710575 0.024060212873234656 0.03277964901126431
2 0.4104915696388282 0.663826097305565 0.02504355866619039 0.04684214901126431
2 0.42288230899516643 0.6662626824548588 0.022137079953513706 0.04974862772394069
2 0.42663002186840115 0.6351219430985205 0.026169016091543363 0.04070140965492612
2 0.43362842087966535 0.6136293553513366 0.024715776735204996 0.04215464901126431
2 0.44268099278740747 0.5852147782478143 0.01781021287323483 0.03234260643661742
2 0.44871782533881144 0.5550191798569687 0.01948197351689629 0.03401436708027923
2 0.45753545046486216 0.5187374724316156 0.023153276735205175 0.0420453883676025
2 0.302925816032532 0.9334341209386767 0.02671531930985207 0.04851390965492612
2 0.31375940922759754 0.9020038044788163 0.02984031930985207 0.0487324309422494
2 0.35856880069729324 0.7551887886393746 0.025262079953513795 0.04996714901126431
2 0.3664412848578514 0.7211962008921906 0.026278276735205174 0.04226390965492612
2 0.39817723993741594 0.6378427515126093 0.025043558666190346 0.04684214901126431
2 0.40136222409797406 0.6035223818344402 0.024825037378866856 0.04371714901126431
2 0.4113763624655767 0.5838108153745797 0.01791947351689647 0.03390510643661741
2 0.41553933858036307 0.5691855866619031 0.021372255447881728 0.038811127723940686
2 0.4202486179134583 0.5467478579492266 0.021153734160558102 0.035686127723940864
2 0.42568451692472264 0.5251460095583809 0.019154191585911206 0.029326867080279227
1 0.5166980109726379 0.7167868423618863 0.027480143815484227 0.059451409654926124
1 0.5258380641909465 0.709575275902026 0.02446440445914604 0.060795388367602496
1 0.5372290322599613 0.715082230729489 0.028354228964778017 0.07195140965492612
1 0.5393978196388283 0.6728401004076581 0.021590776735204997 0.04193612772394069
4 0.4805194823958473 0.5156342517647108 0.02046531930985207 0.04807686708027923
1 0.5527222643268326 0.5159727413731506 0.020574579953513705 0.04963936708027905
4 0.42416593956909876 0.5917707808457044 0.016684755447881727 0.038483345792955606
4 0.4173314315233272 0.6109196185928883 0.018356516091543363 0.04015510643661742
1 0.4084970169247226 0.5239441424781018 0.025699122528160645 0.05621714901126431
1 0.21801984637403332 0.609543516847848 0.024573665102807674 0.0623578883676025
1 0.2061754102360037 0.5992944316985541 0.027480143815484227 0.059451409654926124
4 0.19457662855712005 0.529397194940106 0.034167186390131124 0.06613845222957301
4 0.21729286271767823 0.4964425833077085 0.018793558666190258 0.04640510643661742
4 0.2277440436599277 0.47048101684784804 0.025589861884498966 0.05465464901126431
4 0.2858404029465366 0.40310212873234696 0.018684298022528623 0.044842606436617416
4 0.27428019007330195 0.43369656487037656 0.019809755447881727 0.03870186708027923
4 0.25860055975147106 0.43338520843375933 0.018356516091543363 0.04015510643661742
2 0.2558308388324647 0.4842210887555901 0.019154191585911206 0.02932686708027905
2 0.2034381763275471 0.559849519445738 0.020935212873234677 0.03256112772394086
2 0.22353750887895094 0.5306372668478481 0.019372712873234655 0.03245186708027905
2 0.2995369161880884 0.42054635484713343 0.014685212873234654 0.03212408514929379
2 0.30733299069372055 0.4101005277436113 0.0195912341605581 0.03557686708027905
2 0.3267057035669553 0.38005239482389036 0.0195912341605581 0.03557686708027905
2 0.3260008632218813 0.3564510038583978 0.017591691585911208 0.029217606436617416
2 0.33763213191131475 0.33606744804219907 0.013122712873234655 0.03201482450563216
2 0.3464772541873739 0.3555276422260003 0.021372255447881638 0.038811127723940866
1 0.3389389977310861 0.6878702486626176 0.035259792826748536 0.08176345222957301