2 0.9041139083643742 0.914808833518675 0.04739315046753845 0.09288887272903601
2 0.8662912006170476 0.8562789853354463 0.040970433645025395 0.06269118969849785
2 0.826061110356164 0.7866203185157656 0.028388620413308984 0.047608323637421714
2 0.8504662127172962 0.8206285277591009 0.02996021077238851 0.04929836939505598
2 0.9494354987234537 0.9200701604900765 0.042551114363184796 0.06594373545613266
2 0.9170088181034904 0.8494867224585686 0.03155907220870695 0.05567591515269079
4 0.8722094025106417 0.7997579183659844 0.042642017953980725 0.08156873545613248
2 0.7653639839909268 0.688741056846836 0.030023843285945873 0.060235869395056166
2 0.7874389718906782 0.7249016974537195 0.04258747579950324 0.07219373545613231
2 0.7768554750139363 0.650635150029095 0.033176114363184794 0.06517846091032524
2 0.7282907099868217 0.6248062315424244 0.03941702400410492 0.0641261439408634
2 0.7359304931643089 0.595756460330597 0.041006795081344014 0.06894118969849786
2 0.7091270986486989 0.5521819324508099 0.03155907220870695 0.05567591515269079
2 0.6744839330558503 0.5032821757828503 0.0362920240041051 0.06387105242559414
2 0.6549708637740095 0.5048128538124186 0.03468407220870695 0.05593100666795969
2 0.630406680128984 0.4434608945690831 0.034738614363184796 0.06530600666795969
2 0.583245333817976 0.3904157718400471 0.018931807181592396 0.03278054909161447
2 0.6180248547970191 0.4627530285080069 0.02362839754067192 0.034725686364518005
2 0.6208407825883121 0.409883120023276 0.02208407825883114 0.03772314060688355
2 0.5587947796614458 0.3485950625967119 0.017332945745273776 0.026403003333979845
2 0.5485430808911099 0.3313597651720873 0.018922716822512696 0.031218049091614474
2 0.5280487737095175 0.2984516703228384 0.017369307181592398 0.032653003333979844
4 0.539281710379605 0.35012574062628016 0.031504530054229284 0.046300915152690705
2 0.5858775136523725 0.9745845092530336 0.03312157220870695 0.050830981493932725
2 0.588870703445718 0.954669590476499 0.02842498184962743 0.05385832363742153
2 0.580113326982285 0.9258430888095089 0.03153180113146803 0.05098841515269079
2 0.5705247035439139 0.8883590642637017 0.033094301131468204 0.05111596091032524
2 0.5641019867214012 0.8581613812331635 0.029942030054229463 0.04617336939505634
2 0.560082107232906 0.8383112668390773 0.028343168617910842 0.03979582363742153
2 0.5482133663080923 0.8115734236568184 0.026817030054229286 0.045918277879787084
2 0.548908257896836 0.7967934465356356 0.028388620413308984 0.04760832363742153
2 0.5432804266129427 0.7690032863839147 0.026807939695149587 0.04435577787978708
2 0.5416088423039872 0.7501257406262802 0.026817030054229286 0.045918277879787084
2 0.535222486917793 0.726178057595742 0.02519089754067192 0.03485323212215263
2 0.5138742068635637 0.6807061898676758 0.028397710772388507 0.049170823637421715
2 0.5255747761454044 0.6785377830499348 0.026853391490547728 0.05216827787978708
2 0.5144645593228916 0.6479574627464931 0.02836134933607006 0.042920823637421536
2 0.5112077491162372 0.625046121231224 0.028370439695149584 0.04448332363742154
2 0.5055708274732643 0.595693461079503 0.02050339754067192 0.03447059484924893
2 0.4975856106507516 0.5653682322913305 0.022074987899751618 0.03616064060688338
2 0.4887782372123805 0.5279479806243405 0.026807939695149587 0.04435577787978708
2 0.5421138781137531 0.9711557177474628 0.03153180113146803 0.05098841515269044
2 0.5372354805730811 0.9379605804745592 0.03310339149054773 0.05267846091032524
2 0.509014510921898 0.7849472797159549 0.02841589149054773 0.05229582363742154
2 0.5010065682016863 0.7507158009277821 0.028370439695149584 0.04448332363742154
2 0.49033671291368786 0.6616055035031577 0.028397710772388507 0.049170823637421535
2 0.4776458153730159 0.6277726374420814 0.026817030054229286 0.045918277879787084
2 0.4782998003459012 0.6059614103208988 0.02051248789975162 0.03603309484924892
2 0.4743117371141846 0.5915800459268123 0.02366475897699054 0.040975686364518
2 0.46871572208707 0.5692586357750915 0.023646578258831142 0.03785068636451801
2 0.46311516188041557 0.5461559756233706 0.020485216822512697 0.031345594849248926
1 0.6437571495837755 0.7248862377513422 0.03159543364502539 0.06192591515269079
1 0.6562389688656162 0.7227816038124185 0.030032933645025395 0.06179836939505616
1 0.6687753303019347 0.7300519698734949 0.03478406615858276 0.07311850666795969
1 0.6465503514773694 0.6681100792666113 0.025245439695149585 0.044228232122152634
4 0.5082367643397436 0.5170423025947721 0.025272710772388508 0.04891573212215263
1 0.5807839300307881 0.5042231803247781 0.02371930113146803 0.050350686364518185
4 0.4931526407049809 0.6087355950184268 0.020530668617910842 0.039158094849248926
4 0.4956145653730159 0.6292394136548787 0.02210225897699054 0.040848140606883555
1 0.44668164080317674 0.540129245168208 0.030014752926866173 0.05867336939505634
1 0.3170810200952802 0.6786979244057243 0.028479524004105094 0.0632333236374217
1 0.3100588604543598 0.6796864684963688 0.031586343285945874 0.060363415152690794
4 0.260621941836449 0.638168777130881 0.03944429508134393 0.0688136439408634
4 0.26586343285945857 0.5995526872826019 0.022138620413308895 0.047098140606883554
4 0.26335605639602544 0.5712363686461501 0.02999657220870695 0.05554836939505616
4 0.28316858664664646 0.4869569634953991 0.022129530054229286 0.04553564060688355
4 0.28726573418731843 0.5200883278894854 0.02209316861791084 0.039285640606883374
4 0.27402084562363693 0.5252541889495919 0.020539758976990452 0.04072059484924893
2 0.29382026121648563 0.5729422609200235 0.020485216822512697 0.031345594849248926
2 0.28263329722264324 0.6633919177377645 0.022065897540671918 0.03459814060688356
2 0.2863350141433519 0.6285545321318509 0.022065897540671918 0.034598140606883376
2 0.3043168788011242 0.49805383122346536 0.017369307181592398 0.032653003333979844
2 0.3058021107489474 0.4849001269810998 0.02208407825883114 0.03772314060688338
2 0.30950382766965606 0.4500627413751862 0.02208407825883114 0.03772314060688355
2 0.29766235782208117 0.4280123981929272 0.018922716822512696 0.031218049091614474
2 0.29909304761542677 0.4054836939505617 0.015806807181592396 0.032525457576345396
2 0.31557656566760345 0.42010417440572434 0.02366475897699045 0.040975686364518