2 0.8447198662263704 0.9723998046362151 0.032688503628197196 0.05520039072756973
2 0.8182912862819707 0.9237218347266232 0.031597229581580066 0.05711086939505634
2 0.791535324123586 0.8490886254832878 0.021785719962933214 0.04384559484924892
2 0.8092238211283611 0.8871466059384504 0.02189484736759475 0.046970594849248926
2 0.8888790939938517 0.9866854452430985 0.031760920688572725 0.026629109513802974
2 0.8706895999843016 0.92955711760738 0.022113102176918177 0.053220594849248924
4 0.8351588385515563 0.8713461338182376 0.02923612141421188 0.07873077787978708
2 0.7503795560674186 0.741340027300059 0.020714293283910834 0.05778054909161447
2 0.7649976167745246 0.7807054162399525 0.030416675497895795 0.06792082363742172
2 0.7694643727649744 0.7078418721493078 0.022440484390903313 0.06259559484924893
2 0.7261310350160264 0.6715856366931755 0.030089293283910835 0.058545823637421536
2 0.7392386702252364 0.6453897985118863 0.03030754809323426 0.06479582363742153
2 0.7212500728576415 0.5987380680567236 0.022113102176918177 0.053220594849248924
2 0.6967386569783924 0.5437636545710228 0.025510920688572546 0.06128818636451801
2 0.6763715932760616 0.540543059721774 0.02518353847458741 0.051913186364518006
2 0.6640327951828274 0.47721401229714944 0.02400298439090349 0.06272314060688337
2 0.6268031244942549 0.41496923275037234 0.013536710344286362 0.030707866061076318
2 0.6474182140573014 0.49221725896316953 0.01822421034428636 0.031090503333979846
2 0.6612698937315485 0.4427114665395148 0.015262901451278843 0.03552291181871077
2 0.6112128408289909 0.3700713209316616 0.013318455534962758 0.024457866061076316
2 0.6043080764010206 0.35081113790112345 0.013482146641955416 0.029145366061076317
2 0.5905803930985764 0.31463452184004714 0.011974210344286362 0.03058032030344169
4 0.59084577712666 0.3668507260824126 0.02329365626060227 0.04241064060688356
2 0.5139609395473481 0.9750231250845889 0.02518353847458741 0.049953749830822146
2 0.521790797714716 0.9548293450184268 0.02049603847458741 0.051530549091614475
2 0.5192188692215953 0.9257955492607923 0.023511911069925694 0.04866064060688373
2 0.5163195585144893 0.8873867535031579 0.02501984736759475 0.04722568636451783
2 0.516064098170203 0.8577630263819749 0.02329365626060209 0.04241064060688373
2 0.5161360200399019 0.8375142992607923 0.02156746515360979 0.037595594849248924
2 0.509712405249112 0.8097241391090714 0.020223219962933213 0.043718049091614475
2 0.5131003000769688 0.7951992535031577 0.020277783665263983 0.045280549091614476
2 0.5129266852861788 0.767919276381975 0.020168656260602092 0.04215554909161447
2 0.5146156708582085 0.7493605950184268 0.020223219962933213 0.043718049091614475
2 0.5129886834720803 0.7250780721396095 0.01984127404661713 0.03278054909161447
2 0.5004142724021546 0.6773102518361679 0.02033234736759475 0.04684304909161448
2 0.5128869905509892 0.6775493678972441 0.017316474772256462 0.0497129575763454
2 0.5078894665043721 0.6459805035031577 0.021622028855940556 0.039158094849248926
2 0.5094420428205747 0.6235155721396095 0.02173115626060227 0.04228309484924893
2 0.5099678324762884 0.593955617897244 0.01515377404661713 0.03239791181871077
2 0.5073413402808367 0.5633593221396096 0.016770837748947897 0.0340879575763454
2 0.5060318114248961 0.5258593221396095 0.018551592558271324 0.040465503333979844
2 0.4713642117798667 0.9608403578953044 0.023511911069925517 0.04866064060688373
2 0.4733433740309187 0.9282829494105733 0.025074411069925695 0.04878818636451783
2 0.47580863120249484 0.7757956781987462 0.02044147477225664 0.04996804909161447
2 0.47458094790005056 0.7406394281987462 0.02173115626060227 0.04228309484924893
2 0.4816543487183572 0.6531872256233706 0.02033234736759475 0.04684304909161448
2 0.47498519726707844 0.6183658154716498 0.020223219962933213 0.043718049091614475
2 0.47971733728561183 0.5977184756233707 0.015208337748947897 0.03396041181871077
2 0.4791989821134687 0.5828747256233706 0.01687996515360979 0.03721295757634522
2 0.4776265584296713 0.5601547027445534 0.018387901451278842 0.035778003333979846
2 0.4768353847458739 0.5374984527445534 0.01655258293962447 0.027837957576345395
1 0.6585541877332496 0.9449596216902659 0.01673612141421188 0.07771041181871077
1 0.6666841462634372 0.9323798733572559 0.017698420688572546 0.06065045757634522
1 0.6792114281146027 0.9341814894183322 0.021150802902557685 0.07028054909161412
1 0.659623125212045 0.8640284860843522 0.01876984736759475 0.04671550333398002
4 0.5312500662342196 0.5341500542617622 0.01720734736759475 0.04658795757634522
1 0.6196057273041452 0.5881038438104789 0.01575397477225664 0.04958541181871077
4 0.49445195988095014 0.5958051603208988 0.013754965153609789 0.03695786606107632
4 0.49309035652290556 0.6237388416844469 0.015372028855940556 0.038647911818710766
1 0.33442219545297985 0.5640454930421761 0.017698420688572546 0.06065045757634522
4 0.25706108728561183 0.5795432051604494 0.028799611795565026 0.06623077787978708
4 0.26903280842967126 0.5431273441003429 0.014027783665263981 0.04477036606107632
4 0.27195691178771586 0.5153212084944293 0.020550602176918266 0.053093049091614476
4 0.30904519482000764 0.43966737531410993 0.013973219962933126 0.043207866061076315
4 0.30628478256895564 0.47216101092002355 0.01531746515360961 0.037085411818710765
4 0.29155015997361733 0.47407432622249546 0.013809528855940556 0.03852036606107632
2 0.30264391659703926 0.5240583507683028 0.016607146641955416 0.029400457576345396
2 0.27285970207640176 0.6080986398579775 0.016661710344286273 0.030962957576345394
2 0.2841865824762884 0.5755252559190538 0.016661710344286186 0.030962957576345217
2 0.3274777362898199 0.454415401526907 0.01202877404661713 0.032142820303441864
2 0.3317560085223385 0.44307928879981073 0.016825401451278844 0.03565045757634522
2 0.3423016389222251 0.41044213198206964 0.015262901451278843 0.03552291181871081
2 0.33447921523842766 0.38721192607271426 0.013482146641955416 0.029145366061076317
2 0.3407192915546303 0.3651296319820697 0.01046627404661713 0.032015274545807236
2 0.35457346042910426 0.3826200209219633 0.01844246515360961 0.03734050333397985