2 0.059047630064842614 0.27570932892367234 0.09473891935425689 0.12654256784239584
2 0.019726110834420246 0.20493648349165663 0.02460620181924559 0.09325203301668675
4 0.15917606265366585 0.29004074457293305 0.09477746071058571 0.16083568068726609
4 0.13558020491961748 0.37194251978770376 0.07976889081820962 0.13978619629109837
4 0.14926171525869972 0.37984022896910086 0.08787248924663302 0.14644563206674716
4 0.21632724482820426 0.45777379918634586 0.054982906533975306 0.07613977611928177
4 0.19923179011347458 0.47746550147033806 0.05898120181924558 0.09505355042954129
4 0.19984391211554656 0.3897198400049488 0.07177230024766904 0.10195864767057934
4 0.40724765136217955 0.5213848405707757 0.05207623035529285 0.08066350180902226
4 0.304482216292157 0.4672506184990798 0.07115587014004517 0.12218926051544958
1 0.36705283684648693 0.43186199513876 0.054075377997927984 0.09012038896415202
1 0.33970693279371095 0.39961938319840085 0.05080482878371626 0.08683161465389251
0 0.7008455241928211 0.11598585312239015 0.06003427956950454 0.08419793758467106
1 0.7367080955329393 0.07886431139927613 0.0622517510334573 0.09834232473980083
4 0.2688914727022978 0.493393716644629 0.06708480024766902 0.10171298620519006
1 0.4424402886657325 0.5203236295803563 0.03848461124870504 0.05657090456798421
1 0.5118602227022977 0.4806602640219525 0.048878455748187125 0.07893722749876275
1 0.7273737909420441 0.14748815864031414 0.06410534946188076 0.10467421189493056