2 0.31823183199395483 0.03497094367959819 0.09166133601209037 0.06994188735919638
4 0.37684321598504616 0.08371517423386013 0.09244313335454439 0.16258711733238065
4 0.30137959197963726 0.1288034351296234 0.07814427601845368 0.141291271539425
4 0.3058943693109556 0.14331940319863817 0.0860295013526355 0.1480875747577337
4 0.2953103106301835 0.24788121706060862 0.05397952267663593 0.07715236188449896
4 0.26873871996341075 0.2505198980028581 0.05732269867918127 0.09612088317182241
4 0.3327290419716831 0.18515734193455785 0.06989542401336299 0.10324496832111629
0 0.600406890634956 0.1914191415465703 0.06195565467854482 0.09176116510280767
1 0.6867956399188675 0.5491445242141897 0.033430665340545215 0.05541947351689647
1 0.6623041699156857 0.5742755641909465 0.030196577339272324 0.045825952229573017
1 0.38746834926004886 0.5123100677972428 0.02861589600572696 0.044154191585911204
1 0.3912473299252307 0.5229744161880884 0.028724984006999677 0.053529191585911205
4 0.3807103666056846 0.42223137101555147 0.05090906667727228 0.08162134059717552
4 0.3491887412874112 0.31358834453244794 0.0685692813494538 0.12344820767745457
1 0.5198739586250929 0.26964768437331876 0.07491018801718105 0.13169775025210145