2 0.29108953972465534 0.03968761680187657 0.09282092055068931 0.07937523360375313
4 0.3503992017253699 0.09001489044758601 0.09373856436617345 0.1625251560186403
4 0.2739024037028413 0.13932965144524811 0.07981817599857095 0.14126546265733606
4 0.2775519275880548 0.15381820393475906 0.08806771857321785 0.1481074585081512
4 0.2671610947845494 0.2579612522750851 0.05513525025210155 0.07722627344521679
4 0.24043470381905685 0.2623177881678565 0.05800887797604233 0.09609467261537982
4 0.30512527053101884 0.1929156701165801 0.07250842055068932 0.10341026514684701
0 0.6052723720239577 0.05726880165270737 0.09042789406758586 0.11453760330541474
1 0.6290448276845998 0.5615883568298997 0.03496486188449914 0.05549298340326061
1 0.6065306893169973 0.5834992456271004 0.031184298022528624 0.04588118506293455
4 0.35096302237260424 0.4264609533100591 0.052338032183086726 0.08167697510489073
4 0.3202753871070948 0.3207679829790532 0.0692413089182919 0.12336756763635792
1 0.4744112300500588 0.3502751163776693 0.05400979282674854 0.08335787427505377
1 0.37567308129089605 0.3064677620233474 0.05833665990702759 0.10078217261537983
1 0.4044254200464862 0.0345847970909262 0.09114915990702759 0.0691695941818524