2 0.405465526551153 0.9322266238508465 0.09920251666989946 0.09292305103961844
4 0.4579211047305024 0.8622208545548146 0.10481453000581897 0.16167305103961843
4 0.3790149836684563 0.8296819643077212 0.08909393515657005 0.14029495850815116
4 0.38170954897092824 0.8145422163823136 0.09754416394474266 0.1486994543589663
4 0.3623540289670489 0.7122460105734548 0.060682150608823184 0.07758147095570589
4 0.3357277560882316 0.7134775464662263 0.06533769970043757 0.09656826929603195
4 0.4054820177571612 0.7687202309044607 0.07834788273097573 0.10376546265733602
0 0.6559764832094144 0.6884244665828063 0.06964256242753404 0.09223596680652087
1 0.7344055325908928 0.34918252259680227 0.03871155575957417 0.05572978174358649
1 0.7108724377416439 0.33052761097908456 0.03482128121376693 0.04611798340326043
1 0.43623884168444693 0.44252366119351033 0.03313123545613248 0.04443708423309758
1 0.4421859527445534 0.4287096149277768 0.03389651000193972 0.0538120842330974
4 0.43180617532380816 0.5230399553846515 0.0579397878817268 0.08203217261537983
4 0.40967569699467754 0.637126688787912 0.07844347758022466 0.12395956348717299
1 0.5754759112389827 0.674872374676039 0.08533120636839726 0.1322456601678251