2 0.6125 0.987784000039771 0.053125 0.024431999920458126
2 0.61640625 0.952485036083678 0.0453125 0.059902258672817864
2 0.62421875 0.8760134427514054 0.03125 0.0456761266709087
2 0.625 0.916647533418178 0.0328125 0.04725680800445424
2 0.6640625 0.974466661043907 0.034375 0.05106667791218591
4 0.65625 0.9115424100890868 0.046875 0.0786704400063634
2 0.6328125 0.7659571900859051 0.034375 0.05821248933799979
2 0.6296875 0.8065458274188142 0.046875 0.06929544000636341
2 0.66640625 0.7421293387571322 0.0375 0.06137385200509069
2 0.640625 0.6949543467536323 0.04375 0.0614465773392725
2 0.66484375 0.6764861574235868 0.0453125 0.06771475867281787
2 0.66796875 0.6273037700906776 0.034375 0.05352498933799978
2 0.66875 0.5702816107574503 0.040625 0.06141021467218159
2 0.6515625 0.5607066160884504 0.0375 0.05356135200509069
2 0.6671875 0.4991696794239049 0.0390625 0.06295453333863606
2 0.659375 0.4311100227561777 0.0203125 0.0314863573360908
2 0.6453125 0.5067276407542687 0.025 0.03310340133672725
2 0.6796875 0.4672838800922685 0.0234375 0.036210220003181706
2 0.6640625 0.38507081675681404 0.01875 0.025218176002545344
2 0.665625 0.36555774809035946 0.0203125 0.0299238573360908
2 0.66875 0.3280941107574503 0.0203125 0.0314863573360908
4 0.64609375 0.3754867314210414 0.0328125 0.044131808004454334
2 0.30546875 0.8949607007081344 0.0359375 0.05354317067154497
2 0.321875 0.8787453547103616 0.0328125 0.0519443080044546
2 0.33203125 0.852301033378407 0.034375 0.048837489337999786
2 0.346875 0.8165362560470888 0.0359375 0.04885567067154532
2 0.359375 0.7901192067154523 0.0328125 0.044131808004454244
2 0.36796875 0.7714692040499523 0.0296875 0.03940794533736351
2 0.37421875 0.7441981793841339 0.0296875 0.044095445337363516
2 0.38359375 0.7325885173854066 0.03125 0.04567612667090888
2 0.39609375 0.7085152180537703 0.0296875 0.042532945337363515
2 0.40546875 0.6922180560550429 0.0296875 0.044095445337363516
2 0.41484375 0.6696708940563155 0.028125 0.03470226400381797
2 0.42421875 0.6221237320575883 0.03125 0.047238626670908876
2 0.4359375 0.6269475920591792 0.0296875 0.050345445337363515
2 0.44453125 0.5965788393936791 0.03125 0.04098862667090888
2 0.45546875 0.5771748587284972 0.03125 0.04255112667090888
2 0.46953125 0.5507759907304062 0.021875 0.03306703866963616
2 0.48046875 0.5219970100652243 0.025 0.03466590133672724
2 0.49609375 0.48858507340067875 0.028125 0.04251476400381797
2 0.271875 0.8664448020369073 0.034375 0.048837489337999786
2 0.28828125 0.8377294560391345 0.0359375 0.05041817067154497
2 0.35703125 0.7018106847151341 0.0328125 0.05038180800445424
2 0.37109375 0.6699430667170432 0.03125 0.04411362667090888
2 0.41640625 0.5939078253898611 0.03125 0.047238626670909056
2 0.42578125 0.5612044133911337 0.0296875 0.044095445337363516
2 0.4390625 0.54339020472627 0.021875 0.03462953866963616
2 0.4453125 0.5301816800604519 0.0265625 0.03937158267027243
2 0.45390625 0.5091879273949518 0.0265625 0.036246582670272434
2 0.46328125 0.48898451539622434 0.021875 0.029942038669636163
4 0.515625 0.5044373400699967 0.028125 0.047202264003817974
4 0.45390625 0.5466879273949518 0.021875 0.03775453866963616
4 0.43984375 0.5715242953930427 0.025 0.039353401336727066
1 0.334375 0.43670330537872515 0.0328125 0.059756808004454244
4 0.23515625 0.45039254069858947 0.04375 0.0676965773392725
4 0.26328125 0.4225948047024074 0.025 0.044040901336727244
4 0.278125 0.3985487773710892 0.0328125 0.053506808004454245
4 0.346875 0.3430987560470887 0.025 0.04404090133672707
4 0.3296875 0.37180501137808886 0.025 0.037790901336727065
4 0.31484375 0.3685072887094071 0.0234375 0.0393352200031817
2 0.303125 0.41680842870781626 0.0234375 0.0315227200031817
2 0.23828125 0.48167890336568037 0.025 0.03310340133672725
2 0.26328125 0.45696980470240744 0.0234375 0.0330852200031817
2 0.3578125 0.3635385253819069 0.01875 0.031468176002545346
2 0.36640625 0.35426352271640676 0.025 0.03622840133672707
2 0.390625 0.32876408338636115 0.0234375 0.036210220003181706
2 0.39453125 0.3045907867202248 0.0203125 0.0299238573360908
2 0.409375 0.28757600938890654 0.01875 0.031468176002545346
2 0.41484375 0.3079521440563156 0.0265625 0.03937158267027252
1 0.3453125 0.4438618247135433 0.03125 0.04880112667090888
1 0.57421875 0.6191816400779511 0.0296875 0.05347044533736352