2 0.722477038629106 0.9984789244894795 0.04591467787060921 0.003042151021040951
2 0.7150346117470797 0.9729699003193165 0.04141817885919252 0.05406019936136701
2 0.7087899289335546 0.8995267419253448 0.02834517589344294 0.04576278589277152
2 0.7166634373365115 0.9398440886059969 0.030035009885831698 0.04900618506293455
2 0.7664525317090236 0.9840854603822511 0.03028967787060921 0.031829079235497916
4 0.7467183518612479 0.931996622424176 0.04224584980971961 0.08108497925407576
2 0.6972383222037528 0.7880564456596112 0.030480678859192523 0.05994368506293455
2 0.701237414104807 0.8288590444148557 0.04186384783255317 0.07170997925407567
2 0.7257798162722537 0.7621810298927088 0.03223417984777566 0.06474958423309758
2 0.6919977238769079 0.7167850969043668 0.0399193458553869 0.06221658008391255
2 0.7129495524320892 0.6957864352866491 0.04017401384016441 0.06846658008391256
2 0.7078508755500632 0.647112136946323 0.03028967787060921 0.05525618506293437
2 0.6977145301889679 0.5894888910955078 0.03529551285158128 0.06342388257342364
2 0.6786780287060932 0.5810368510535515 0.03335101087441501 0.05393048340326043
2 0.6839120153602203 0.5183475969043667 0.03535917984777566 0.06498638257342346
2 0.6632374180219586 0.45057975644749193 0.018460839923887917 0.03255239087179333
2 0.6632957678316782 0.5284679581071658 0.023148339923887918 0.03290758838228243
2 0.6895744249420408 0.4852866431701003 0.021776840912471052 0.0374766892121194
2 0.6597967416342241 0.4043676072773289 0.016643671939110406 0.02618399170163026
2 0.6582196541817942 0.38477715769224735 0.018397172927693363 0.030989890871793248
2 0.6543478962731287 0.34709955893700284 0.018460839923887917 0.03255239087179325
4 0.6407602401513494 0.39591556723537263 0.029907675893442943 0.04588118506293437
2 0.3989957762718162 0.9422531578927401 0.03341467787060939 0.05549298340326061
2 0.41229427231748356 0.9245687504242074 0.028663510874414967 0.05357528589277152
2 0.41739826638598443 0.8969173471048594 0.030098676882026255 0.05056868506293455
2 0.42527709197541624 0.8609089921258374 0.031597509885831696 0.04912458423309758
2 0.43347425254582 0.8327131371468155 0.029844008897248565 0.04431868506293455
2 0.4381471650933902 0.8135962842423862 0.02809050790866543 0.03951278589277143
2 0.44012615916189113 0.7857080825827122 0.026782675893442943 0.04564438672260849
2 0.44742932319233597 0.7738000784335274 0.026846342889637498 0.04720688672260849
2 0.4541913177551285 0.7486108242843426 0.026719008897248563 0.04408188672260849
2 0.461271647298893 0.7312340701351576 0.026782675893442943 0.04564438672260849
2 0.4665666423559772 0.7082701668158098 0.024774506920082116 0.03458848755244546
2 0.46693671547395094 0.6600102655710544 0.0284725098858317 0.04888778589277152
2 0.4787827994663397 0.6640232593472769 0.025474843878220455 0.05177598755244546
2 0.48219695954245195 0.633128456857766 0.028217841901054187 0.04263778589277152
2 0.4899312050938277 0.6126859022936626 0.028281508897248564 0.044200285892771515
2 0.4981601991623286 0.5852712973146408 0.020087006920082296 0.03423329004195637
2 0.5039817762346351 0.5561165935803745 0.021713173916276675 0.0359141892121194
2 0.5134549353221642 0.5210078877715155 0.025156508897248565 0.04396348755244546
2 0.36054077132890033 0.9159740778088274 0.030098676882026165 0.05056868506293455
2 0.3717992649031097 0.8864525211701316 0.03322367688202617 0.05080548340326061
2 0.4150969842570313 0.744869595030267 0.028599843878220454 0.05201278589277134
2 0.4231031438388519 0.7119862400512451 0.028281508897248564 0.044200285892771515
2 0.45413562653864636 0.6325597717948316 0.0284725098858317 0.04888778589277152
2 0.4574224526223697 0.5985399693053207 0.026782675893442943 0.04564438672260849
2 0.46759594866803694 0.5806187634964619 0.020150673916276673 0.03579579004195636
2 0.47089736220419026 0.5660710114218693 0.02340300790866543 0.03915758838228243
2 0.4762560242574688 0.5446696081025214 0.02333934091247105 0.03759508838228243
2 0.4808334363107473 0.523209005198092 0.021522172927693362 0.031226689212119397
1 0.5529710104544854 0.879152274494124 0.029682182813525238 0.07857528589277152
1 0.5681967624316517 0.8896520666106728 0.0289818458553869 0.06138778589277152
1 0.5860700119373602 0.8886699070675474 0.03411501482874755 0.07268048340326061
1 0.5788358320895846 0.8258147095570584 0.0269100098858317 0.048769386722608485
4 0.5358392712917193 0.535165476153798 0.0237850098858317 0.04853258838228243
1 0.6160652821661342 0.5926479346619491 0.023848676882026076 0.050095088382282424
4 0.48247153216613425 0.5825248056130106 0.02027800790866543 0.038920790041956366
4 0.47339762110143885 0.6083177110069509 0.02190417490485963 0.040601689212119395
1 0.4745688488583175 0.5032633581025214 0.025411176882026255 0.05021348755244546
1 0.32456619026508005 0.5300598885967082 0.02748301285158128 0.06283188672260849
1 0.31646718878220526 0.5224366427458931 0.025793178859192523 0.05958848755244546
4 0.2502373523183586 0.5026201275990461 0.03861151384016441 0.06834818091374953
4 0.27315092889637355 0.4724240647365729 0.02215884288963732 0.04685168921211939
4 0.28303792345916606 0.4474716089277141 0.030289677870609388 0.055256185062934546
4 0.3405201596190016 0.38640497697899046 0.022095175893442943 0.04528918921211931
4 0.32929349954288945 0.41670778361768634 0.02184050790866543 0.03903918921211935
4 0.3143860825466951 0.41402049150113757 0.02034167490485981 0.04048329004195637
2 0.3109546764249156 0.463606094405567 0.02152217292769345 0.031226689212119397
2 0.2592913587441492 0.533680873449861 0.023212006920082295 0.034470088382282424
2 0.279207269314553 0.506373012247062 0.021649506920082207 0.034351689212119396
2 0.3545654135733343 0.4061613699253762 0.01689833992388783 0.032433991701630305
2 0.3619640780980708 0.3965971157761913 0.021776840912471052 0.03747668921211931
2 0.38109873866847455 0.36923005498831063 0.021776840912471052 0.0374766892121194
2 0.38011190022746144 0.3450113049883107 0.01839717292769345 0.030989890871793335
2 0.39181606277503156 0.3264272483496148 0.015335839923887828 0.03231559253146728
2 0.4012056502274614 0.3466096937855115 0.02346667490485981 0.04072008838228234
1 0.5636220089716106 0.8729498186852652 0.022668178859192523 0.0593516892121194