2 0.882230071425834 0.8411148041811197 0.04109908510611149 0.08931936517764641
2 0.848816852960973 0.7832316836267899 0.037283100873680294 0.05948631596343468
2 0.8143859951534381 0.7152287003760127 0.026018292553055745 0.04491439371369381
2 0.8362798321594104 0.7486212431800837 0.026091027735416716 0.04803939371369381
2 0.9269067917905562 0.8452907278786028 0.03891833605604163 0.06268409057054072
2 0.901033316391841 0.7753249842887435 0.026236498100139016 0.05428939371369381
4 0.8600076196784728 0.7263994867699429 0.03619337955902786 0.07972604135632899
2 0.7620766531134727 0.6183387378034002 0.026345600873680652 0.058976893713693815
2 0.7809000415062158 0.6542205798216829 0.03750130642076392 0.06886131596343467
2 0.7776100809251394 0.5800746044287888 0.027980836056041625 0.0621746683207995
2 0.7308798980794797 0.5548777053384114 0.035756968464861136 0.06097604135632899
2 0.7411627814382296 0.5262432830886704 0.03746493882958326 0.06729881596343468
2 0.7182694888851741 0.4835121275881525 0.026236498100139016 0.05428939371369381
2 0.6874182259673962 0.4348948451231637 0.03266833605604162 0.062392992142117264
2 0.6679051597629865 0.4365857777119869 0.030887630508958354 0.052945217535011226
2 0.6485180737069448 0.3764851856937043 0.03114220364722229 0.06388271753501122
2 0.6050758918112156 0.32454385008556247 0.016352351823611146 0.03197774607105863
2 0.6341107348011115 0.39592654446121 0.021039851823611143 0.03219606989237613
2 0.6414861704965629 0.3431825341221278 0.019586454597152782 0.036810795285270356
2 0.5845627168493406 0.28326603267438566 0.014608013867708358 0.02409247146395277
2 0.5755689233463543 0.2664787930134679 0.01631598423243048 0.030415246071058544
2 0.5575995201359725 0.23368556369163232 0.016352351823611146 0.03197774607105863
4 0.5642865844405212 0.28577460256676185 0.02754442496187508 0.04342466832079959
2 0.5569404371171536 0.9110121970662437 0.029325130508958352 0.05287244292790518
2 0.5618818570450355 0.8881012359413735 0.024637630508958352 0.052654119106588126
2 0.5557584904037854 0.8602309470662439 0.027689895326597203 0.049674668320799496
2 0.5493987344198619 0.8222044081911143 0.029216027735416716 0.04818494292790554
2 0.5455827501874312 0.792662457405326 0.02754442496187508 0.0434246683207995
2 0.543547471502084 0.772422732012432 0.025872822188333443 0.03866439371369381
2 0.5335542224520144 0.7462968796550671 0.02441942496187508 0.04327911910658777
2 0.5355524803357993 0.7313439677444082 0.024492160144236053 0.046404119106587774
2 0.5325722974901395 0.704109379655067 0.024383057370694416 0.04171661910658777
2 0.5321358863959729 0.6853593796550671 0.02441942496187508 0.04327911910658777
2 0.5276659387326742 0.6613225661728317 0.02420121941479163 0.03390411910658777
2 0.5102050285884381 0.6167741995474432 0.02605466014423623 0.04647689371369381
2 0.5226504772016672 0.6138482526905964 0.023038762917777865 0.05101884449948209
2 0.5141288091736463 0.5837433757261257 0.02590918977951393 0.04022689371369381
2 0.5128202291015282 0.5611235130296786 0.02598192496187508 0.043351893713693815
2 0.5097854948690976 0.5315451749403374 0.01795121941479181 0.0336130206781645
2 0.5036075768410768 0.5013311360652078 0.019550087005972293 0.03524829528527036
2 0.4988466884483337 0.46479432258297243 0.022820557370694418 0.04164384449948209
2 0.513026782956841 0.9060186360652078 0.02768989532659738 0.049674668320799496
2 0.5114818135420494 0.8732425233687607 0.02925239532659738 0.049747442927905186
2 0.4969802896063548 0.7206269456185017 0.02612739532659738 0.04960189371369381
2 0.4914927026003825 0.6864702694398194 0.02598192496187508 0.043351893713693815
2 0.4886384999030907 0.5974441567433723 0.026054660144236054 0.04647689371369364
2 0.4784815966927088 0.5642870543860073 0.02441942496187508 0.04327911910658777
2 0.48109745041618107 0.5422665051717956 0.01795121941479181 0.03361302067816432
2 0.478426392095556 0.5283131670824546 0.021185322188333446 0.03844606989237605
2 0.47477406202343797 0.5058024662966663 0.02114895459715278 0.036883569892376046
2 0.47112173195131984 0.483291765510878 0.019404616641249994 0.02899829528527036
1 0.6284283517267019 0.6222172167109509 0.027908100873680654 0.0590496683207995
1 0.6344419623840283 0.6117698682825277 0.024819468464861317 0.06046661910658777
1 0.6461970799752088 0.6127865587292336 0.028199041603125075 0.0715496683207995
1 0.6327697064001047 0.5735250055860804 0.022820557370694418 0.04164384449948209
4 0.5189046153100698 0.4529107526905964 0.021403527735416716 0.04782106989237604
1 0.5862733000555906 0.4239638072814915 0.01987739532659738 0.04931079528527036
4 0.4960139355985421 0.54470014640429 0.016497822188333445 0.03822774607105863
4 0.49648671428388935 0.56501264640429 0.01965918977951393 0.03993579528527036
1 0.4548427685204518 0.48952464888548947 0.02474673328249999 0.05734161910658777
1 0.3112772193178825 0.63855296195344 0.023293336056041714 0.061956344499482084
1 0.30033971931788245 0.6390623842031811 0.027908100873680654 0.0590496683207995
4 0.25985888326184076 0.5799442493808276 0.03433993882958344 0.06715326674922295
4 0.26832469348232685 0.5404451017381924 0.01824216014423614 0.04611302067816432
4 0.26846951063666713 0.5130649644346393 0.02623649810013893 0.05428939371369381
4 0.296193160712917 0.42730724689962807 0.019768292553055566 0.044623295285270356
4 0.296975063923299 0.4609009968996281 0.019622822188333354 0.03837329528527036
4 0.2830216666968407 0.4662434683635809 0.01809668977951393 0.039863020678164315
2 0.2989928120234379 0.5139896095960752 0.01944098423243057 0.030560795285270358
2 0.2791907647207297 0.6040709540955571 0.021039851823611143 0.03219606989237604
2 0.2869844277147574 0.569295693756475 0.019477351823611145 0.03212329528527036
2 0.3159971676467712 0.4381163143108049 0.014789851823611144 0.03190497146395277
2 0.31883122691732674 0.42547076509659315 0.019586454597152782 0.036810795285270356
2 0.3250623899113545 0.3907682793646168 0.019586454597152782 0.036810795285270356
2 0.3151782436348267 0.369329927007252 0.01631598423243057 0.03041524607105863
2 0.31853897976711837 0.3457104904894873 0.013227351823611145 0.031832196856846906
2 0.33450947188333363 0.35982649441842873 0.021185322188333355 0.03844606989237622
1 0.4565358211414937 0.6630713107961481 0.034667247150208524 0.08121576674922296