2 0.6477983616323975 0.018494428184076456 0.051278276735205 0.03698885636815291
2 0.6432311939316998 0.059513296161498454 0.04633940445914604 0.05962043969514967
2 0.6401665420704438 0.13684341062287902 0.03285605866619044 0.0454852168225127
2 0.6461323188056489 0.0962002299047198 0.03296531930985207 0.04704771682251274
2 0.6937610716556406 0.040476949850490496 0.03496486188449897 0.05330680718159235
4 0.6768360155873403 0.10383092272312744 0.04921303218308672 0.07837953005422929
2 0.6324090363704606 0.247780910622879 0.03529264381548423 0.057994307181592396
2 0.6352498131056658 0.20715591062287902 0.04699496832111638 0.06899543969514968
2 0.6626374857500421 0.27337580826174684 0.03874542574646931 0.06269998789975162
2 0.6305626770838517 0.31885647990471977 0.0448861651028075 0.06117384933607006
2 0.6517985387162492 0.3390371696980653 0.04677644703379293 0.06587043969514968
2 0.6491380784409045 0.38825137451852554 0.03496486188449914 0.0533068071815924
2 0.6411891846254203 0.4460866004162246 0.041761165102807675 0.061155668617910844
2 0.6226741314071116 0.45400363954564016 0.03808986188449896 0.05332498789975162
2 0.6300224556606423 0.5164354618525431 0.04030792574646931 0.06270907825883114
2 0.6120429979831876 0.5837002299047198 0.020935212873234833 0.03135908430895533
2 0.6088576498444436 0.5064064768796577 0.025731973516896288 0.032948855386194256
2 0.6378842321437458 0.5491888745185255 0.024387994804219916 0.03606476502711473
2 0.6111635589951664 0.6297803443661004 0.01893567029858776 0.02509999394987581
2 0.6097978009493948 0.6493115943661003 0.02082595222957302 0.02979658430895533
2 0.6071755455015131 0.6868115943661003 0.020935212873234833 0.03135908430895533
4 0.5918126254550269 0.6384831786750558 0.03430929802252862 0.04393180718159222
2 0.32609297041480334 0.09415750351604144 0.03808986188449896 0.0533249878997516
2 0.3405161033345242 0.11125409992524524 0.033293101240837245 0.05173521682251274
2 0.347143161748613 0.13932910295030737 0.0346370799535138 0.04861930718159235
2 0.3563489169443931 0.17519842525721022 0.03619957995351379 0.04862839754067196
2 0.36531972535848184 0.20325979274365288 0.03430929802252862 0.0439318071815924
2 0.371039847634541 0.22196888612779464 0.030856516091543364 0.039226126463433174
2 0.3737606560486298 0.2500666150505558 0.031184298022528624 0.04391362646343309
2 0.3815349512211668 0.26173536807561787 0.031293558666190255 0.04547612646343309
2 0.38988840060074814 0.28745753074160035 0.02951253737886681 0.04234203610435348
2 0.39728028352046907 0.30459503376666247 0.031184298022528624 0.04391362646343318
2 0.4035085041873739 0.32720583197126435 0.028966234160558147 0.03452953610435348
2 0.40564480455569096 0.3748302657144857 0.03296531930985207 0.0470477168225127
2 0.41836332584301444 0.37163254284184877 0.030058840597175517 0.05015453610435348
2 0.4232639932916106 0.4020603862259905 0.030965776735204998 0.040788626463433175
2 0.4312186049240081 0.4223183440715127 0.03107503737886681 0.04235112646343318
2 0.44097066333809687 0.4503751663784157 0.02260697351689629 0.03293067466803503
2 0.44754309143035476 0.4792314194034778 0.025841234160558103 0.03451135538619425
2 0.45836597694796577 0.514310401351301 0.02951253737886681 0.04234203610435365
2 0.28913391979438463 0.12014328659533283 0.0346370799535138 0.04861930718159235
2 0.3011204675648117 0.14974897336361628 0.03630884059717552 0.050190897540672005
2 0.35060737931342467 0.2908097897185907 0.03318384059717552 0.050172716822512696
2 0.36003165579652824 0.3235541120254936 0.03263753737886681 0.042360216822512696
2 0.39430311296977977 0.4030098078689634 0.03296531930985207 0.0470477168225127
2 0.3989852591310524 0.4365626512531051 0.031184298022528534 0.04391362646343318
2 0.4102287617289425 0.4544586783804682 0.022716234160558103 0.03449317466803485
2 0.4139329159359869 0.4684939073032293 0.02616901609154354 0.039198855386194255
2 0.4202157669247226 0.49032345550783124 0.025950494804219914 0.03607385538619425
2 0.4257719982352892 0.511376298891973 0.023950952229573018 0.02981476502711473
1 0.5146045413141392 0.35779678093799205 0.03696440445914586 0.05956589754067192
1 0.5255966716359701 0.35695189842443475 0.03383940445914604 0.0595477168225127
1 0.536151759383154 0.36235701591087743 0.03929172896477802 0.07051248789975162
1 0.5342396981190737 0.38970076591087743 0.02795003737886681 0.04233294574527395
1 0.4841090221205027 0.5258746152469476 0.02827781930985207 0.047020445745273774
1 0.5526787056606424 0.5168854346269841 0.028387079953513705 0.048582945745273776
4 0.42260307559091287 0.445015500687371 0.022934755447881726 0.037618174668035034
4 0.41526582299302284 0.427096747662309 0.02460651609154336 0.03918976502711473
1 0.40538844241909044 0.5013427687395478 0.033620883171822415 0.056422716822512695
1 0.19517184428034634 0.42525348829253506 0.03227690445914595 0.05953862646343318
1 0.18710261816555984 0.4401381449083933 0.03529264381548418 0.057994307181592396
4 0.1954999901895175 0.532239286497137 0.04521394703379285 0.06586134933607006
4 0.21836940763811366 0.562562590751863 0.025043558666190346 0.045439765027114734
4 0.2299024873395259 0.5874853226996863 0.03496486188449897 0.05330680718159222
4 0.29048507223671827 0.6480455727978822 0.026496798022528623 0.04388635538619425
4 0.2777172744662912 0.6184444312091385 0.024497255447881637 0.037627265027114734
4 0.26276426382262946 0.620093289620395 0.02460651609154336 0.03918976502711473
2 0.2576122240979741 0.5709245365953328 0.023950952229573018 0.02981476502711473
2 0.20237270306275218 0.500962015419898 0.02573197351689647 0.032948855386194256
2 0.2238981417986718 0.5281694100337038 0.024169473516896467 0.03293976502711473
2 0.3035695802824899 0.6284461451047851 0.019372712873234655 0.03134999394987581
2 0.31145313609868863 0.6385523981298471 0.024387994804219916 0.03606476502711473
2 0.3321973248346083 0.6657643379231928 0.024387994804219916 0.03606476502711473
2 0.3321209151796823 0.6891927475641131 0.02082595222957302 0.02979658430895533
2 0.3448722874557414 0.7078609343323965 0.017810212873234654 0.03134090359079629
2 0.3532692955015131 0.6882887777165383 0.02773151609154336 0.039207945745273774
1 0.3099770254746974 0.32462625351604146 0.04775979282674854 0.07993293969514967