2 0.1893742204148033 0.1006578826931599 0.07203852698730664 0.11555357123840286
2 0.17101734034507396 0.02745611882545153 0.05796531930985207 0.04814786569131949
4 0.2238145584140888 0.03338011692559047 0.06799588317182244 0.05774107123840283
4 0.264636664346503 0.1657938798433683 0.06248856436617345 0.15745013050895834
4 0.19960189020918798 0.22296929378732658 0.050239936642232676 0.1384455573706945
4 0.20648567473806317 0.23643238174322936 0.05838021857321787 0.1433148953265973
4 0.21969623290005041 0.3384676604285766 0.04230746832111636 0.06962282218833345
4 0.1933140493599109 0.34646134517409743 0.03914961733238061 0.09138871941479162
2 0.2431990708993359 0.2709353215227433 0.05343063861970414 0.09484102773541672
0 0.5008587515894838 0.32388370924989623 0.04808757475773362 0.08535692496187508
1 0.7040773146951496 0.539894488219584 0.02391810124083733 0.05203527868534721
1 0.6834152534310693 0.5668018271254173 0.02326253737886681 0.042660278685347205
0 0.41005806101197884 0.055712977867257284 0.061133877976042326 0.0934603656913195
1 0.4418665278204859 0.4289335787409379 0.03104218639013112 0.06468074905006951
1 0.3637036869712088 0.5507527209334031 0.02882412252816078 0.05526938145888884
1 0.3857043731092384 0.5606550510055212 0.023699579953513794 0.04891027868534721
4 0.34532502756838435 0.5002435746568754 0.03140281930985207 0.047529616641250175
4 0.28712975133738233 0.39246613582729195 0.04435056956195362 0.12114895459715277
1 0.400727347634541 0.23391071304961839 0.05612930372251181 0.15574216014423614