2 0.15546875 0.86953125 0.053125 0.109375
2 0.1234375 0.959375 0.046875 0.08125
4 0.24140625 0.815625 0.03515625 0.15390625
4 0.18671875 0.75078125 0.02734375 0.13515625
4 0.19609375 0.73828125 0.034375 0.1390625
4 0.2265625 0.6390625 0.03046875 0.06640625
4 0.20234375 0.628125 0.02421875 0.0890625
4 0.23828125 0.70859375 0.0375 0.090625
4 0.375 0.50390625 0.02421875 0.07421875
4 0.303125 0.59453125 0.02421875 0.11796875
1 0.35859375 0.640625 0.0265625 0.0890625
1 0.34609375 0.68515625 0.0296875 0.1015625
1 0.8578125 0.78671875 0.03125 0.1015625
1 0.89921875 0.84296875 0.0328125 0.096875
4 0.26015625 0.58515625 0.03046875 0.09375
1 0.3984375 0.515625 0.01953125 0.08203125