4 0.26820873014589586 0.6104614289036538 0.03663101282028158 0.05064035009228505
4 0.2857237158778722 0.6163912538575114 0.03372433664159917 0.05512759099298634
1 0.3446213728261323 0.5350423218715384 0.038411836641599174 0.0554279796419344
1 0.3666611927185085 0.5540030729512726 0.034922963606069855 0.047415220542635694
1 0.3868838014860141 0.5675952035806562 0.038630160462916764 0.0601154796419344
1 0.41048612137839025 0.5864558251107409 0.032380160462916766 0.05971496144333699
1 0.3983071449520388 0.4932064728589876 0.025693512820281584 0.049939443244739756
1 0.4176757291124386 0.5052861682631957 0.028818512820281583 0.05013970234403846
1 0.9738273374656593 0.6357656963362841 0.038557385855811074 0.0585529796419344
1 0.9874691136252058 0.699858474713914 0.025061772749588228 0.05003957279438911
1 0.9612354079772082 0.9037740191306731 0.02896406203449331 0.05326470234403828
1 0.10961498014589588 0.6206245781930599 0.037684090570540583 0.0398029796419344
1 0.13748742307380132 0.6470473758490215 0.03663101282028158 0.05064035009228505
1 0.15396860173368312 0.681252395127353 0.038193512820281585 0.0507404796419344
1 0.18454866769711784 0.7153374984588405 0.0481507096771284 0.06384125693983034
1 0.2153812907326471 0.7211974722406788 0.03931936517764643 0.04146560919158375
1 0.2516484305173994 0.7596196221483936 0.05134848428423435 0.06560401603912887
1 0.28638945760570467 0.798923151605758 0.029726041356328815 0.03617733189368781
1 0.3292683163732103 0.8110634037652262 0.039537688998963996 0.046153109191583754
1 0.36455515301480945 0.8620856832225904 0.04964043507002262 0.06237888648947987
1 0.3948077332462677 0.8891395365540781 0.0463698858558109 0.05905362739018116
1 0.42909499606654933 0.9355243807862671 0.057525709677128486 0.06444203423772592
1 0.42596137985544563 0.8009491216869684 0.03684933664159917 0.055327850092285046
1 0.07118602687890824 0.586258872609819 0.050766287427387445 0.053104016039128864
1 0.047637210915473516 0.5517231863049095 0.04593323821317572 0.04967862739018099
1 0.15749805438149822 0.4710262939553337 0.052547111248704995 0.05789164558877822
1 0.42481398697032147 0.4734854557401246 0.033797111248705033 0.056690090992986344
1 0.17212563461295657 0.4990814427833145 0.039756012820281586 0.05084060919158375
1 0.194529327540862 0.5258546938630486 0.038630160462916716 0.0601154796419344
4 0.3008200229499668 0.5872148935861935 0.034160984284234266 0.06450259099298634
4 0.2320871395753553 0.5751642789959389 0.03343323821317572 0.048877590992986344