4 0.2387227806821175 0.6434771483712358 0.030778527735416717 0.04791171034428636
4 0.25578299411298555 0.6483456976455966 0.027726262917777866 0.050927582939624474
1 0.3124161602411454 0.5628422180640166 0.032450130508958355 0.05265377404661713
1 0.33465418294256893 0.5800197943802191 0.030705792553055566 0.044786710344286364
1 0.3554569922131245 0.5917831843987527 0.030996733282499987 0.05728671034428636
1 0.38003876491454813 0.608878915161459 0.02474673328249999 0.05706845553496294
1 0.4176108468865272 0.638010854454353 0.021403527735416716 0.04758432813030104
1 0.48054595155993 0.6842112426587879 0.022966027735416717 0.047638891832631994
1 0.08052842097472165 0.6653943323066523 0.03361258700597225 0.035520837748947896
1 0.10963403951583275 0.689357621962366 0.030778527735416717 0.04791171034428636
1 0.1268208863054508 0.7223238893855612 0.032341027735416715 0.04796627404661713
1 0.1588696668906591 0.7539905516366133 0.04197060087368061 0.05923115626060227
1 0.18922931411711744 0.7576140594411616 0.03364895459715278 0.0370833377489479
1 0.22665592572437432 0.7929959987340556 0.043569468464861136 0.060848219962933214
1 0.2632649197404507 0.829967719878115 0.02576371941479172 0.0336855192372937
1 0.30599728039777707 0.8386234680640164 0.03379442496187508 0.04333333774894825
1 0.3439142012755895 0.8864781255057451 0.04193423328249999 0.057668656260602094
1 0.3745641360211104 0.911168101459128 0.04029899810013902 0.05448909255827132
1 0.4110094758768742 0.9551710726031875 0.05130923328249999 0.05799603847458741
1 0.40319958871840206 0.8211780185195036 0.030887630508958354 0.05259921034428609
1 0.04064895659392308 0.6347817385672546 0.04480466014423614 0.04684028366526398
1 0.018608069244826143 0.6029786670603755 0.03721613848965229 0.04387897477225664
1 0.12311857731923567 0.512467739748381 0.048038762917777825 0.0516369110699257
1 0.4483335168144092 0.6595758304077359 0.02776263050895835 0.05249008293962447
1 0.13887021067798563 0.540019820873907 0.033903527735416716 0.0480208377489479
1 0.16248889542350647 0.5649553334877787 0.030996733282500032 0.05728671034428636
4 0.27055466214100643 0.6173858743246188 0.027980836056041715 0.06186508293962447
4 0.2012234338924995 0.6112202090783418 0.027617160144236142 0.04624008293962447
1 0.9276391571070132 0.6592310237921631 0.02292966014423641 0.04607639183263199
1 0.8859250890027426 0.6068252756062616 0.025727351823611144 0.0321230192372937
1 0.9153917706141312 0.7494294378573136 0.048075130508958355 0.05319941106992569