2 0.03598658680416332 0.7999588962359476 0.07197317360832664 0.1201161818249421
2 0.005438281878084092 0.8847132396198767 0.010876563756168184 0.08998301285158128
4 0.1281275787590777 0.7578576264642842 0.07381962152108806 0.16029551285158128
4 0.09115347936790083 0.6861709688596299 0.06122402667183913 0.13953734387822045
4 0.10370127679252532 0.675537216388172 0.0694191639447427 0.14454317885919252
4 0.1581014764929629 0.5814397065023403 0.0479270590935541 0.07203150889724856
4 0.13750193406930827 0.5667060444490618 0.046587699700437565 0.0937791749048598
4 0.1523619173994088 0.6517522065023403 0.06090529121570665 0.09747717787060921
4 0.3372146337697458 0.4666875039171517 0.043749742124092175 0.07809050790866542
4 0.2442461416456536 0.5467835222059404 0.053571023337859194 0.12209517589344294
1 0.30891441952544074 0.5176743423581647 0.0376272878817268 0.07939833992388774
1 0.2171421523964993 0.7261991081754955 0.06744207576345351 0.15847834486680376
1 0.16996439239455965 0.7795124505708413 0.06798420970237729 0.14604201186299798
1 0.7760395649641161 0.919112236579765 0.05596269970043757 0.0941611768820259