4 0.21098890381889907 0.5621527674219321 0.041525026785361185 0.05464087842423861
4 0.22643662581572183 0.5711250257203019 0.03845457386326192 0.057529080083912554
1 0.30259575122111126 0.4990356155524768 0.04473184740221221 0.05956517676456467
1 0.319360511367381 0.5219519746806834 0.039907979707460586 0.05139747925407558
1 0.3362343656694521 0.5386183338088901 0.04478639448011297 0.06269017676456468
1 0.3545616258157218 0.5614162937669339 0.038536394480112965 0.06221658008391255
1 0.38199115057248817 0.5991288587039995 0.032095479707460586 0.05080548340326061
1 0.4293104354755243 0.6595209844289457 0.033685253246410876 0.05248638257342364
1 0.05522982752000516 0.5458676844382345 0.04133411201270885 0.04370337842423862
1 0.0765457199715232 0.5762413460559521 0.041525026785361206 0.05464087842423861
1 0.08370365503671504 0.6131493502051371 0.04308752678536123 0.05475927759440165
1 0.10565079302400619 0.6520575622377732 0.05424321509696393 0.06808807178554269
1 0.13433885471240345 0.6623671775897573 0.041388659090609535 0.04682837842423861
1 0.15931553531336845 0.7065073412820674 0.05742276217486464 0.07144987012586893
1 0.18427857914485823 0.7514287549743776 0.0319045649348082 0.03986798340326061
1 0.22295924959955346 0.7703437757203019 0.04303297970746058 0.051634277594401645
1 0.24537399188891573 0.8271615381678565 0.05424321509696393 0.06808807178554269
1 0.2674574975709586 0.8582572502004926 0.05103639448011297 0.06316377344521698
1 0.28995406047717187 0.9103875126480473 0.06364548863591431 0.07036096680652086
1 0.3188211745184756 0.7763434767552759 0.04314207386326192 0.05788427759440147
1 0.026659250001647643 0.505929768671332 0.053318500003295285 0.05871307178554268
1 0.018015794238526894 0.46709241161771764 0.03603158847705379 0.05644017676456468
1 0.1372628518697344 0.4054543267599202 0.057286394480112926 0.06363737012586879
1 0.4056780665629566 0.6277624215664727 0.04001707386326192 0.05764747925407576
1 0.1445298810907276 0.4361123309091052 0.04465002678536121 0.054877676764564676
1 0.1603906603117208 0.46611913962239343 0.04478639448011292 0.06269017676456468
4 0.24876163920840244 0.5436861873380195 0.041715941558013635 0.06557837842423861
4 0.18439517614003337 0.521256002899785 0.038345479707460536 0.051279080083912555
1 0.8593507171321495 0.7408461138788696 0.03363070616851047 0.049361382573423464
1 0.8338927954596382 0.679577649771641 0.03187729139585756 0.03830548340326061
1 0.8235165827983062 0.8270446456224562 0.05887616801906326 0.06531826929603177