2 0.8356654467280518 0.8630266207343997 0.030064184790691683 0.08826141762490743
2 0.8104306833821788 0.801727535767409 0.0302896778706093 0.05558561866166656
2 0.7863127510629453 0.7293542497636588 0.020469008897248564 0.04382791244111104
2 0.8026845089716106 0.7655555899144459 0.02053267589344294 0.04539041244111104
2 0.879175366195704 0.8725485922235201 0.030480678859192523 0.060273118661666555
2 0.8629017673745676 0.8002730510359738 0.02085101087441501 0.05320291244111104
4 0.8293279220134725 0.745975821771159 0.02655718281352506 0.0786130155513888
2 0.7476402288198238 0.6268929225723625 0.019479511862997966 0.057753711404351905
2 0.7617319037246836 0.6648618142782885 0.029172846843970035 0.06638641762490742
2 0.7688958049035473 0.5905357575393533 0.0211693458553869 0.06101541244111104
2 0.7261207144853679 0.5605645850134735 0.028854511862998145 0.05857391762490742
2 0.739850292051966 0.5319221751642607 0.029109179847775658 0.06482391762490743
2 0.7231283656642313 0.4871270850134735 0.02085101087441501 0.05320291244111104
2 0.699838104295525 0.4350662990097236 0.02423067885919252 0.05972631451462966
2 0.6802113538012333 0.4344313119692142 0.023848676882026253 0.050351314514629666
2 0.6690709239534577 0.37268316767139015 0.022731845855386724 0.06115211347787035
2 0.6337754111018764 0.31461638944333453 0.01214717292769336 0.030644407257314744
2 0.6525200939154016 0.389811879075742 0.01683467292769336 0.031054510367592592
2 0.6676702500371811 0.3383081676713901 0.013900673916276673 0.035468608294074055
2 0.6194927352084334 0.27195999773740853 0.01189250494291585 0.024394407257314833
2 0.6132599812541008 0.253688451366066 0.013646005931499162 0.029218608294074057
2 0.6000768903416297 0.21877620914176038 0.01214717292769336 0.030644407257314744
4 0.5990847347141418 0.2713933612152789 0.021967841901054184 0.04240211347787035
2 0.5045427807204405 0.8951322405273621 0.023912343878220454 0.05191381451462966
2 0.5122770262718163 0.8732866348251861 0.019224843878220453 0.05150371140435191
2 0.51109918684222 0.8443803848251861 0.022158842889637497 0.04708961347787053
2 0.5095393454354574 0.806099134825186 0.02365767589344294 0.04566381451462966
2 0.509892172507764 0.7762749337884268 0.021904174904859807 0.04083961347787035
2 0.5106270015572368 0.7558257327516676 0.020150673916276673 0.03601541244111104
2 0.5047934956257378 0.7281108358619454 0.018842841901054185 0.042128711404351905
2 0.5089079926599883 0.7136382327516676 0.018970175893442943 0.0452537114043519
2 0.5093244867284892 0.6853765317149083 0.018779174904859808 0.040566211404351904
2 0.5116854827741565 0.6663531296413898 0.018842841901054185 0.042128711404351905
2 0.5106986443331435 0.6421343796413899 0.01995967292769336 0.031327912441111036
2 0.4994136344473118 0.5960795858619454 0.018970175893442943 0.0452537114043519
2 0.5118818009492145 0.5942047275678713 0.016036176882026253 0.04966780933083328
2 0.5074834610253267 0.5632281296413899 0.02027800790866543 0.039140412441111036
2 0.509685289580508 0.5402984775678712 0.02034167490485981 0.04070291244111104
2 0.5108193666528147 0.5104059260127324 0.013773339923887917 0.03234360829407414
2 0.509577860227024 0.47993717601273234 0.015399506920082118 0.03404280933083328
2 0.5096123523183586 0.44230047497597313 0.017216674904859806 0.04042951036759259
2 0.46181411125278815 0.8855419185198621 0.02215884288963732 0.04708961347787053
2 0.46516460433270596 0.8523193154095843 0.02372134288963732 0.04722631451462931
2 0.47142523870565556 0.6981007071155101 0.0190975098858317 0.048378711404351904
2 0.4707739812912818 0.6628761065971305 0.02034167490485981 0.04070291244111104
2 0.4812711295043958 0.5741457972662971 0.018970175893442943 0.0452537114043519
2 0.47596420558811925 0.5401125498581953 0.018842841901054185 0.042128711404351905
2 0.4805734511394949 0.5185403462295379 0.013837006920082117 0.033906108294074144
2 0.4807498646756482 0.5036282457111583 0.015526840912470873 0.03716780933083328
2 0.4798266932308296 0.48097199571115834 0.017025673916276674 0.03574201036759259
2 0.4796847717860109 0.4582473951927787 0.015144838935304605 0.02779280933083328
1 0.6302099896942387 0.6889130518844456 0.011667011862997966 0.05707020622055552
1 0.6442406561961416 0.6869014925536122 0.01648184585538672 0.06060530933083328
1 0.65664515570185 0.6834641342595382 0.019988847832553346 0.07025371140435191
1 0.6331957268426576 0.6274970982557881 0.017216674904859806 0.04042951036759259
4 0.5312008508354837 0.43335541046134357 0.01590884288963732 0.04654280933083328
1 0.6179023547898165 0.4445868534395845 0.014473676882026077 0.049531108294073964
4 0.4953217006452034 0.514897936380325 0.012401840912470874 0.03689440725731465
4 0.4933427065767024 0.5432963384538436 0.01402800790866543 0.03859360829407414
1 0.4707262658545119 0.43080590037657496 0.0159725098858317 0.048105309330833276
1 0.31737045558811927 0.5539877050892599 0.016481845855386902 0.06060530933083328
1 0.30405737209002204 0.5543684139017134 0.013293178859192522 0.05876940725731465
4 0.257598866158523 0.530207743967732 0.02598417984777566 0.0645505155513888
4 0.2709464417479548 0.492190334118519 0.012720175893442941 0.04470690725731483
4 0.27526918581645576 0.4635868804898616 0.01928851087441492 0.0530662114043519
4 0.3143051695048334 0.38255220249736166 0.012656508897248564 0.04314440725731483
4 0.31095467642491564 0.41577480560763946 0.013964340912471052 0.0370311082940741
4 0.2962064269192072 0.41941721545685234 0.01246550790866543 0.038456907257314654
2 0.30527502079742774 0.4688020607914357 0.015208505931498983 0.02935530933083328
2 0.27358862209002205 0.557034084118519 0.016834672927693452 0.031054510367592592
2 0.2855010316718426 0.5222783753060654 0.01527217292769345 0.03091780933083328
2 0.33206567247058294 0.3951109910930099 0.010648339923887829 0.03207020622055552
2 0.337056919999125 0.3829137874643525 0.015463173916276673 0.03560530933083328
2 0.34821991307904276 0.3490076791702784 0.013900673916276585 0.035468608294074055
2 0.34179615813612685 0.3260486327989358 0.013646005931498983 0.029218608294074057
2 0.34793607018940537 0.30355847813351916 0.00908583992388783 0.0319335051837963
2 0.36188582364944655 0.3188027693210655 0.01708934091247105 0.037304510367592594