2 0.6584262654394062 0.008169349772538529 0.04810253087881229 0.016338699545077058
2 0.657400974531464 0.03969794509645277 0.04235263605166182 0.061030341901054184
2 0.6604099657559753 0.11622861159835556 0.02944345909205772 0.04645850593149906
2 0.6631568810370969 0.07622569410786958 0.03105142319868044 0.04808467292769345
2 0.7060741552519918 0.023070802339136675 0.03279577962517113 0.04614160467827335
4 0.6938529515702104 0.08279668768207896 0.04446070533113407 0.07984400889724859
2 0.6620754173261856 0.22722977859454999 0.031369671945039104 0.059022172927693385
2 0.661674600553996 0.18657294509645278 0.044187920691397944 0.07046900889724857
2 0.6941210391920827 0.2533001886706622 0.03463106426490725 0.06383700692008229
2 0.6657065341775177 0.2982598615983556 0.04083560015828454 0.0625291749048598
2 0.6889765496169239 0.3184304401535369 0.042534492478152684 0.06728034190105418
2 0.6896274189755383 0.3676810236516341 0.03279577962517113 0.05439833992388783
2 0.6865993588672662 0.42490327464021727 0.037710600158284535 0.06240184091247105
2 0.6688579294003796 0.4334479450964528 0.035920779625171304 0.054525673916276676
2 0.6808554757185982 0.4963153596211892 0.03619356426490725 0.06390067391627667
2 0.6687479323033735 0.5640758625869388 0.019659282132453625 0.032014003954332716
2 0.6594662090255508 0.4870186140698135 0.02439224623907634 0.033767504942915846
2 0.6919664719576745 0.5287140241459257 0.0229206744523216 0.03682883794672147
2 0.6716516234487425 0.6101059455907444 0.017914925705962936 0.025700336958138337
2 0.672219924781526 0.6296371955907444 0.01961381802583091 0.030451503954332715
2 0.6725298133404705 0.6671690290888416 0.018096782132453627 0.031950336958138335
4 0.653128943981856 0.618682449545077 0.032522994985435004 0.04502333992388792
2 0.34333011434404953 0.07908934482962265 0.03435827962517113 0.054462006920082226
2 0.3586967015702104 0.09645325836577594 0.029625315518548502 0.052708505931499026
2 0.36730482343610726 0.12347867338480398 0.032659387305303156 0.04971083992388783
2 0.3793107299417403 0.15975175441144324 0.03422188730530316 0.04977450692008221
2 0.39106658386094856 0.1874310854380825 0.030960494985435006 0.04495967292769345
2 0.39864340314042074 0.2058945839552077 0.029216138558944317 0.03864600593149907
2 0.403368007059629 0.23386041646472178 0.027835494985435007 0.044832338935304604
2 0.4115442199126105 0.24604208148374979 0.02944345909205772 0.04645850593149907
2 0.4224506276718847 0.27140949600848624 0.027790030878812287 0.0432698389353046
2 0.4307632328447342 0.28827866102751426 0.027835494985435007 0.044832338935304604
2 0.4392349623907631 0.31061657604654236 0.025954746239076343 0.03383117193911023
2 0.44533184969606615 0.35886307505795917 0.02948892319868044 0.04802100593149907
2 0.4577409214828208 0.355228739088404 0.02801735141192587 0.0510823389353046
2 0.4648774715619631 0.3854428211036265 0.02930706677218975 0.04177100593149907
2 0.4748662370013692 0.4061545691264602 0.02935253087881229 0.043333505931499115
2 0.48659935886726624 0.43305265015309935 0.021267246239076342 0.03364017095052709
2 0.4960569268930971 0.46238998167403017 0.02287521034569906 0.03526633794672165
2 0.5095798692921074 0.4970368957044752 0.027790030878812468 0.0432698389353046
2 0.3081200400500125 0.10555368574209364 0.032659387305303156 0.04971083992388783
2 0.32228784012915473 0.13548126627444135 0.03426735141192587 0.05133700692008221
2 0.38345632383181866 0.27534492091334606 0.029579851411925873 0.05114600593149898
2 0.39534857007089497 0.30771175193998535 0.02935253087881238 0.04333350593149898
2 0.43597122156196305 0.3866206605332227 0.02948892319868044 0.04802100593149898
2 0.44397994985435074 0.41992790905034794 0.027835494985435007 0.04483233893530465
2 0.4562442691338228 0.43820040657889 0.021312710345699058 0.03520267095052709
2 0.461340946093427 0.45207190559030686 0.024574102665567032 0.04001750494291585
2 0.4690086935861446 0.47366040410743204 0.024483174452321777 0.03689250494291585
2 0.47665370902555076 0.4944676526245573 0.02117631802583091 0.030515170950527092
1 0.5048048234361072 0.11787597771969753 0.033477741224511345 0.07783583992388783
1 0.5165008413827958 0.11661722524823959 0.03141513605166182 0.06058467292769345
1 0.5361230195960414 0.11894638779580968 0.03642088479802066 0.0717131739162766
1 0.5382598326073074 0.1923838877958097 0.02792642319868044 0.04795733893530465
4 0.5302644423325034 0.4821148912558508 0.026363923198680438 0.047893671939110226
1 0.6044317165473981 0.4235582919404228 0.024846887305303156 0.049392504942915846
4 0.4710425550272002 0.43603307011504333 0.021403638558944317 0.038327670950527096
4 0.45855091521461466 0.40994807258650123 0.02301160266556703 0.03995383794672147
1 0.47255724241164554 0.5149711536131405 0.026409387305303157 0.04945617193911023
1 0.3276395475053528 0.5075791007611217 0.029898100158284535 0.06208350593149916
1 0.31739236929210746 0.5048679362363853 0.02668217194503919 0.05883117193911023
4 0.24742085009177756 0.5194517010651329 0.0409719924781526 0.0672166749048598
4 0.2733301322242312 0.5496830291260226 0.023193459092057722 0.04620383794672147
4 0.2865348258768828 0.5733924431564674 0.03123327962517113 0.05433467292769336
4 0.35241589014179 0.6332820963124974 0.023147994985435093 0.04464133794672147
4 0.336708322115959 0.6041994327763441 0.022966138558944315 0.03839133794672147
4 0.32191003622258174 0.6063667692401908 0.021449102665567033 0.03989017095052709
2 0.31264268481065594 0.5566851042211628 0.02117631802583091 0.030515170950527092
2 0.25198031795932396 0.48797886657845246 0.022829746239076344 0.03370383794672147
2 0.2754549218785322 0.5151806951336338 0.022829746239076344 0.03370383794672147
2 0.36358907086231784 0.6140545938410394 0.018096782132453627 0.031950336958138335
2 0.3724556055020539 0.6230794253619704 0.02292067445232169 0.03682883794672147
2 0.39514895942126216 0.6503130874152488 0.0229206744523216 0.03682883794672147
2 0.39741615307391376 0.6744681704190545 0.01961381802583091 0.030451503954332715
2 0.4112429723533859 0.692677000951402 0.016534282132453625 0.03188666996194378
2 0.41768318896729106 0.6720779994685273 0.024574102665567032 0.04001750494291585
1 0.5173191953020042 0.1447422252482396 0.025074207838416386 0.057205004942915846