2 0.62921225259789 0.005649186236385247 0.054075494804219915 0.011298372472770494
2 0.6279339758626848 0.03284045003936864 0.047901904459146036 0.06115767589344297
2 0.6280489543232599 0.10918011555268828 0.03441855866619044 0.04658583992388783
2 0.6323976007366341 0.06927269855649389 0.03452781930985207 0.048148339923887826
2 0.6777918642302876 0.018892638308691808 0.03652736188449914 0.037785276617383616
4 0.6632105581619873 0.07424935863260604 0.050775532183086725 0.07997134288963736
2 0.6241976986232768 0.21995844806220227 0.03685514381548423 0.05914950692008221
2 0.6254759753584819 0.17939711505839667 0.04855746832111638 0.07053267589344299
2 0.655262028324689 0.2436214411421201 0.04030792574646931 0.06396434091247105
2 0.6246950893366677 0.2908293635755219 0.04644866510280767 0.06265650889724857
2 0.6467122009690652 0.31018685863260603 0.04844820767745457 0.06897017589344294
2 0.6456688710155515 0.3585288581383145 0.03652736188449897 0.054462006920082205
2 0.6392824772000673 0.41643685863260604 0.043323665102807676 0.0625291749048598
2 0.6214940436599277 0.42573094559074437 0.039652361884498964 0.05458934091247105
2 0.6312407482352892 0.4868766926249949 0.041870425746469306 0.06402800790866543
2 0.6154957799141728 0.5560723615983556 0.022497712873234654 0.03207767095052709
2 0.6091854317754287 0.4792061140698135 0.02573197351689647 0.033767504942915846
2 0.6398837747183928 0.5192435236516341 0.025950494804219914 0.03689250494291585
2 0.6162334712479824 0.6012256941078696 0.01893567029858776 0.025700336958138337
2 0.6156489632022109 0.6207251106097724 0.02238845222957302 0.030515170950527092
2 0.6145892077543292 0.658161443613578 0.020935212873234833 0.032014003954332716
4 0.5968279073860121 0.6113646980622024 0.03587179802252862 0.04508700692008212
2 0.3123746778401563 0.08932384927824695 0.039652361884498964 0.05458934091247101
2 0.32685244108170813 0.10509342931630303 0.03485560124083724 0.05283583992388783
2 0.3343153798176278 0.1320551773391367 0.03619957995351371 0.04977450692008221
2 0.3450836350134079 0.16745150787148436 0.03776207995351379 0.04983817391627658
2 0.3548903237493275 0.19431775540002644 0.03430929802252862 0.04502333992388783
2 0.3613916960253867 0.21274942041905445 0.032419016091543365 0.04027217292769345
2 0.3648937544394754 0.24065158593237407 0.031184298022528624 0.044896005931499075
2 0.37344929961201245 0.2519883339552077 0.032856058666190256 0.04652217292769345
2 0.3826386293134247 0.276542664981847 0.03107503737886681 0.04333350593149898
2 0.39086639255497646 0.29256691300468063 0.031184298022528624 0.044896005931498985
2 0.39787586322188134 0.31487299452561146 0.028966234160558102 0.0354573389353046
2 0.40152003326836755 0.3630239930427367 0.03452781930985207 0.048148339923887826
2 0.4135665651993527 0.3578589905712788 0.031621340597175515 0.051146005931499074
2 0.41924848264794895 0.38800940559030683 0.032528276735204996 0.04183467292769336
2 0.4287655942803463 0.4078762366169461 0.03263753737886681 0.043397172927693364
2 0.439353533016266 0.434710650647391 0.022606973516896466 0.03364017095052709
2 0.44670721110852385 0.46323489867022455 0.025841234160558103 0.03533000494291585
2 0.4591472269479658 0.49700506220637786 0.03107503737886681 0.043333505931499164
2 0.27536099689790683 0.11731885669262074 0.03619957995351379 0.049774506920082215
2 0.28891004466833387 0.14636968673067682 0.03787134059717552 0.05140067391627658
2 0.3433029777042703 0.28204058988670677 0.03474634059717552 0.05127333992388783
2 0.35428975418737385 0.3143119204190544 0.032746798022528625 0.04495967292769345
2 0.39101422200428715 0.3907179115218059 0.03452781930985207 0.048148339923887826
2 0.3972588681655599 0.42396149304273667 0.031184298022528624 0.04489600593149916
2 0.4085023707634499 0.44142090707318166 0.0242787341605581 0.03526633794672165
2 0.4129877749704943 0.4552605725865012 0.02773151609154336 0.040081171939110226
2 0.4193252562810609 0.47603598760552923 0.027512994804219915 0.03695617193911023
2 0.4264439875916274 0.4967795691264601 0.023950952229573018 0.03057883794672147
1 0.4723616830359364 0.11863998167403023 0.03961951089576328 0.07640067391627663
1 0.48335381335776734 0.1174130627006695 0.03540190445914586 0.06064833992388783
1 0.5035570527141056 0.1181478917501424 0.042416728964778015 0.07184050790866539
1 0.501546802462004 0.1914580577577536 0.031512079953513704 0.04958350593149907
4 0.4804977030627522 0.48133364125585076 0.02984031930985207 0.04795733893530461
1 0.5573058575218981 0.4189981259328116 0.029949579953513706 0.04951983893530465
4 0.42351001172894254 0.4384723206093349 0.024497255447881727 0.03839133794672147
4 0.4120315623493611 0.41323224007698717 0.026169016091543363 0.04001750494291585
1 0.4211173492240249 0.517251236616946 0.029949579953513706 0.04951983893530461
1 0.276968511476841 0.5176716837649273 0.035511165102807676 0.062210839923887915
1 0.2670307827641644 0.5149605192401909 0.032167643815484225 0.058958505931499164
4 0.19562567632754707 0.5334505340689384 0.04688570767745461 0.06890650889724874
4 0.22089347409797408 0.5620238616355366 0.026606058666190258 0.04626750494291585
4 0.23326243412121722 0.5856696086697871 0.03652736188449897 0.054462006920082115
4 0.2955714099839022 0.6415575113315255 0.026496798022528623 0.04470500494291585
4 0.28118648189164425 0.6133197647915665 0.02605975544788164 0.03845500494291585
4 0.2661788409261517 0.6162683512554132 0.02460651609154336 0.03995383794672147
2 0.2594643012014963 0.5674634367306768 0.023950952229573018 0.03057883794672147
2 0.20249838920078175 0.5020095330803553 0.025731973516896444 0.033767504942915846
2 0.2240784582585323 0.5276170281374395 0.02573197351689647 0.033767504942915846
2 0.3078746680296739 0.6215805923581648 0.020935212873234653 0.032014003954332716
2 0.31659410416770345 0.6305735903809984 0.025950494804219914 0.03689250494291585
2 0.33817417322545396 0.6561810854380825 0.025950494804219914 0.03689250494291585
2 0.338824383248697 0.680304334943791 0.02238845222957302 0.030515170950527092
2 0.35163038584658707 0.6977000819780413 0.019372712873234655 0.031950336958138335
2 0.35930077421418966 0.6771329139932638 0.02773151609154336 0.040081171939110406
1 0.482949621771856 0.1454743957044751 0.030495883171822412 0.05733233893530465