2 0.05847248258203676 0.7837579293443631 0.08001777210332377 0.11964088534372674
2 0.018557154064857546 0.8636357860041362 0.03711430812971509 0.08977157200827221
4 0.1555437108744244 0.751282331357408 0.0733418747688908 0.15861247867599956
4 0.1186634879923131 0.6758277980187719 0.06181334138279593 0.13817270934118148
4 0.13067775468536053 0.6658079080203627 0.06824519780928666 0.1444954346753633
4 0.18563569081616468 0.5765732326941351 0.04740384890464333 0.07240225867281787
4 0.16501931393570285 0.5599215346912716 0.046432382290738206 0.09269657733927232
4 0.17968355601814406 0.6468402793602716 0.05906877461060622 0.09752952800763595
4 0.3634999295333936 0.4801720420512249 0.042898205331134066 0.0785977146721816
4 0.2707835806287503 0.5509925247055891 0.05350073620994644 0.12089430267345413
1 0.3380931010827214 0.574439662714816 0.04165395407749291 0.08951703333863606
1 0.31668946252377705 0.6117033053787252 0.040000525864247474 0.08637385200509069
0 0.7160432901830264 0.8265776114337682 0.049193669437756785 0.08023294000636341
1 0.764102705464148 0.8669940734404495 0.04964831050398359 0.09585794000636341
4 0.23148539990822242 0.5317789007001803 0.05286423871722894 0.09901930267345413
1 0.39805678595988436 0.47432203138922474 0.03284124373179385 0.055051126670908876
1 0.4674827358807421 0.5056089413987698 0.03821070533113406 0.07854317067154533
1 0.74039007231548 0.7956003314369497 0.04987563103709682 0.10367044000636323