4 0.3379355868309333 0.24921875 0.04549177513842757 0.0515625
4 0.35565401295680993 0.253125 0.044129534237726274 0.0546875
1 0.3578394717792534 0.353125 0.04891716378737554 0.05625
1 0.3870961752030261 0.34765625 0.04372901603912886 0.0484375
1 0.4121462399778507 0.346875 0.05067992288667415 0.059375
1 0.4421341286267987 0.3421875 0.044429922886674335 0.059375
1 0.49117240592469463 0.3328125 0.037479016039128864 0.0484375
1 0.5716609423218891 0.3203125 0.039141645588778216 0.05
1 0.2123429063861199 0.1609375 0.04332849784053163 0.0421875
1 0.25034355413436654 0.153125 0.04549177513842757 0.0515625
1 0.28372655305463235 0.13203125 0.04705427513842757 0.0515625
1 0.3291089042266516 0.11875 0.060455441085271476 0.065625
1 0.357364312153931 0.12890625 0.044991127390180984 0.04375
1 0.4098780428755996 0.1140625 0.06378070018457009 0.06875
1 0.46166058837209273 0.0984375 0.03521560919158375 0.0375
1 0.5031471815245474 0.109375 0.046854016039128865 0.0484375
1 0.5626118190937613 0.08359375 0.060355311535622215 0.0640625
1 0.602956216842008 0.07578125 0.05703005243632351 0.0609375
1 0.6582642805370984 0.05390625 0.06836807063492074 0.0671875
1 0.5783486381875227 0.1671875 0.04735466378737563 0.05625
1 0.16091081431339935 0.17109375 0.05829216378737554 0.05625
1 0.1193345835917308 0.1859375 0.061317034237726234 0.0546875
1 0.16586152529531112 0.31328125 0.06328005243632351 0.0609375
1 0.5297540445736425 0.328125 0.044229663787375625 0.05625
1 0.19430670034145364 0.29609375 0.04871690468807692 0.053125
1 0.2286514219638236 0.284375 0.05067992288667415 0.059375
4 0.3519387276393496 0.28671875 0.04775518198597286 0.0625
4 0.28791580043373866 0.26171875 0.04226664558877822 0.05