4 0.3230845386708963 0.2778029319304615 0.04332727611928178 0.05369156603337357
4 0.34171170793820166 0.28112932779201855 0.04036605042954129 0.05665279172311406
1 0.35213687358746243 0.3811669493433161 0.04669793758467104 0.058542840343633086
1 0.3806303657855463 0.3756096681356516 0.041601001809022264 0.050484678878243816
1 0.4050128900958058 0.37375391904016275 0.04686171189493056 0.061667840343633
1 0.43502793871632484 0.36905977498762804 0.040611711894930555 0.06134029172311406
1 0.4833392859573628 0.3590573332190855 0.033788501809022264 0.050075243102595035
1 0.5624469318189199 0.34440169097557305 0.03543288896415202 0.05171963025772479
1 0.18971984000494876 0.19169061227904335 0.042754066033373575 0.042754066033373526
1 0.227793050090857 0.1827184040021574 0.04332727611928178 0.05369156603337357
1 0.25866791384023846 0.16161800994962267 0.04488977611928178 0.05377345318850333
1 0.3033186725466657 0.14672335029325576 0.056482373360319825 0.06684666327441154
1 0.33333704319345203 0.1569138998182859 0.042917840343632996 0.04587906603337357
1 0.38427874547744423 0.141565538782438 0.05977114767057934 0.07013543758467104
1 0.4345210849165662 0.12461373416902514 0.033215291723114146 0.03913774310259503
1 0.47782070556335243 0.1355003245126582 0.04472600180902227 0.05064845318850333
1 0.5348453115108178 0.1087198185197644 0.056482373360319825 0.06684666327441158
1 0.574481021596726 0.0998294973980082 0.05311171189493056 0.06199538896415206
1 0.6281759096563669 0.07679146709485488 0.06593926051544959 0.0689004862051901
1 0.5571496794440707 0.19136190015697016 0.04505355042954129 0.056898453188503284
1 0.1398050491863459 0.20239241689245618 0.05599105042954129 0.057471663274411534
1 0.09901959690235375 0.2182730444366475 0.05903416327441156 0.056072937584671044
1 0.15661301164710334 0.3450679177969673 0.05936171189493056 0.06232293758467104
1 0.5220709153105765 0.3524698185197644 0.041928550429541286 0.056734678878243724
1 0.18337690750866037 0.32766905585660827 0.04645227611928178 0.053855340343633
1 0.21692639190482815 0.31532618611433305 0.04686171189493056 0.061667840343633
4 0.339951134102912 0.3147230777920186 0.04390048620519007 0.06462906603337357
4 0.27382816711959884 0.2908894301214392 0.04003850180902226 0.05040279172311406
1 0.9571441988930902 0.5562354641541788 0.03526911465389269 0.0485946302577247
1 0.8945280122129302 0.5850731151041184 0.03313340456798421 0.03757524310259512
1 0.9687201860027914 0.46988520635226266 0.021943599050060315 0.06192014586155707