4 0.31126510152879533 0.29045578659533283 0.03663101282028158 0.04863748789975162
4 0.32997871422524244 0.2895654522863774 0.03372433664159917 0.0533068071815924
1 0.3664128279551468 0.38391034992524525 0.038411836641599174 0.053334078258831144
1 0.3932107684018528 0.3720325186413519 0.034922963606069855 0.04550339754067192
1 0.41632078266987643 0.3648649132551577 0.038630160462916764 0.05802157825883123
1 0.4438999731165826 0.3529825367917246 0.032380160462916766 0.057985216822512696
1 0.48748515322420644 0.33241096155795546 0.025693512820281584 0.048573855386194256
1 0.5602120237785363 0.2999479195016736 0.028818512820281583 0.048592036104353475
1 0.15953562758364326 0.23741766588743635 0.037684090570540583 0.037709078258831144
1 0.19389135690547882 0.2200256328081449 0.03663101282028158 0.04863748789975162
1 0.2183626639775734 0.1917506418833312 0.038193512820281585 0.04864657825883119
1 0.25711479487098554 0.16808133772680098 0.04815070967712849 0.0612011204133089
1 0.28851034408519727 0.17102453054520864 0.039319365177646406 0.03928066861791084
1 0.33254928846084475 0.1434171601318997 0.05134848428423435 0.06278180113146811
1 0.37658823283649223 0.1158097897185908 0.029726041356328902 0.03453862646343313
1 0.4211558701400452 0.11633196448482168 0.039537688998963996 0.04396816861791084
1 0.46933650496239865 0.07697857299427392 0.04964043507002245 0.05964771077238853
1 0.5044734842842343 0.05958199473544271 0.04636988585581072 0.056504530054229285
1 0.5505650802314583 0.02738816003370384 0.05738016046291676 0.05477632006740768
1 0.5134910734070328 0.15252347365820387 0.03684933664159899 0.05332498789975162
1 0.11446072208312526 0.259560831480285 0.050766287427387445 0.050281801131468115
1 0.07886997849326605 0.2839932049186561 0.05374573821317572 0.04717498184962743
1 0.169156838294229 0.39365403034881685 0.052547111248705036 0.05497839149054773
1 0.5227312944567007 0.3173581332991242 0.033797111248705033 0.0548693071815924
1 0.18997660649119408 0.37087051532170223 0.039756012820281586 0.04865566861791084
1 0.21875442390237082 0.35116654849918955 0.038630160462916764 0.05802157825883114
4 0.3377569809744654 0.322341590850059 0.03416098428423435 0.0626818071815924
4 0.2670442206353832 0.31415690700864174 0.03343323821317572 0.0470568071815924
1 0.9912918187542203 0.4154077303956991 0.017416362491559312 0.047029536104353474
1 0.9441975337033337 0.4571321429634857 0.029653266749222952 0.032976126463433175
1 0.9883091368892682 0.32554125449800003 0.023381726221463596 0.05646816861791084