2 0.7229752433320402 0.051267746103368664 0.041549513335919566 0.06958645459715282
2 0.7065373002995624 0.10880748916951448 0.038966647274843245 0.05705008700597225
2 0.6901950810542875 0.18435234982684084 0.027008781213767107 0.04429551386770836
2 0.7035399749951509 0.1455262391695145 0.02713632697140156 0.04585801386770836
2 0.7641582237872029 0.03578886967847287 0.03730855242559432 0.03673758700597225
2 0.7589926206030041 0.09907011967847286 0.027774055759574166 0.05367051386770836
4 0.7314258589340745 0.15869903960635479 0.0391897878817268 0.07888871941479172
2 0.6647968551410527 0.294126740119445 0.028156693032477875 0.05835801386770836
2 0.6743630448395507 0.2536472104841672 0.039859467578284936 0.0679875870059723
2 0.6896534628671793 0.3252319229651047 0.029974284547746775 0.06151938145888884
2 0.6504635460474987 0.364239218367952 0.03753169303247787 0.05857621941479163
2 0.6680178368041633 0.38891256325770895 0.03804187606301603 0.06482621941479164
2 0.6562514183174928 0.43716822530180616 0.027774055759574166 0.05367051386770836
2 0.6391597710426494 0.4931272845723617 0.03466178454774695 0.06162848423243048
2 0.6200271337697458 0.497378373478195 0.032334010001939716 0.05221711664124999
2 0.61636025770673 0.5614772410693756 0.03309928454774678 0.06159211664124999
2 0.5876296087648967 0.6257754772016673 0.01817591515269079 0.03161367591180557
2 0.5979131466466235 0.5477413961796186 0.02130091515269079 0.03168641109416672
2 0.6183055239175873 0.5951800938429173 0.019993506667959692 0.03477504350298606
2 0.5792432817934952 0.6709788744281255 0.015975686364518005 0.023764808320624907
2 0.5745239598230635 0.6904373892457645 0.017920823637421535 0.028488675911805574
2 0.5652128616398346 0.7277919188810422 0.01661341515269079 0.03157730832062491
4 0.5584843716417743 0.6759748457427783 0.02844373545613248 0.042769381458888846
2 0.3923153036335423 0.084273735751042 0.030771510001939718 0.05218074905006946
2 0.4032209816631106 0.10409592648048646 0.026084010001939717 0.05207164627652779
2 0.40476763514687175 0.13309309545843787 0.028826372729036008 0.04745688145888893
2 0.40795653696364287 0.17073856582316008 0.03038887272903601 0.047493249050069464
2 0.41184694044740394 0.19979028618788228 0.02844373545613248 0.042769381458888936
2 0.414095095598155 0.22019370516583373 0.026371052425594323 0.03648301386770836
2 0.41258052196073336 0.24833688896142397 0.02531873545613248 0.042696646276527785
2 0.4177463830208398 0.2617636093261462 0.025573826971401557 0.04582164627652787
2 0.4218281051410527 0.28847157969086845 0.025191189698497853 0.04113414627652778
2 0.4258300789282556 0.30656761626000034 0.0253187354561323 0.042696646276527875
2 0.4277593696849202 0.33087728523795173 0.02442591515269079 0.03175914627652787
2 0.4222429511982496 0.37927841764677117 0.02713632697140156 0.04585801386770836
2 0.4348704969558842 0.37800685837621567 0.02426641848667064 0.04891027868534721
2 0.4338820818031935 0.40929322596739626 0.0266261439408634 0.03960801386770836
2 0.43834644119631 0.43131369633211847 0.02675368969849785 0.041170513867708355
2 0.4437993446800711 0.46040178428802125 0.01817591515269079 0.03161367591180557
2 0.4452184524061977 0.4909614532659726 0.021556006667959694 0.03481141109416672
2 0.4500336271017861 0.5278620412218754 0.02362868969849785 0.04109777868534721
2 0.3516584816631106 0.10289579597152806 0.028826372729036008 0.04745688145888892
2 0.3584187936316027 0.13514525151861143 0.030516418486670638 0.04905574905006951
2 0.38302069665632177 0.2844373899113545 0.02739141848667064 0.048983013867708355
2 0.38646468998836203 0.31895786027607675 0.02675368969849794 0.041170513867708355
2 0.40607594619727977 0.40473235932614615 0.02713632697140156 0.04585801386770836
2 0.40561368952932 0.439161910712917 0.02531873545613248 0.042696646276527875
2 0.4126131175588884 0.45889318246441013 0.018303460910325243 0.03317617591180557
2 0.4145264328613603 0.47380966764677124 0.02181109818322895 0.037936411094166546
2 0.41658326937565954 0.49655683662472255 0.021683552425594322 0.036373911094166544
2 0.41870387876877596 0.518522755602674 0.019483323637421536 0.028525043502986236
1 0.5419486418148315 0.10184570829996573 0.02656224212409235 0.07703527868534725
1 0.5527107986325724 0.11383721523381993 0.026721738790112325 0.05988414627652779
1 0.5646846401478415 0.11098497216767408 0.030739559093554192 0.07089438145888889
1 0.5557563081754702 0.18200598698531298 0.02413887272903601 0.04734777868534725
4 0.47364647028404505 0.5166706212939935 0.02257637272903601 0.04731141109416655
1 0.5553108005894265 0.45595263326184077 0.02114141848667046 0.04883754350298623
4 0.4273930946800711 0.46001992458062535 0.01868609818322895 0.037863675911805575
4 0.4225938954386755 0.4325125204203129 0.0203761439408634 0.03946254350298624
1 0.27115919907221775 0.5041303344405211 0.025286784547746865 0.06141027868534721
4 0.19035560922393863 0.4967704696991321 0.036606921820650486 0.06635235182361114
4 0.20786210255597887 0.5316182483844794 0.01932382697140156 0.045676175911805575
4 0.21513259755500905 0.5576177039315627 0.027774055759574166 0.05367051386770836
4 0.2632355155826377 0.6299661358272919 0.02075878121376702 0.044150043502986056
4 0.25647520361414566 0.5977166802802086 0.020248598183228862 0.03790004350298624
4 0.24085020361414564 0.597353004368403 0.0188136439408634 0.03942617591180557
2 0.24421419073726805 0.5465535705728127 0.019610869395056164 0.030087543502986237
2 0.2029352286189948 0.4673193590418057 0.021300915152690704 0.03168641109416655
2 0.21919808634512136 0.4982245201359724 0.021300915152690704 0.03168641109416672
2 0.28026351891661755 0.6131423117390975 0.015050915152690702 0.031540940729444425
2 0.2864019486131758 0.6242434658994099 0.019993506667959782 0.034775043502986235
2 0.30110230633930235 0.6551122594023961 0.019993506667959782 0.034775043502986235
2 0.29762661997478435 0.6785133918112155 0.017920823637421625 0.028488675911805574
2 0.3060610022467181 0.6998435311538892 0.015050915152690702 0.031540940729444425
2 0.3177478013383325 0.6813299204965628 0.02337359818322886 0.03797277868534721