2 0.16171875 0.12045470431281236 0.0546875 0.11221036569131951
2 0.13046875 0.036263501899861064 0.0484375 0.07252700379972213
4 0.246875 0.173941420593472 0.0375 0.1555603221883334
4 0.19140625 0.23929497008038178 0.0296875 0.13662848423243057
4 0.2 0.25159494832888873 0.0375 0.13993532218833335
4 0.22890625 0.35092214789204845 0.03125 0.06791485182361115
4 0.2046875 0.3616420955553471 0.025 0.08964438145888884
4 0.2421875 0.2810817733670137 0.0390625 0.09153418977951393
0 0.5015625 0.22426350323104124 0.034375 0.0820500870059722
1 0.71953125 0.4988777242613535 0.0171875 0.051962543502986236
1 0.70703125 0.529637414990798 0.0171875 0.04102504350298623
1 0.41484375 0.5598756545415622 0.015625 0.03942617591180557
1 0.42265625 0.5737563165856594 0.0109375 0.05181707313826393
4 0.375 0.48502177811666636 0.025 0.07558188145888885
4 0.3046875 0.39525206971979143 0.0265625 0.11936824905006951
1 0.44375 0.28967160410472187 0.03125 0.12572735182361114