2 0.8265625 0.9021008245544596 0.0328125 0.0878818080044546
2 0.8 0.8399099072247325 0.03125 0.0550511266709087
2 0.7734375 0.7683439898950049 0.021875 0.04244203866963616
2 0.79140625 0.8040724045592322 0.021875 0.04556703866963616
2 0.87109375 0.9117389065484145 0.0328125 0.059756808004454244
2 0.853125 0.8385104918841872 0.021875 0.05181703866963616
4 0.8171875 0.7850224125557324 0.028125 0.07845226400381797
2 0.7328125 0.6656917045671864 0.0203125 0.056486357336090795
2 0.74765625 0.7030189818985046 0.03125 0.06598862667090888
2 0.75234375 0.6295269378978683 0.021875 0.06119203866963616
2 0.70859375 0.5987860152371407 0.0296875 0.058157945337363515
2 0.721875 0.5712877239020046 0.0296875 0.06440794533736352
2 0.70390625 0.5254030592377772 0.021875 0.05181703866963616
2 0.67890625 0.4741314605745043 0.0265625 0.059684082670272434
2 0.659375 0.47357747724382226 0.025 0.05029090133672707
2 0.646875 0.4112229279121859 0.025 0.0612284013367272
2 0.609375 0.35384677991727653 0.0140625 0.031413632001908984
2 0.63046875 0.428601331914413 0.01875 0.029905676002545255
2 0.64375 0.37688429057927675 0.015625 0.03455681333545453
2 0.59375 0.31105984325273095 0.0125 0.023582950668363623
2 0.58671875 0.2923916592536855 0.0140625 0.028288632001908988
2 0.57265625 0.2581802912555945 0.0125 0.029832950668363622
4 0.5734375 0.3105149505888217 0.0234375 0.042460220003181705
2 0.496875 0.9309370859325486 0.025 0.051853401336727244
2 0.50390625 0.9097615199315939 0.0203125 0.05023635733609098
2 0.5015625 0.8808825419319122 0.021875 0.047129538669636165
2 0.49921875 0.8426285639322305 0.025 0.045603401336727245
2 0.49921875 0.8129410639322303 0.0234375 0.0408977200031817
2 0.4984375 0.7926376545990031 0.021875 0.03619203866963616
2 0.4921875 0.764585379933185 0.0203125 0.04242385733609062
2 0.49609375 0.7504774265993213 0.0203125 0.0439863573360908
2 0.4953125 0.723142767266094 0.0203125 0.040861357336090795
2 0.496875 0.7035933359325486 0.0203125 0.042423857336090796
2 0.49609375 0.6793836765993213 0.0203125 0.0314863573360908
2 0.4828125 0.6334444679344575 0.0203125 0.0455488573360908
2 0.4953125 0.631736517266094 0.0171875 0.048637494668999894
2 0.490625 0.6013223112667303 0.021875 0.03775453866963616
2 0.49140625 0.5778757205999576 0.021875 0.04087953866963616
2 0.4921875 0.548179129933185 0.0140625 0.031413632001909164
2 0.48984375 0.5177376519335031 0.0171875 0.033012494668999894
2 0.48828125 0.48025583326704846 0.01875 0.04084317600254543
2 0.45390625 0.9212808226050484 0.021875 0.047129538669636165
2 0.45625 0.8884410506047302 0.025 0.047165901336727246
2 0.45859375 0.735288778604412 0.0203125 0.048673857336090795
2 0.45703125 0.7001507099379574 0.021875 0.04087953866963616
2 0.4640625 0.6117876439370029 0.0203125 0.0455488573360908
2 0.4578125 0.5774853692711848 0.0203125 0.04242385733609062
2 0.4625 0.5563370752705483 0.0140625 0.032976132001908985
2 0.46171875 0.540721165937321 0.0171875 0.03769999466899989
2 0.46015625 0.5188643472708665 0.0171875 0.034574994668999895
2 0.459375 0.4962171879376392 0.015625 0.028306813335454352
1 0.69765625 0.8918820345719588 0.0328125 0.0613193080044546
4 0.51328125 0.4854336819303214 0.015625 0.04705681333545435
1 0.6109375 0.5483598485837311 0.015625 0.04861931333545435
4 0.4765625 0.5522671932686393 0.0125 0.036082950668363624
4 0.475 0.5804103746021848 0.015625 0.03924431333545435
1 0.321875 0.5087546452896384 0.0171875 0.06113749466899989
4 0.2390625 0.565968255967547 0.028125 0.06438976400381798
4 0.2515625 0.5283228052991834 0.0140625 0.04391363200190916
4 0.2546875 0.5001614426320925 0.0203125 0.0517988573360908
4 0.29140625 0.4192654312937745 0.0140625 0.04391363200190899
4 0.2890625 0.45210520329409276 0.015625 0.03768181333545435
4 0.27421875 0.4561841759627744 0.0140625 0.039226132001908984
2 0.28515625 0.5052756566279564 0.015625 0.02830681333545453
2 0.25625 0.5931120112985471 0.0171875 0.03144999466899989
2 0.2671875 0.5586097419637289 0.0171875 0.03144999466899989
2 0.31015625 0.4323285052912292 0.0109375 0.03137726933481808
2 0.31484375 0.4197739612905929 0.015625 0.03455681333545435
2 0.325 0.38606203262254746 0.015625 0.03455681333545444
2 0.3171875 0.36349668929027473 0.0140625 0.028288632001908988
2 0.3234375 0.34076771395609295 0.0109375 0.03137726933481808
2 0.3375 0.3562290819541839 0.0171875 0.03769999466899989
1 0.334375 0.5101716946212748 0.0203125 0.0455488573360908