2 0.08940907464009043 0.714792840343633 0.09531010487264704 0.12646068068726599
2 0.05812759869878387 0.7855656857756488 0.02153264342930994 0.09300637155129757
4 0.18679521436877256 0.7035454811168075 0.10063795496493215 0.1609994549975255
4 0.15502597778700786 0.6209033994796016 0.08527377081949092 0.1399499706013579
4 0.16780658003876125 0.6137869402982046 0.0934867890180882 0.14660940637700665
4 0.22827490823182123 0.5367574508136541 0.05783108883351806 0.07622166327441153
4 0.20827328886120472 0.5162435549520972 0.06215764342930994 0.09513543758467122
4 0.21705560841639135 0.6046885792623565 0.07505816162790727 0.1020405348257091
4 0.4121003932724264 0.4770936030067892 0.05500647748246603 0.08074538896415202
4 0.31497387183462666 0.5288431315009202 0.0747973457733484 0.12227114767057934
1 0.4062206330933936 0.49469386080870537 0.050218847932816814 0.07893722749876275
1 0.32113183913805987 0.6249368815009202 0.06372014342930994 0.0952173247398008
1 0.2888688540974547 0.692543783355371 0.08713665946843889 0.14471935775648745
1 0.7972773411406446 0.9582888316929766 0.07399630937615384 0.0834223366140467
1 0.8006619594315272 0.991903053481759 0.07059190468807693 0.01619389303648191
4 0.25967630011997167 0.4800061618040735 0.07037066162790725 0.10179487336031982