2 0.32056450939154013 0.046385683252242016 0.09425401878308026 0.08958974082661783
4 0.3826135232317046 0.11235611689726747 0.09699169961943914 0.15677724082661784
4 0.3092370316346616 0.15176352966144585 0.08210152866891204 0.13638292759490125
4 0.3145293680985083 0.1666345507386847 0.09016869665368965 0.14267837939029934
4 0.30938822334543536 0.270486258584207 0.05611734882113639 0.07374657220870703
4 0.28285755684353253 0.27111297247985344 0.060006352775469105 0.09251475292686617
4 0.34365579399195123 0.21054363202257803 0.07276102076024671 0.09883747579950322
0 0.6402204347906915 0.08964182132494422 0.09128552768032883 0.13174996974937897
1 0.6869945474891734 0.6241622670702182 0.03497717787060921 0.0533158975406721
1 0.6698534684397005 0.6443702279408026 0.03147017589344294 0.0439227168225127
4 0.4042417614058875 0.4514640686926656 0.053183349809719616 0.07841589149054773
4 0.3669089046760857 0.3403356711519936 0.07202619171077371 0.11914088544042353
1 0.5253872495428895 0.3959322070599554 0.05331068380210837 0.08154089149054773
1 0.421309903193211 0.33362258371978026 0.06019735376405233 0.09720225292686617
1 0.4335420118629981 0.058758939105974496 0.09520902372599624 0.11302724082661783