4 0.1740193470816374 0.5732429426264309 0.046094672615379785 0.054265997840531634
4 0.18803430289049625 0.5851316733480996 0.044768970955705846 0.05729086829088246
1 0.2722801709417727 0.530082030380215 0.04957487012586892 0.05915375693983016
1 0.2860699838042458 0.5553020758767081 0.04429537427505377 0.05104086829088228
1 0.300214994177208 0.5758346213732013 0.05137416846619489 0.062378886489479514
1 0.3147268574545996 0.6018859816445191 0.045124168466194894 0.061978368290882456
1 0.33731132986019796 0.6457256192137331 0.038045374275053764 0.05064035009228505
1 0.3759701655431879 0.715716746603914 0.0397262734452168 0.0523029796419344
1 0.023073076335713018 0.5243176819859728 0.043821777594401645 0.044790868290882455
1 0.040058744177208006 0.5591630513565894 0.046094672615379785 0.05426599784053181
1 0.04268591409329543 0.597013504780362 0.047657172615379786 0.054366127390180985
1 0.05902038649889378 0.6404526241509785 0.06122276514684701 0.06922966378737563
1 0.08523934438234504 0.6570486412698416 0.045502676764564674 0.04645349784053181
1 0.10500647010729129 0.7069880845145814 0.06458456348717306 0.07255492288667416
1 0.12327029541731908 0.756046148209672 0.035654080083912555 0.039602720542635694
1 0.1589351082797922 0.7826680074012556 0.047420374275053766 0.05124112739018098
1 0.1739079902285158 0.8440758767718721 0.061104365976683984 0.06766716378737563
1 0.19155650889984774 0.8805338109173133 0.05774256763635792 0.06434190468807692
1 0.2069437879441419 0.9364729302879298 0.06915366431701005 0.07129281153562203
1 0.2527084190676729 0.8090884099298641 0.04801237012586883 0.05905362739018107
1 0.01465034408160606 0.4788654796419344 0.02930068816321212 0.059754534237726274
1 0.008767658293725372 0.4367082580195644 0.017535316587450743 0.05779151603912887
1 0.121844308289081 0.4019000663159842 0.06399256763635794 0.06474242288667416
1 0.356759146871856 0.6791586829088235 0.04488737012586892 0.05885336829088246
1 0.12494507488582049 0.43350051973975673 0.049338071785542816 0.05602875693983016
1 0.135739942312397 0.46716412091177606 0.05137416846619489 0.062378886489479514
4 0.2133069900280231 0.5624148665928393 0.04848596680652095 0.06530362739018099
4 0.1532341730163651 0.5263784346068665 0.042851273445216796 0.0525032387412331
1 0.7884557423031082 0.8873831045588799 0.03792697510489074 0.04907785009228505
1 0.7707722574499553 0.8203062260889649 0.03553568091374952 0.03804022054263569
1 0.7417331850397124 0.9652484862679976 0.06411096680652087 0.06630492288667433