2 0.07416624036658155 0.23984375 0.08475073620994644 0.1203125
2 0.027384517088758838 0.1625 0.0479494181841155 0.090625
4 0.1718595942857898 0.26796875 0.08115437476889084 0.1578125
4 0.1397350675636125 0.3453125 0.06806334138279597 0.1375
4 0.15250785220334862 0.3546875 0.07605769780928666 0.14375
4 0.21128111012090742 0.44140625 0.048966348904643284 0.071875
4 0.1922499652937569 0.45859375 0.05111988229073816 0.0921875
4 0.20144545737619812 0.371875 0.06375627461060622 0.096875
0 0.412387654394062 0.2109375 0.06540970282385157 0.1
1 0.7228551076136249 0.46328125 0.03123327962517113 0.053125
1 0.719236014119258 0.5 0.027835494985435007 0.04375
1 0.45799228872986414 0.596875 0.02622753087881229 0.0421875
1 0.46833039515635483 0.603125 0.024937815518548588 0.0515625
4 0.3943413141984002 0.53046875 0.04602320533113406 0.078125
4 0.297855107613625 0.46328125 0.05975073620994644 0.1203125
1 0.4228885483632826 0.35703125 0.061495092636437224 0.1265625