2 0.28800667737631774 0.043682839589595776 0.08851335475263547 0.08736567917919155
4 0.35643302520887093 0.09905506612383395 0.08768036661563353 0.16254477360693614
4 0.28640436809850833 0.14855380816073901 0.07279019566510643 0.1414132262518895
4 0.29169670456235497 0.16312454237572346 0.08079369665368966 0.14655575256024878
4 0.29436805980928205 0.2671217976373953 0.052928681824942016 0.07478716837349922
4 0.26790106030357363 0.2710126370858167 0.053756352775469106 0.09509966837349922
2 0.3246338799615064 0.2027106871422865 0.06807352076024671 0.10216871572854584
0 0.4441930103801234 0.037615579136839244 0.09151102076024667 0.07523115827367849
0 0.5541170860067363 0.3765066899848839 0.06137785178688589 0.09086719468185844
1 0.7639470252460521 0.4715707480750357 0.037049013840164416 0.06762711575678075
1 0.7591295326604258 0.5070910191217232 0.029907675893442943 0.045388094710093266
0 0.5145121220528409 0.15406254258748497 0.07014535672980174 0.11475972099021763
1 0.49265300399151374 0.386351397820922 0.04173651384016441 0.06790013154179615
1 0.42032701783167814 0.45634465038117067 0.04004667984777566 0.0646841262801244
1 0.43646135380123335 0.46793459776445223 0.04849584980971962 0.08076415258848364
2 0.40337959836402587 0.4440189556287251 0.03953734387822046 0.05218412628012441