2 0.7109025338181789 0.03871398476285921 0.04368006763635783 0.06139203333863612
2 0.7064527547738848 0.09330148742835927 0.04031826929603195 0.058230670671545234
2 0.7044418141118729 0.16977308076063205 0.028315176764564676 0.04404090133672711
2 0.7100163852727158 0.13002932809513199 0.028551975104890735 0.047165901336727115
2 0.7494438929463858 0.02199010876826805 0.03951278589277152 0.026998852005090678
2 0.7562276118274991 0.08061113076858621 0.02902557178554268 0.05341590133672711
4 0.7405918790489385 0.14209352343249543 0.040294958508151166 0.07852498933799978
2 0.7002889556083662 0.2797838800922685 0.029380769296031773 0.05810340133672707
2 0.7018980771841277 0.23921342409290483 0.04102866431700995 0.06760567067154524
2 0.7306635398414636 0.3097986440960865 0.031180067636357833 0.06124658267027261
2 0.6993669182657023 0.3500236547580867 0.03887416846619498 0.05977498933799978
2 0.7214554058181475 0.3736975120941775 0.040910265146846925 0.06604317067154515
2 0.7197162296782829 0.42285262742676843 0.02902557178554268 0.053415901336727065
2 0.7130410998041518 0.4789753580919503 0.03586756763635783 0.06130112667090888
2 0.6947054968997224 0.48422593208940495 0.03359467261537965 0.051907945337363516
2 0.7034661128764063 0.5483338854232687 0.034423466806520864 0.06284544533736351
2 0.6873451280232533 0.6137134374204051 0.01799298340326061 0.03143181333545435
2 0.6822064195151022 0.5355975280871779 0.02268048340326061 0.0314863573360908
2 0.7122616950349113 0.5820003607574504 0.021473180913749522 0.036155676002545434
2 0.686872453957981 0.6589804840865414 0.015838487552445456 0.023601132001908987
2 0.6867899435850188 0.678493552752996 0.01787458423309758 0.02986931333545435
2 0.6849440236689314 0.7159390087523597 0.017992983403260433 0.03143181333545435
4 0.6678148006386331 0.6650032174172233 0.029759277594401647 0.04249658267027243
2 0.3895729080932327 0.08336976738540669 0.03203217261537983 0.05188976400381802
2 0.40427494813518894 0.10227430872054297 0.027344672615379827 0.05183522000318166
2 0.4111528327832049 0.1312351027211793 0.030232874275053768 0.04874658267027256
2 0.42180691286711747 0.16882600938890654 0.03167697510489074 0.047202264003817974
2 0.4310285475151335 0.19781407538986104 0.029759277594401647 0.04249658267027252
2 0.43797728714217127 0.2174089600572701 0.027841580083912555 0.037790901336727155
2 0.4408897222051057 0.2455430507240428 0.026634277594401644 0.042460220003181705
2 0.4489273651514914 0.2589061167249973 0.026871075934727706 0.0455852200031817
2 0.4579714010442628 0.2855504327259518 0.026515878424238616 0.0408977200031817
2 0.4655829915011376 0.3035919080601336 0.026634277594401644 0.042460220003181705
2 0.47204647905358293 0.32708395206076996 0.025923882573423464 0.0330852200031817
2 0.4757168533286367 0.37552145206077 0.028433575934727708 0.045603401336727065
2 0.48803925457339214 0.3733231527291335 0.0256637734452168 0.05025453866963616
2 0.4935322379766526 0.4046095153962244 0.027959979254075583 0.039353401336727066
2 0.502221076358935 0.4265663313971789 0.028196777594401645 0.04247840133672707
2 0.5122239610069509 0.4555634880649061 0.01967388257342346 0.033012494668999894
2 0.5199422952400484 0.4853146227323151 0.02135478174358667 0.03459317600254543
2 0.5313184257388794 0.522133370066815 0.024953378424238615 0.04087953866963616
2 0.3528900468904335 0.1040180747135433 0.030232874275053768 0.04874658267027256
2 0.36541428029369405 0.1353862533815887 0.031795374275053766 0.048764764003817976
2 0.4187313022890183 0.2827521493873157 0.028670374275053766 0.04872840133672716
2 0.42914858403260475 0.31721805605504294 0.028196777594401645 0.04247840133672707
2 0.46517043963632654 0.4011572513924063 0.028433575934727708 0.0456034013367272
2 0.4701189713799131 0.4355595233927246 0.026634277594401644 0.042460220003181705
2 0.48181441059203245 0.45599020206076996 0.01967388257342346 0.033012494668999894
2 0.4860050031234996 0.4700890647278609 0.023154080083912554 0.03773635733609062
2 0.49240929109086345 0.49279985872849713 0.023035680913749523 0.0361738573360908
2 0.4987543794731458 0.5147294027291334 0.02088118506293437 0.028343176002545434
1 0.5496592257295907 0.14611631007317846 0.02923905933798814 0.0768352200031817
1 0.5606559253146722 0.14702482940799655 0.027936668466194803 0.059647720003181706
1 0.5806015724102428 0.15272084607731462 0.03189046265733601 0.07062158267027256
1 0.5782946338228234 0.2252861894095874 0.025426975104890736 0.04712953866963625
4 0.5530866819626568 0.510678249403224 0.023864475104890738 0.0471113573360908
1 0.630784706857766 0.4647486787475872 0.02242037427505359 0.04865567600254526
4 0.4965989610069509 0.45538167472945174 0.018466580083912554 0.03768181333545435
4 0.4859924251141795 0.4287191773949518 0.021709979254075584 0.03928067600254544
1 0.4939843691001836 0.5341879273949517 0.023982874275053766 0.048673857336090795
1 0.34888443403724917 0.5043993353755435 0.026492567636357923 0.06119203866963616
1 0.33915423652676013 0.4996027473742709 0.02469326929603195 0.05804885733609062
4 0.2684156840372492 0.5034629966979531 0.03778526514684701 0.06600680800445424
4 0.2928362661957542 0.5373112853675893 0.020621075934727708 0.04551249466899989
4 0.3049461025034441 0.5632107140356347 0.02902557178554286 0.053415901336727065
4 0.36640566599061714 0.6326152420432708 0.022065176764564674 0.043968176002545434
4 0.35310018258735665 0.6012379727084527 0.021591580083912553 0.037718176002545435
4 0.33825643258735666 0.601065250039771 0.020147479254075583 0.03926249466899989
2 0.3313426591421399 0.5510288873726801 0.0209995842330974 0.029905676002545435
2 0.2747006502190702 0.47309424403245304 0.022680483403260433 0.0314863573360908
2 0.2965406840372492 0.5037902607017711 0.021117983403260432 0.03146817600254544
2 0.37910657553374233 0.6148101240451798 0.01643048340326043 0.031413632001908984
2 0.38774786972488356 0.625838530712907 0.021473180913749522 0.036155676002545434
2 0.40874745395798107 0.6557442067154524 0.021473180913749522 0.036155676002545434
2 0.4090201410955078 0.6799447753819068 0.01787458423309758 0.02986931333545435
2 0.42227808030762726 0.7003936353834976 0.01486798340326061 0.03139545066836362
2 0.43017309068058934 0.6809714733847704 0.023154080083912554 0.03773635733609062
1 0.5596621103776066 0.1751134667409057 0.02156826929603195 0.058012494668999895