2 0.20765572413575253 0.0908289410137849 0.07055184389007838 0.11718880642076394
2 0.19088341277383916 0.022423779919618216 0.058858174452321686 0.0372831008736806
4 0.2830899816575999 0.15825413677722247 0.06084187476889076 0.15912173328250007
4 0.21895327381918342 0.2130494331300002 0.04931334138279597 0.13855466014423615
4 0.22557534685957928 0.22727558729031272 0.057262233702664034 0.14342399810013892
4 0.23900369787579367 0.3300011969977085 0.04110838479802066 0.07122168977951393
4 0.21377637734268026 0.33723181553881965 0.038619882290738164 0.09302395459715278
4 0.26205240446056893 0.263304659478646 0.052773310503983595 0.09647626291777786
0 0.5289767946688659 0.09048998100138933 0.06314852084968248 0.13106946846486117
1 0.673022030549608 0.5941812915062158 0.02342077962517113 0.05363414627652787
1 0.6559338189502677 0.6172369317988201 0.02310253087881229 0.042696646276527875
4 0.36262775132014824 0.48767083947451423 0.03660274122451135 0.07736258700597229
4 0.30694370414399985 0.3863070548052433 0.04412573620994644 0.12125805737069442
1 0.46834420539764104 0.4010086004924309 0.03821070533113406 0.07896145459715283
1 0.35987848753009466 0.367212869109792 0.03875627461060631 0.09771145459715277
1 0.31695416778840413 0.0691377386008336 0.06296666442319179 0.12481946846486117