2 0.15167249709700611 0.12956425927157805 0.05630748746358769 0.10968407220870699
2 0.1222554332278103 0.04033410850945223 0.04923913354437941 0.08066821701890446
4 0.2360414854185236 0.18297053952219905 0.038830482449022694 0.15332498789975157
4 0.17946722499368234 0.2481324520899857 0.03203491316955054 0.1345386264634331
4 0.18847851214070094 0.260577909935508 0.0384213054894186 0.13926248789975162
4 0.21606029137016067 0.35961939793345543 0.0331594924781526 0.0658068071815924
4 0.19152329262380188 0.3706977984991895 0.027591454077492816 0.08920794574527387
4 0.22980219411486996 0.2900199702403583 0.040136918184115536 0.09084316861791084
0 0.4748144804039587 0.13783880494209716 0.044915346397360875 0.09399543969514967
1 0.6866813652684863 0.5341951335937118 0.017079851411925872 0.050090903590796286
1 0.672513565189344 0.5647411516458887 0.01680706677218957 0.040715903590796285
1 0.39944813822973996 0.5803899193052819 0.016761602665567032 0.03915340359079629
1 0.40618387153669244 0.5905052626894236 0.010829851411925873 0.05005454215447784
4 0.3605651461472988 0.49391206382089176 0.02718227711788863 0.07514544574527378
4 0.2913270643314142 0.40370522033855416 0.028455272103323815 0.11889544574527396
1 0.44562577091618955 0.3356314103282914 0.028637128529814503 0.12514544574527395