2 0.6375319509083855 0.06343760325764962 0.05306109818322895 0.04099634059717552
2 0.6348694654522531 0.10567973357948049 0.04703423879011233 0.062325037378866854
2 0.6324622004493436 0.18329663518863484 0.03338632697140156 0.04738845222957293
2 0.6381221401478415 0.14283552615412742 0.03507637272903601 0.04906021287323474
2 0.6849012874226849 0.08953556353299427 0.03714905575957417 0.055419473516896425
4 0.6687981842384861 0.15205198902736214 0.0501272878817268 0.08118429802252858
2 0.6257502016572916 0.29439802615412747 0.03596919303247788 0.05999771287323465
2 0.6283489142346068 0.25293714583229654 0.049362013335919566 0.07180929802252863
2 0.655740719535139 0.32163786934919303 0.039476830305381405 0.0649037341605581
2 0.6239168925637376 0.3649836777632818 0.045599284547746775 0.06377827673520509
2 0.6456962977144884 0.3869350874182078 0.047671967578284936 0.0701375373788669
2 0.6424598563490007 0.4362084677400387 0.03714905575957417 0.05541947351689647
2 0.6353969133165229 0.49385707677454604 0.04247428454774678 0.06355975544788173
2 0.6167904345283503 0.5004130793724361 0.03871155575957417 0.055528734160558105
2 0.6241886042229688 0.56378716452173 0.04260183030538141 0.06512225544788172
2 0.6069216137658666 0.630936459694267 0.022863415152690792 0.0326703883676025
2 0.603078878768776 0.5528825155104657 0.026115960910325243 0.03445140965492612
2 0.6324476433126436 0.5973644890273622 0.02480855242559432 0.037467149011264314
2 0.6062840139156478 0.6772487309815904 0.019228232122152633 0.02620186708027905
2 0.605470941945216 0.6968346113034214 0.022735869395056164 0.031107888367602497
2 0.6024098437619871 0.7343346113034214 0.02130091515269079 0.03256112772394069
4 0.5868325122486577 0.6845313532576496 0.03482128121376693 0.045935212873234835
2 0.317682094390207 0.12199959420347176 0.03871155575957417 0.05552873416055819
2 0.3319040910562271 0.1402797006400891 0.03389651000193972 0.053638452229572975
2 0.3390470402976227 0.1682790145020595 0.035203918486670635 0.0506227128732347
2 0.3486134878720284 0.2050905996513534 0.036766418486670636 0.05073197351689644
2 0.3573189371134241 0.23319917415698557 0.03482128121376693 0.045935212873234654
2 0.3636008880218097 0.2524954773752942 0.0313136439408634 0.04102919158591121
2 0.366773814384388 0.28100288962811026 0.03169628121376693 0.045716691585911205
2 0.37441097120212896 0.29332257316824983 0.031823826971401556 0.04727919158591121
2 0.38324396620115914 0.31986864767388196 0.03156873545613248 0.044154191585911204
2 0.39049848574599655 0.33687583121402154 0.03169628121376702 0.045716691585911205
2 0.3963977993814785 0.36085963443233016 0.02936850666795987 0.03623243094224948
2 0.39953890377362516 0.409007557328808 0.03351387272903601 0.04895095222957302
2 0.41157651816771157 0.40592076215627104 0.03220646424430522 0.051966691585911204
2 0.4161206258938381 0.43688118505274876 0.03300368969849785 0.04270095222957302
2 0.42461878104458906 0.45790387923655007 0.0331312354561323 0.04426345222957302
2 0.4348867302859848 0.48612171438584395 0.022990960910325244 0.0342328883676025
2 0.44190213376974585 0.5156835282478143 0.026243506667959694 0.036013909654926124
2 0.4530948542229688 0.55182312404077 0.030006235456132478 0.04404493094224957
2 0.2812025893892372 0.1453771100429136 0.035203918486670635 0.0506227128732347
2 0.292841719994181 0.17604795583586919 0.038456464244305086 0.05240373416055819
2 0.34386260180707284 0.3210433815823386 0.03376896424430509 0.05207595222957302
2 0.3529028908967476 0.35467533640980164 0.03313123545613248 0.04426345222957302
2 0.3879318530150208 0.43569574346683754 0.033513872729036095 0.04895095222957302
2 0.3930021192258783 0.46983579668514625 0.03169628121376693 0.045716691585911205
2 0.4039715701342638 0.4894598818344401 0.023118506667959737 0.0357953883676025
2 0.4083561811943703 0.5031235440872562 0.0281886439408634 0.04081067029858776
2 0.4143830405874868 0.5255448473055649 0.02793355242559432 0.037685670298587756
2 0.4196924228594206 0.5471302702020427 0.02429836939505616 0.031217149011264312
1 0.49335216090062695 0.26078286079921825 0.029591647274843248 0.05799817029858776
1 0.5054535481735305 0.2569148156266812 0.036096738790112326 0.061560212873234654
1 0.520424843931165 0.2563902917414677 0.041677059093554195 0.07282549480421992
1 0.5124531051410527 0.31554677045414425 0.0300062354561323 0.04404493094224948
4 0.47575110422296873 0.5534074033738652 0.03038887272903601 0.0487324309422494
1 0.5534613871037257 0.5061989036259666 0.02895391848667046 0.05018567029858776
4 0.4190066387707157 0.48815410794922653 0.02337359818322895 0.0389203883676025
4 0.40861114377168556 0.4614987727999328 0.0266261439408634 0.04070140965492612
1 0.4157065534643644 0.5767085095583809 0.030516418486670638 0.05029493094224939
1 0.24445317786039045 0.5089479371464358 0.03466178454774686 0.06301345222957302
1 0.236066721951035 0.5154328839281271 0.031281693032477784 0.05966993094224939
4 0.18887298649490258 0.5545610859055985 0.046109467578285025 0.070028276735205
4 0.2130121170998464 0.5861060168478479 0.027136326971401538 0.04695140965492613
4 0.22425263497769388 0.6120347323189728 0.035586555759574166 0.05531021287323483
4 0.2850308961875815 0.6759986793527656 0.02700878121376693 0.045388909654926125
4 0.2725467427038204 0.6460544532379793 0.02649859818322886 0.03913890965492613
4 0.2575116740673686 0.6473602271231927 0.0250636439408634 0.04059214901126431
2 0.2514368883116737 0.5966500329393913 0.02429836939505616 0.031217149011264312
2 0.19611140164759328 0.5236388678365838 0.026115960910325243 0.03445140965492612
2 0.21809810088898893 0.5526761578133407 0.02455346091032524 0.03434214901126431
2 0.2982801952791959 0.6580681341802286 0.019738415152690703 0.03245186708027905
2 0.3068899207333887 0.668098698042199 0.026371052425594323 0.037576409654925945
2 0.32737789285360164 0.6962454773752942 0.02480855242559432 0.037467149011264314
2 0.3269634336102663 0.720573488018956 0.022735869395056164 0.031107888367602497
2 0.34027663451865187 0.7403614641337424 0.019738415152690703 0.03245186708027905
2 0.34818472936790085 0.7204860067083894 0.0281886439408634 0.04081067029858776