2 0.203125 0.08786068993645581 0.065625 0.11677048863591429
2 0.18125 0.01897609659143334 0.05625 0.03795219318286668
4 0.234375 0.024022106737703074 0.065625 0.04804421347540615
4 0.28203125 0.15054587621946364 0.053125 0.15873980032431154
4 0.21953125 0.20944931777747722 0.04375 0.13826365909060953
4 0.22734375 0.22259420008272554 0.0515625 0.14308752678536119
4 0.2453125 0.3246243043847966 0.0390625 0.0709943384737585
4 0.2203125 0.332873181008002 0.034375 0.09122501785690744
2 0.265625 0.2563009983784422 0.0484375 0.09459547970746059
0 0.5234375 0.3236758644516361 0.04375 0.08513865909060954
1 0.74140625 0.49252745576806367 0.021875 0.05194432954530477
1 0.72890625 0.5216518940796664 0.021875 0.04256932954530477
0 0.42578125 0.047317510553306824 0.0578125 0.09463502110661365
1 0.48203125 0.41814861323382013 0.028125 0.0645534237011061
1 0.39921875 0.5203753607981881 0.0265625 0.06140115016215582
1 0.42109375 0.5403060312528833 0.021875 0.04881932954530477
4 0.38046875 0.48242139326559225 0.0296875 0.047393197240056396
4 0.321875 0.37172540097622997 0.0390625 0.12099433847375848
1 0.41015625 0.20065319602553577 0.046875 0.1570682061685102