2 0.278597177791293 0.0677418571906607 0.08343064441741399 0.11059001922187686
4 0.34459890681225 0.14075331128367516 0.07904312626704142 0.16190685775648758
4 0.2724557412194013 0.18308025214770657 0.0664249515990063 0.14093926051544958
4 0.2778381328081449 0.1982106071906607 0.07427381303532483 0.1475986962910983
4 0.2772381691088902 0.30133560719066066 0.04885565651766246 0.07441350180902226
4 0.2514341932111911 0.3038907191310198 0.048973831185697494 0.09472600180902227
4 0.3096330334720748 0.24051429387082063 0.06306360226293632 0.10015048620519007
0 0.5599279492613153 0.3372509322691458 0.05675906010845857 0.09044793758467104
1 0.7256064496540988 0.6053878578680292 0.02999657220870695 0.05468085594746519
1 0.6980990731906657 0.6320798326532586 0.028379530054229284 0.04522396879233561
1 0.39615075381062903 0.5482659181356515 0.03470225292686617 0.058051517412854636
1 0.40931837432213386 0.5684932089542546 0.02841589149054786 0.05147396879233561
4 0.37458482601933596 0.49399449796383516 0.036228391490547726 0.051883404567984216
4 0.3370126240275462 0.3701132626631562 0.05851245764913058 0.12334232473980081
1 0.4774290666495621 0.27900466304726895 0.06480790944452863 0.13148237336031982