2 0.30350434338392895 0.06874355422671485 0.09138368676785787 0.10143109604505715
4 0.36952327422028775 0.14035611029501513 0.09230419961943923 0.16225933540139542
4 0.29780478311753633 0.17740836004291358 0.07741402866891205 0.14096348960843982
4 0.3030971195813831 0.1925798919738988 0.08548119665368965 0.14775979282674845
4 0.3018622248283101 0.29610372972108273 0.05455484882113639 0.07704310124083724
4 0.2753952253226017 0.2965900487788332 0.05688135277546911 0.09590236188449897
2 0.33453546197672884 0.23762459420347176 0.0696360207602467 0.1030264470337929
0 0.4621299268820261 0.08061475955838096 0.08988485376405216 0.10288433540139544
0 0.5559979209877082 0.4533199220632985 0.06294035178688588 0.09165190445914603
1 0.7673266932308296 0.5732657073484785 0.03861151384016441 0.06813799480421992
1 0.7578853676413978 0.6092196328428463 0.03147017589344294 0.045825952229573017
0 0.5199954595052709 0.23890786079921825 0.06351335475263546 0.10571440445914589
1 0.49761241802195866 0.4352147782478144 0.05356535178688589 0.09099634059717551
1 0.4209809338392894 0.5046424854210658 0.04160917984777566 0.06523151609154336
1 0.4363658533069417 0.5189617115358525 0.051620849809719614 0.0815120799535137
2 0.40478293087353984 0.48948737898444855 0.0395373438782205 0.052622255447881724