4 0.2910858872931382 0.314968170108897 0.03337612133990877 0.0505402205426357
4 0.3090728186266837 0.3145571599298642 0.030287484006999675 0.05346496144333708
1 0.34234784794718426 0.4112912600221493 0.03655566534054513 0.0554279796419344
1 0.3690557986155478 0.4004934623661878 0.03333975867281787 0.047415220542635736
1 0.392584205283275 0.39418290561092756 0.03504770934118149 0.06001535009228505
1 0.4200643152848659 0.38421642272979073 0.028797709341181487 0.05961483189368781
1 0.4648501039545021 0.3651951148947964 0.02400112133990877 0.049939443244739756
1 0.5386694119589565 0.33708870372831445 0.02556362133990877 0.05003957279438911
1 0.14168587130013788 0.2537932333425622 0.03637385200509069 0.0398029796419344
1 0.1762699566359105 0.23802733343484722 0.03337612133990877 0.0505402205426357
1 0.2015972206397285 0.21150440622923644 0.03493862133990877 0.05064035009228505
1 0.24095062197645561 0.18900764497046946 0.04602157200827239 0.06384125693983034
1 0.2721642593093647 0.19413523596345586 0.036392033338636054 0.041365479641934357
1 0.3178040233131828 0.16891399290328618 0.04760225334181776 0.0655038864894796
1 0.3634437873170008 0.14369274984311647 0.026962489337999784 0.03607720234403846
1 0.40797503731700074 0.1465464420081221 0.0364465773392725 0.0460529796419344
1 0.4568761613224096 0.10980670804725108 0.04600339067472685 0.06227875693983033
1 0.49380399665818225 0.09419100246401013 0.042842028007635945 0.05895349784053168
1 0.5395164859961821 0.06271975940384045 0.05534202800763595 0.05975453423772623
1 0.4981909573122282 0.18751020588778275 0.03499316534054522 0.055327850092285046
1 0.09454724196372895 0.27344559685308256 0.04743862133990877 0.05144138648947969
1 0.05910009062700182 0.29619268198597287 0.05210794000636334 0.05017927513842757
1 0.14377398794559343 0.4102935572166855 0.050618165340545127 0.05632914558877826
1 0.5009603266231839 0.3526543445367307 0.03030566534054522 0.055027461443337075
1 0.1659217079487751 0.388257870911776 0.038063621339908774 0.05084060919158375
1 0.19583647461809311 0.37062908235511316 0.03504770934118149 0.06001535009228505
4 0.3157222606222293 0.34782024290328617 0.03197725334181776 0.06450259099298643
4 0.24549157662318383 0.3362831631690667 0.03023294000636332 0.048777461443337077