2 0.308012627846598 0.9505648360381265 0.0867752610179167 0.09887032792374698
4 0.37205563763024385 0.8866052962638264 0.08492312670923621 0.1592307240254179
4 0.29912597748600767 0.8400382134721109 0.070387848023889 0.13867276217486468
4 0.30346798536979236 0.8252762840889618 0.07830945079743064 0.1434966298696164
4 0.29948704055628533 0.7213427605500116 0.05167290919430565 0.07274775324641088
4 0.2728699891695145 0.7185353603878558 0.05214568787965286 0.09306025324641087
4 0.33375424420350763 0.7844155048679686 0.06635365824437507 0.09955571509696384
4 0.3946508041396532 0.5488558802733581 0.04713087955902786 0.07891593262955983
4 0.35733460172670195 0.6567541550301245 0.06217530452090285 0.1213488944801128
1 0.40211846523381994 0.5677286111986346 0.04244337955902786 0.07883411201270896
1 0.420562606760695 0.7226752098186628 0.055270687879652815 0.09311480032431163
1 0.4270678331093409 0.7673019172049891 0.06184799620027785 0.10728639448011279
1 0.9721263601339064 0.695665839684984 0.05574727973218714 0.10731366801906325
1 0.9945923334905906 0.7445669898471398 0.010815333018818762 0.10202615016215581
4 0.2877669841355214 0.6539779825468344 0.060103658244375066 0.09944662094116268