4 0.18959588027511645 0.6260069411509764 0.038045374275053764 0.049037517856907444
4 0.20625058400938284 0.6333382000794302 0.03527557178554277 0.053670470779006864
1 0.276114643347371 0.5578939151763942 0.04152557178554286 0.0537795649348082
1 0.2948879541352517 0.5785609711827486 0.03780857593472771 0.04591251785690744
1 0.313294412018703 0.593745640419628 0.04031826929603186 0.05843979139585791
1 0.3343522732215022 0.6152348567344077 0.03563076929603186 0.05835797077900686
1 0.3660040923077526 0.6517723745913152 0.028670374275053766 0.048873876623205345
1 0.41961342176696526 0.7082502455324778 0.030232874275053768 0.048901150162155814
1 0.03123892861544251 0.620113676947517 0.03877908008391258 0.03812729139585791
1 0.05567024355250807 0.6487023271096728 0.038045374275053744 0.049037517856907444
1 0.06706876222384003 0.6841040389602258 0.039607874275053745 0.04906479139585791
1 0.09241138172500898 0.721313712661332 0.05149256763635792 0.061755706168510116
1 0.12222893628911233 0.7304392966708636 0.04045997925407559 0.0397170649348082
1 0.1526851082797922 0.7724319277582958 0.054854365976683986 0.06493525324641106
1 0.18151958068539056 0.815178535306778 0.030729781743586537 0.034865923701106194
1 0.22180103856884187 0.8307450340889619 0.040933575934727705 0.04596706493480838
1 0.2505287671982175 0.8852240284069189 0.05137416846619498 0.06019320616851047
1 0.2756229329651201 0.91538881533855 0.04801237012586892 0.057013659090609535
1 0.3039246091049848 0.965166672887032 0.06086756763635792 0.06191934740221221
1 0.3195756877390049 0.8308871302733583 0.039963071785542856 0.053752291395857556
1 0.012128072710981732 0.5819863855516592 0.024256145421963464 0.05084547970746058
1 0.002161538167856509 0.5449130795453048 0.004323076335713018 0.049201159090609535
1 0.10012175102568524 0.47502904788867956 0.055706470955705814 0.05558752678536116
1 0.3921755060000627 0.6780445482924213 0.035393970955705886 0.055232970779006865
1 0.1103721667925878 0.5049347362002823 0.04285127344521679 0.05068183847375849
1 0.12927553214457185 0.5342091789761119 0.04031826929603186 0.05843979139585791
4 0.22562846865739877 0.604731959007884 0.03754846680652095 0.06307274431795715
4 0.15896210952919207 0.5863580600635443 0.034801975104890734 0.047420470779006865