2 0.18701631058675122 0.12295692078245335 0.06617727171162172 0.11783134043361101
2 0.15759633023145836 0.042576353675925625 0.05581766046291672 0.062460335249814716
4 0.27184938296032674 0.1902899752123143 0.05258996071058579 0.16021433006601846
4 0.2153125926374552 0.24603283581546256 0.042341665425315436 0.14064412384546293
4 0.224524926797855 0.2600659415176385 0.05029971463952716 0.14445262902925918
4 0.25265638895618275 0.3628977070690273 0.037577082712657715 0.07175742280870363
4 0.2280930365988179 0.3700854904808792 0.03390842721213971 0.09322231969842587
4 0.26586055624352506 0.2955830679549995 0.04811647642635144 0.09757762902925915
4 0.3984869274170275 0.5203765993406011 0.03318068114108117 0.07759731969842587
4 0.3284226763835702 0.4193226557967124 0.038343370140045165 0.12162072177194436
1 0.3895763461521119 0.3958844472670826 0.037033427212139716 0.09349572177194432
1 0.3734397698495949 0.35012288793624935 0.039794554176610396 0.08595662384546295
1 0.88026765860089 0.33999992591976685 0.04230312406898662 0.10640582488222217
1 0.9213249981379732 0.286015054949026 0.03874147642635144 0.09675742280870363
4 0.28496377481199364 0.4217450267674533 0.0419392510334573 0.09859332488222212
1 0.42223264247083947 0.5123392154103696 0.028857054176610396 0.08499971658814812