4 0.2844731736083267 0.7573710782151191 0.04483401000193972 0.05298115626060227
4 0.30269701512359576 0.7548735607919239 0.043526601517208795 0.05605159255827132
1 0.3232961707333887 0.6560913204105708 0.04834164727484325 0.05777778366526398
1 0.3516922377028505 0.6633507489036916 0.044578918486670636 0.04985615626060227
1 0.375783441945216 0.6657589862898199 0.050159238790112325 0.06095734736759475
1 0.4050245317934952 0.6722644466341062 0.043909238790112326 0.060739092558271326
1 0.45256921149005347 0.6848934214063627 0.03676641848667046 0.049583337748947895
1 0.530200003913708 0.7032738883740709 0.038456464244305086 0.05120040145127884
1 0.143274475574879 0.8362723498146656 0.044068735456132435 0.04360615626060209
1 0.18000920102907178 0.8469568786706059 0.04483401000193972 0.05298115626060209
1 0.20862853754337102 0.8706771208660576 0.04639651000193969 0.05303571996293286
1 0.2519481028458429 0.887075936382487 0.060044421820650486 0.06753472958157972
1 0.28240087739165015 0.8787376467267733 0.04575878121376693 0.045223219962933214
1 0.33184289693648755 0.8969172170525261 0.06329696757828503 0.0692063569862416
1 0.38037612072369037 0.9166320055271135 0.03587359818322886 0.0386458377489479
1 0.42417391814831484 0.9079762573412122 0.04770391848667064 0.04996528366526398
1 0.47897311738971043 0.9373115824762884 0.05991687606301603 0.06597222958158007
1 0.5172703428439032 0.9480506750345598 0.05653678454774678 0.06273810217691818
1 0.568418383600568 0.9697061425080132 0.06954696757828494 0.06058771498397349
1 0.5091067696655236 0.8560987880112512 0.04834164727484343 0.05777778366526398
1 0.09423106875713802 0.8228075613400782 0.05915160151720873 0.05659722958158007
1 0.05494529921230064 0.8049826550794759 0.06071410151720873 0.05665179328391083
1 0.12452395982306345 0.6820560757680484 0.06278678454774687 0.06295635698624161
1 0.490276505580698 0.6932614821134686 0.045216647274843244 0.05766865626060227
1 0.14961968361026629 0.700952408707673 0.049649055759574165 0.05470734736759475
1 0.18219306754919 0.7146255283077864 0.050159238790112325 0.06095734736759475
4 0.3046579989127382 0.7212525289407585 0.047289330305381405 0.06397321996293322
4 0.23640233542703742 0.7415898215916972 0.04158146424430509 0.051309528855940555