2 0.8431517564928217 0.14900633341029074 0.03746481818121907 0.08959312101845249
2 0.815309174511885 0.2082602360693615 0.03535684740221221 0.058252115756780666
2 0.7868762573036007 0.2784061360975964 0.024201159090609537 0.04511507892507769
2 0.805780215907743 0.2436062018684945 0.02422843262955974 0.04667757892507769
2 0.8867517520285949 0.1429607307371025 0.03543866801906326 0.06293961575678067
2 0.8677074715897856 0.21443391233536846 0.024364800324311632 0.054490078925077776
4 0.8311211351446222 0.2645935360552441 0.032613676947516976 0.07994510523343692
2 0.7441177873353728 0.3773749861399487 0.02285684740221221 0.05752407366340586
2 0.7598694724005646 0.3408305413875031 0.0339852621748646 0.06909861049510883
2 0.7635087155007058 0.41518579928001087 0.026063668019063256 0.062393584186749604
2 0.719482025971287 0.4414983993223632 0.03225912094116268 0.05963260523343692
2 0.7316916996723931 0.470305938784902 0.03393071509696384 0.06597361049510883
2 0.712951382301953 0.5144808730140039 0.024364800324311632 0.05449007892507769
2 0.687275272317839 0.5637150335655825 0.02916139448011279 0.061013094710093266
2 0.667744022317839 0.5625774677946843 0.027435253246410874 0.051547089448421346
2 0.6539775771063775 0.6234316678088018 0.027626168019063257 0.06248458944842135
2 0.615910561278065 0.6781877862670056 0.014607970779006862 0.03206904735504672
2 0.6380525681779238 0.6053341151920832 0.01929547077900686 0.03234206314006229
2 0.6506713449632849 0.6575791546546222 0.017787517856907444 0.035376057878390196
2 0.5994594468297241 0.7193742283886152 0.014471603084255236 0.02425654735504672
2 0.591960592527653 0.736887952080256 0.016115923701106104 0.02903505261671846
2 0.5777168603845604 0.7703984020943734 0.014607970779006862 0.03206904735504672
4 0.579146946829724 0.7181911599868812 0.02573638555165907 0.04364358418674961
2 0.5128233283274888 0.09308547319753058 0.027462526785361163 0.05310958944842144
2 0.5202364078727936 0.11536999687505389 0.022747753246410873 0.051274073663405875
2 0.5168347183433749 0.14404873372087426 0.024255706168510117 0.048240078925077735
2 0.513583033278183 0.18132122056669467 0.027353432629559825 0.04685958944842143
2 0.5133336172877145 0.21174446793585872 0.025709112012708958 0.04208108418674961
2 0.5129069232940691 0.23201146530502284 0.02406479139585791 0.03730257892507769
2 0.5055717102257 0.25890018899666356 0.022611385551659247 0.04346157366340586
2 0.508942172076253 0.27314469952000725 0.022665932629559828 0.04658657366340595
2 0.508638209007884 0.3004429468891713 0.02102161201270878 0.04180806840173403
2 0.5097603782447633 0.32001969952000725 0.022611385551659247 0.04346157366340595
2 0.5078393680984934 0.34410194162749946 0.022420470779006864 0.03252407366340586
2 0.4945814374975285 0.38937664427245283 0.022665932629560005 0.04658657366340595
2 0.5063274610364789 0.39162168373499173 0.019595479707460582 0.049529563140062204
2 0.5013905450460105 0.42177191531914027 0.024119338473758488 0.04042757892507769
2 0.5017860113607904 0.44442816531914026 0.022584112012708955 0.04189907366340595
2 0.501536595370322 0.4748514126883043 0.016170470779006862 0.03216005261671846
2 0.4989297926103785 0.5043569021649607 0.01776024431795715 0.033813557878390375
2 0.4972406075451866 0.5417203942724529 0.021021612012708957 0.04180806840173403
2 0.47000458279171564 0.09917657850155473 0.024255706168510117 0.048240078925077735
2 0.471372213879148 0.13281583113239065 0.027380706168510117 0.04842208944842143
2 0.47092002069628125 0.28575882060904695 0.022720479707460585 0.04971157366340586
2 0.46917628855318877 0.3199973127165392 0.02414661201270878 0.04199007892507769
2 0.47463713027335813 0.4092873258707188 0.022665932629559828 0.046586573663405816
2 0.4681922613607904 0.44247155219319545 0.02261138555165907 0.04346157366340577
2 0.4716990909060952 0.4645285627165392 0.016197744317957154 0.03372255261671846
2 0.4711769395261234 0.4793268100857032 0.019404564934808022 0.03859206314006229
2 0.4700099058409034 0.5018920548240314 0.01935001785690744 0.035467063140062115
2 0.4680616221556833 0.5244117969315236 0.017678423701106106 0.029126057878390378
1 0.6344506866867496 0.2648456230845911 0.02008640340856651 0.07765456314006211
1 0.6533506911509764 0.27453143622465326 0.02134889448011279 0.060558068401734035
1 0.6651785353067778 0.2814639756871921 0.024664809252765353 0.07167757892507769
1 0.6372132224005647 0.33368662834626295 0.021130706168510115 0.04805806840173403
4 0.5177303855483639 0.5530597126741869 0.018005706168510115 0.047876057878390374
1 0.6111258295420094 0.5382075283744978 0.018032979707460584 0.049438557878390375
4 0.486611024753471 0.4692993627024217 0.014717064934808021 0.03831904735504672
4 0.4853388510523649 0.4411288600715858 0.016306838473758488 0.03997255261671846
1 0.456025272317839 0.5502462548381489 0.019595479707460582 0.049529563140062294
1 0.3149581672049891 0.42730303654935425 0.02137616801906326 0.062120568401734036
1 0.30546043627971253 0.4197257549793232 0.01819662094116259 0.05881355787839038
4 0.2495513555165918 0.43598081555913665 0.030805715096963927 0.06579159997176517
4 0.2611570572208751 0.47489910239083954 0.016415932629559826 0.04622255261671846
4 0.26399173092198125 0.5031606102833474 0.02280230032431154 0.05439907366340595
4 0.2990173417168741 0.587148473409292 0.016388659090609537 0.04466005261671846
4 0.2968684606294418 0.5534637181476202 0.0178420649348082 0.03850105787839038
4 0.2827377767820659 0.5487384207925736 0.016306838473758488 0.03997255261671846
2 0.29359741030513026 0.5002022102551125 0.017678423701106106 0.029126057878390198
2 0.26627520535443605 0.41041937343752694 0.01929547077900686 0.03234206314006212
2 0.27703147321134347 0.445385907638394 0.017732970779006863 0.032251057878390374
2 0.31754915340527134 0.5757405365493542 0.013045470779006774 0.031978042093374806
2 0.32165995494739896 0.5876867997035339 0.017787517856907444 0.035376057878390196
2 0.33163497280430637 0.622607831273565 0.017787517856907444 0.03537605787839038
2 0.32343668911908635 0.6447635523343698 0.016115923701106104 0.02903505261671846
2 0.32930090543386625 0.6677383207502213 0.011482970779006774 0.03188703683170289
2 0.34387192004436284 0.6529778707361038 0.0194045649348082 0.03859206314006212
1 0.645497280842551 0.27173265991629403 0.021403441558013724 0.06368306840173403