4 0.3051550207643387 0.28805776345612566 0.03398015785015547 0.048512743102595034
4 0.32303276550266685 0.2855535611721335 0.031128173635170953 0.05303646879233552
1 0.36590207594130597 0.37577576944901947 0.03737817363517095 0.05336401741285455
1 0.3909097812170953 0.36114338138937857 0.033798147326811724 0.04538774310259504
1 0.41389225490873605 0.3521025740624323 0.036088689420186525 0.057969630257724704
1 0.4404624601845253 0.33738829884766164 0.029929694681858444 0.059204581637205766
1 0.48289288389028345 0.31243920850402856 0.024696163111827298 0.049583920171816495
1 0.5527202655026668 0.27351614936806 0.027821163111827297 0.049747694482076096
1 0.15012661554501916 0.24994801108127646 0.036468121018452496 0.03773901741285446
1 0.183409552404957 0.22939649366842194 0.03398015785015547 0.048512743102595034
1 0.20511795243319186 0.19848068634147564 0.035542657850155465 0.04859463025772479
1 0.24267886561560634 0.17065225746323184 0.047208199943530274 0.06166784034363304
1 0.2740198708772782 0.17057701436063682 0.03812162628012441 0.0393834045679843
1 0.316867523536349 0.13933698043943887 0.0488617052052021 0.06331222749876284
1 0.3588429209337479 0.10657539009580583 0.028564615756780754 0.035767081637205766
1 0.4032831656720761 0.10267910617460789 0.03692314732681172 0.04555151741285455
1 0.44852777623777207 0.058775297943150465 0.047117194681858446 0.06010534034363304
1 0.4825919630977099 0.038182836952731045 0.04381018415851479 0.05681656603337355
1 0.5250300920792574 0.014323692334369453 0.056310184158514784 0.028647384668738906
1 0.4973362735363489 0.12987901402195254 0.03581567363517095 0.05328213025772479
1 0.10622469710093282 0.2765414885800393 0.04969616311182734 0.05089411465389251
1 0.07339678654935426 0.30490550599289384 0.05263915258848362 0.04793288896415202
1 0.16938339171220407 0.40566574457293314 0.05153167889684287 0.05566350180902226
1 0.5170935786427291 0.29419049751360915 0.03121917889684287 0.05459896879233552
1 0.18906656015629042 0.38034151797868143 0.038758663111827296 0.050320904567984305
1 0.21674423912372048 0.357732855608781 0.036088689420186545 0.057969630257724794
4 0.3327108733669398 0.31717537539648477 0.0332367052052021 0.06249335594746537
4 0.26212535758192423 0.31617279737732357 0.030855157850155468 0.04834896879233552
1 0.991343878769786 0.34511899593172946 0.017312242460427996 0.04654080732694634
1 0.9451947337914615 0.39243440920614103 0.02838260523343692 0.032642081637205764
1 0.9854432182887946 0.2542483344663402 0.029113563422410848 0.057062227498762844