2 0.285051109984114 0.06743521288594838 0.08614778003177204 0.10647678413027983
4 0.34947607427029903 0.14000743387616604 0.08400462743398433 0.16254477360693614
4 0.27681014164073914 0.18113369183926098 0.06958757142762995 0.1414132262518895
4 0.2812385430207109 0.19625045762427654 0.077481892044481 0.14655575256024878
4 0.2778623526805133 0.3000657023626047 0.051254582791715644 0.07478716837349922
4 0.2512589423720878 0.3008623629141833 0.05160913879807012 0.09509966837349922
4 0.3117657942385269 0.23947681285771352 0.06578073295387146 0.10216871572854584
4 0.37404010308755037 0.4800632864787671 0.04667617694751698 0.08076415258848364
4 0.336091864044599 0.36914890230613495 0.061475062499176225 0.12377069994353027
1 0.4034975523562017 0.3605621285580244 0.05473413879807012 0.09528167889684287
1 0.4011907585247119 0.31350511803468073 0.054625044642268784 0.08903167889684287
1 0.9077759492719466 0.41339432807803167 0.06279210064862326 0.1097992052052021
1 0.9648305186709816 0.3705767674982182 0.0563511858759707 0.0984976841585147
4 0.29242368466145 0.3619132549793232 0.05953073295387146 0.10180469468185845
1 0.40067078693492625 0.4777041259271885 0.045222771103318314 0.08692314732681172