2 0.7647693389300743 0.027419581991041296 0.032688503628197196 0.05483916398208259
2 0.7445089134321783 0.07764096319629431 0.031597229581580066 0.05607021753501129
2 0.7254836057202974 0.1534050965709058 0.021785719962933037 0.043133569892376135
2 0.7401016664274034 0.11450526241050603 0.02189484736759475 0.04625856989237613
2 0.8075297578045483 0.011593374795112221 0.031760920688572634 0.023186749590224442
2 0.7970982000926673 0.06817176385824808 0.022113102176918177 0.05250856989237616
4 0.7677083112552602 0.12803906948260058 0.02923612141421188 0.07779966832079957
2 0.6959374602594682 0.26241837758815245 0.020714293283910834 0.05712329528527036
2 0.7067038346689051 0.2221379799455173 0.03041667549789597 0.06693494292790544
2 0.7190103725105204 0.2941028711780117 0.022440484390903494 0.06188356989237622
2 0.6786656255057452 0.3326409863556581 0.030089293283910835 0.05755994292790536
2 0.694952824417286 0.3576217156774937 0.03030754809323426 0.06380994292790546
2 0.681569881496195 0.40582377523078766 0.022113102176918177 0.05250856989237609
2 0.662472651914615 0.461311795908952 0.025510920688572546 0.06046661910658777
2 0.6428322745099533 0.46534647849777516 0.02518353847458741 0.05109161910658777
2 0.6366889127143882 0.5295909150155399 0.02400298439090349 0.061956344499482084
2 0.6056001146211539 0.5934372452469983 0.013536710344286362 0.030269696856846905
2 0.6184572678865313 0.5156204603008102 0.01822421034428636 0.030488020678164494
2 0.6378322612631093 0.5638567531048811 0.015262901451278843 0.03502997146395277
2 0.5946700491047245 0.6384051428896333 0.013318455534962937 0.024019696856846906
2 0.5900817528255888 0.658118329407398 0.013482146641955416 0.028707196856846907
2 0.5794517876719791 0.6944924770500333 0.011974210344286185 0.030196922249740864
4 0.5750023898488974 0.6432210754784566 0.02329365626060227 0.04164384449948209
2 0.43356397894860776 0.047664634617465784 0.02518353847458741 0.05109161910658786
2 0.44301090081830663 0.06750409967127771 0.02049603847458741 0.05087329528527029
2 0.44356397232518585 0.09633757506417187 0.023511911069925517 0.047893844499481995
2 0.4453521616180799 0.13447327584996013 0.02501984736759475 0.04640411910658786
2 0.44824898312495903 0.1631975893321955 0.02329365626060227 0.041643844499482
2 0.4498834049946579 0.18340092742153674 0.021567465153609612 0.036883569892376136
2 0.44653022650153706 0.21241633933219548 0.020223219962933213 0.043060795285270334
2 0.45153518503172474 0.225442878207325 0.020277783665263983 0.04462329528527027
2 0.4544865702409348 0.25260469168956035 0.02016865626060227 0.04149829528527027
2 0.45773805581296456 0.27117275517179573 0.020223219962933036 0.04306079528527036
2 0.45923606842683623 0.29528234326113695 0.01984127404661713 0.03212329528527036
2 0.45132187550574515 0.34322969168956036 0.02033234736759475 0.04618579528527027
2 0.4638491573569105 0.3418662448327135 0.01731647477225664 0.049165246071058634
2 0.4619766333102935 0.3731526321362664 0.021622028855940556 0.03844606989237613
2 0.46509170962649604 0.39562694561850176 0.02173115626060209 0.041571069892376224
2 0.46874249928220985 0.42509612179718415 0.01515377404661713 0.03190497146395259
2 0.4700222570867581 0.45545570988652545 0.016770837748947897 0.033540246071058634
2 0.47261897823081755 0.4927737733687607 0.018551592558271324 0.039863020678164315
2 0.39239334192529923 0.06518177440221809 0.023511911069925694 0.047893844499482
2 0.3974975041763512 0.09770317597379466 0.025074411069925695 0.04796661910658786
2 0.4156423250502582 0.24817405686720678 0.02044147477225664 0.04931079528527027
2 0.4183481735989794 0.2823671203494421 0.02173115626060227 0.041571069892376133
2 0.43406988811961683 0.3682125750641719 0.02033234736759475 0.04618579528527027
2 0.43208823666833807 0.4026239623677247 0.020223219962933036 0.04306079528527031
2 0.43838287668687154 0.42339022663574843 0.015208337748947897 0.03346747146395277
2 0.43942702151472834 0.43816120202864256 0.01687996515360979 0.03666524607105863
2 0.440979597830931 0.46070829011798387 0.018387901451278842 0.03517552067816432
2 0.44175092414713363 0.483291765510878 0.01655258293962447 0.027290246071058632
1 0.5649776369384906 0.28255755728149157 0.022331356986241602 0.058758569892376135
1 0.576914641747814 0.2757617477281976 0.01769842068857237 0.06010274607105863
1 0.5863987691524757 0.27220010008556245 0.021150802902557685 0.06962329528527036
1 0.5844344758685649 0.32845010008556247 0.018551592558271324 0.039863020678164496
4 0.4943030052726596 0.4972236788692788 0.01720734736759475 0.04604024607105863
1 0.569521260081983 0.4874804977281976 0.015753974772256464 0.04909247146395277
4 0.452663631496195 0.41648525517179563 0.013754965153609789 0.03651969685684686
4 0.44868545962649603 0.39639107899311327 0.015372028855940556 0.03815497146395268
1 0.427333760081983 0.49410298697483057 0.01909722958157989 0.055488020678164315
1 0.25539925109630834 0.39213388027423957 0.017698420688572546 0.06010274607105863
1 0.24591512369164664 0.39569552791687473 0.020714293283910834 0.05712329528527036
4 0.2156894211519087 0.45716172084478013 0.028799611795565026 0.0652996683207995
4 0.232403205998299 0.49226231286306277 0.014027783665263981 0.0443321968568469
4 0.23850687305867443 0.5184973271310864 0.020550602176918266 0.052435795285270356
4 0.2835440653467934 0.5912777016143578 0.013973219962933126 0.04276969685684691
4 0.27763137124457593 0.5595739373463342 0.01531746515360961 0.03659247146395259
4 0.2620609349469068 0.5587391834173927 0.013809528855940556 0.038082196856846905
2 0.2677405052726596 0.507775996899628 0.016607146641955416 0.028852746071058633
2 0.2291988496450295 0.42767327398793337 0.016661710344286273 0.03041524607105863
2 0.244486543747247 0.4589403906133218 0.016661710344286186 0.03041524607105863
2 0.30049595237010196 0.5748885682397462 0.01202877404661713 0.03175942224974086
2 0.3055554746026205 0.5863526071148758 0.016825401451278844 0.035102746071058635
2 0.32006191870483797 0.6176561110438172 0.015262901451278843 0.03502997146395259
2 0.31455596316987516 0.6413119348651348 0.013482146641955416 0.028707196856846907
2 0.32316707133724315 0.6627502872224996 0.01046627404661713 0.03168664764263518
2 0.335513303914048 0.6442357276692057 0.01844246515360961 0.03673802067816432