2 0.15546875 0.86953125 0.053125 0.109375
2 0.1234375 0.959375 0.046875 0.08125
4 0.24140625 0.815625 0.03515625 0.15390625
4 0.18671875 0.75078125 0.02734375 0.13515625
4 0.19609375 0.73828125 0.034375 0.1390625
4 0.2265625 0.6390625 0.03046875 0.06640625
4 0.20234375 0.628125 0.02421875 0.0890625
4 0.23828125 0.70859375 0.0375 0.090625
4 0.375 0.50390625 0.02421875 0.07421875
4 0.303125 0.59453125 0.02421875 0.11796875
1 0.3796875 0.5140625 0.01796875 0.07578125
1 0.3453125 0.66171875 0.0265625 0.0890625
1 0.334375 0.715625 0.0296875 0.1015625
1 0.871875 0.79609375 0.03125 0.1015625
1 0.9046875 0.8484375 0.0328125 0.096875
4 0.2375 0.571875 0.03046875 0.09375