2 0.29596336935861445 0.04848697609409077 0.08880173871722885 0.09697395218818154
4 0.3620035579967011 0.11510126259122773 0.08735891066226813 0.15673178903121973
4 0.28983905298213614 0.1592785094679698 0.07426787727617326 0.13634656615858282
4 0.29495846199505166 0.17409498839073093 0.08226223370266403 0.1426420179539809
4 0.2948568250854599 0.27801941910889016 0.052136813011266006 0.07372839149054773
4 0.26836252124539395 0.28051770521324365 0.054244882290738164 0.09248748184962743
4 0.32663201082055265 0.21532397638867837 0.06848923871722885 0.09881929508134393
0 0.6229350463182186 0.05966783226585195 0.07331313103709683 0.10353406615858281
1 0.6849866977427796 0.6078371666730031 0.03279577962517131 0.05330680718159222
1 0.6670095875553652 0.6345087509819587 0.029397994985435005 0.04391362646343318
4 0.3960652870805116 0.4532416120254936 0.049148205331134065 0.07839771077238851
4 0.35462428167023524 0.34487057582294434 0.06439277210332381 0.1191045240041051
1 0.5234484895086517 0.40014790740142525 0.0492391335443795 0.08152271077238851
1 0.3962578522033486 0.3524421813073344 0.054381274610606226 0.09717498184962743
1 0.40831861685133203 0.07003017798768472 0.08538723370266399 0.14006035597536945
1 0.4061052474927175 0.020784156910445873 0.06221049498543505 0.041568313820891746