2 0.8968872930819103 0.8280757812147321 0.060835680687266344 0.08979201186299797
2 0.8549764320460624 0.7762612718231919 0.048424211894930735 0.0612213428896375
2 0.8105137810961228 0.713381928439263 0.035187227498762755 0.046649506920082115
2 0.8371238687262224 0.7434341843707621 0.03683161465389269 0.04827567391627667
2 0.93767606739217 0.8266061231157863 0.04554487336031983 0.06578150889724847
2 0.9050959407524897 0.7610792822033152 0.03872166327441136 0.05458934091247105
4 0.8572250067858633 0.7184169383250948 0.05409435775648745 0.08016234387822045
2 0.7438828810506942 0.6253288301124182 0.0389673247398008 0.059276840912471054
2 0.7680263879480993 0.6576293355496257 0.05204053482570892 0.07072367688202626
2 0.7530431970840679 0.5849903315952929 0.042256099050060315 0.06252917490485962
2 0.7030808186353654 0.5672961542189752 0.048506099050060314 0.0627838428896375
2 0.7085838681603955 0.5369865717094612 0.05039614767057934 0.0690975098858317
2 0.6792991598835096 0.49821323178557336 0.03872166327441171 0.05458934091247105
2 0.6424476130720128 0.4544340568807136 0.04538109905006031 0.06265650889724857
2 0.6226297580290587 0.45910696942828366 0.04184666327441171 0.054716674904859805
2 0.594286752036165 0.4023648795043958 0.04390048620519007 0.06415534190105418
2 0.5434136488022331 0.35723145163378656 0.023512743102595123 0.03214133794672147
2 0.5829840818643485 0.42382604402913227 0.026719630257724704 0.03383117193911023
2 0.58264324513876 0.37057371003674355 0.026883404567984215 0.03695617193911023
2 0.5172129969477822 0.3193666957022875 0.020060194482076098 0.025764003954332714
2 0.5054909249215148 0.30401360973273234 0.02343085594746519 0.03057883794672147
2 0.48278708729141523 0.2741205212917193 0.021950243102595125 0.03207767095052709
4 0.4973951419048282 0.3240396082498576 0.03674972749876275 0.046713173916276586
2 0.5840044335164005 0.9421595499606313 0.04028416327441171 0.05465300790866543
2 0.585191797265782 0.9195032999606314 0.03707727611928178 0.052963173916276675
2 0.5756463789029878 0.8924951309872707 0.03691350180902227 0.04983817391627667
2 0.563467283470972 0.8559846280215211 0.03847600180902226 0.04990184091247087
2 0.5555662522633076 0.8274776260443548 0.036667840343633 0.045150673916276675
2 0.5495585917024295 0.8076598745614799 0.033297178878243724 0.040335839923887916
2 0.5367653426069406 0.7828681215957305 0.033542840343633175 0.04502333992388792
2 0.5359807705806732 0.7679607045995361 0.03362472749876275 0.046585839923887915
2 0.5287381586403141 0.741829286120467 0.03189845318850324 0.043397172927693364
2 0.5250333045018711 0.7228882851318839 0.033542840343632994 0.04502333992388792
2 0.5176269182512525 0.6998818666528146 0.029926517412854636 0.035521005931499164
2 0.49315254070706127 0.6589557777175099 0.03526911465389251 0.048212006920082116
2 0.5051578957500154 0.6539645301889678 0.033788501809022264 0.04971083992388792
2 0.49252842096478594 0.6260477772232184 0.033379066033373664 0.04189833992388792
2 0.4874657847141674 0.6031368592384407 0.033542840343632994 0.04502333992388792
2 0.4803460035065029 0.5746616907593716 0.025157130257724702 0.033767504942915846
2 0.47010122229883855 0.5460591882879137 0.026801517412854636 0.03539367193911023
2 0.459443683289258 0.5103936023183586 0.03189845318850324 0.043397172927693364
2 0.5400497156285761 0.9442831240671884 0.03691350180902227 0.04983817391627667
2 0.533134652308736 0.9119017055881192 0.040120388964152195 0.05152800790866543
2 0.49551954489093275 0.7631803626984819 0.03543288896415202 0.05133700692008212
2 0.4855204251486575 0.729890360227024 0.035105340343632996 0.04508700692008212
2 0.46893046868079385 0.6430933557783997 0.03526911465389269 0.048212006920082116
2 0.454121018205824 0.6119561023183586 0.033542840343633175 0.04502333992388792
2 0.4529236883776406 0.5899856018240669 0.025239017412854635 0.03533000494291585
2 0.4489731727738084 0.5757321008354838 0.028609678878243727 0.04014483893530461
2 0.44148489936806 0.5542881823564146 0.02852779172311415 0.038582338935304605
2 0.43477787596231166 0.5328760973754427 0.02499335594746537 0.03064250494291585
1 0.7679876871344452 0.8525744210248891 0.05187676051544958 0.06759867688202625
4 0.4845665140219525 0.5090685242574688 0.03214411465389251 0.04808467292769336
1 0.5954697144969223 0.544121297983465 0.030663501809022265 0.04958350593149898
4 0.46665531773085417 0.5819330212917193 0.02540279172311415 0.03845500494291585
4 0.47221259893851875 0.6103445227745941 0.027047178878243726 0.040081171939110406
1 0.3046499626879001 0.5808122371855997 0.03748671189493056 0.060775673916276675
4 0.2395771613538476 0.6572354743340185 0.048751760515449584 0.06747134288963749
4 0.2416652838096563 0.6173917243340185 0.028855340343632997 0.044832338935304604
4 0.23762955902442692 0.5898251398473382 0.03715916327441153 0.054525673916276676
4 0.2524124332892579 0.5019577253226017 0.028855340343632997 0.044832338935304604
4 0.2585053030315331 0.5350885603035737 0.02696529172311397 0.038518671939110405
4 0.24481461725588435 0.5423598908359214 0.027047178878243816 0.040081171939110406
2 0.2683439704898162 0.5863791462731288 0.025075243102595034 0.03220500494291585
2 0.26273137833716087 0.6785348127750316 0.02671963025772479 0.03383117193911023
2 0.2645738393275802 0.6433785627750316 0.02671963025772479 0.03383117193911023
2 0.27313769109117403 0.5098484797712259 0.021950243102595034 0.03207767095052709
2 0.2746149819097769 0.4965990632693232 0.026883404567984305 0.03695617193911023
2 0.27567619290019635 0.46141097977122597 0.026883404567984305 0.03695617193911023
2 0.26263728233931827 0.4413067268054764 0.02343085594746528 0.03057883794672165
2 0.26226214608869963 0.41858680980928203 0.020387743102595036 0.032014003954332716
2 0.28043893600279135 0.43028831376361476 0.030172178878243815 0.04020850593149916
1 0.3173137369981596 0.5781965731551549 0.035351001809022266 0.04977450692008212