4 0.29272073262709525 0.673240237859299 0.028672963606069857 0.046085389812585476
4 0.31087141914485994 0.67766932508546 0.025766287427387447 0.05068196159934022
1 0.3568324284504848 0.5924054264973857 0.03201628742738745 0.05086381802583091
1 0.38185169912864925 0.6102976201500373 0.02852741439185813 0.04296038981258565
1 0.4034548713783902 0.6218488855894435 0.030672111248705038 0.05550585391920819
1 0.43003664205655473 0.6397865433487178 0.024494885855810722 0.0568864974927175
1 0.471226722288013 0.669852128067596 0.01937073821317572 0.04737510517284953
1 0.53970704859053 0.71631560259906 0.02249573821317572 0.047466033386094966
1 0.13759873903723605 0.692912577197031 0.03277826674922304 0.03372178213245362
1 0.1691591081438239 0.7172366272761732 0.028672963606069857 0.046085389812585656
1 0.19018223758949399 0.7498361786089568 0.030235463606069858 0.046130853919208195
1 0.2267939797316111 0.7821091210079671 0.0401198858558109 0.057341138558944314
1 0.2581895289458228 0.7861434031404206 0.03285104135632881 0.035284282132453625
1 0.2996707076057047 0.822458987859299 0.04331766046291676 0.05899456677218984
1 0.3404070235691393 0.8595330905248663 0.024892992142117088 0.031931961599340045
1 0.38452089660466865 0.8686185855103012 0.033142139784752264 0.04153428213245362
1 0.4281467721213973 0.9174796343358022 0.041609611248705033 0.05582410266556721
1 0.4612696412279852 0.9418491485215672 0.03833906203449331 0.05260817445232178
1 0.5031146929233963 0.978964394793897 0.050984611248705035 0.04207121041220603
1 0.47896010131939837 0.8526418960142849 0.030453787427387448 0.05081835391920819
1 0.09399213419867183 0.6612162963182187 0.044225188998963993 0.04497753087881229
1 0.06210427936010761 0.6298609962390763 0.04720463978475229 0.041943459092057725
1 0.16171682754086203 0.5406968593294845 0.046006012820281585 0.049710494985435005
1 0.5049852921803891 0.6911193743066724 0.02583906203449331 0.05224446159934022
1 0.1809227458616616 0.5677821965556454 0.033360463606069854 0.04622178213245363
1 0.2070871395753553 0.5935096222616083 0.030672111248705038 0.05550585391920819
4 0.32191592700274274 0.6467830379384414 0.026202935070022627 0.06005696159934022
4 0.25138510318142515 0.6400496531404207 0.025475188998963994 0.04443196159934022
1 0.984272531841307 0.6964831050398355 0.02078768899896417 0.044295569279472244
1 0.9357772198068137 0.6435794138944664 0.024820217535011225 0.03036946159934022
1 0.9795838390181 0.7861677306666561 0.040832321963799954 0.05131845909205772