4 0.27812687308459105 0.636087542837396 0.03563366311182729 0.04920121941479163
4 0.2957238967621144 0.6435188363403821 0.032690673635170954 0.05225348423243048
1 0.35206563104768607 0.5660309223964239 0.03903167889684287 0.05396145459715278
1 0.3750781968185842 0.5860713186729517 0.03545165258848364 0.04607621941479163
1 0.3954739968044667 0.6013696635627086 0.037742194681858354 0.05861258700597229
1 0.4200945652062008 0.622227677430417 0.031492194681858446 0.05846711664125
1 0.4572074283321455 0.6566396982319795 0.026258663111827295 0.048983013867708355
1 0.5197221098598244 0.7119279166968406 0.027821163111827297 0.049019381458888844
1 0.1197151336079348 0.6355212323325695 0.03812162628012437 0.03833645459715278
1 0.1486059730563562 0.6627201651782293 0.03563366311182729 0.04920121941479163
1 0.16549734144397282 0.6982219072944446 0.03719616311182734 0.04923758700597212
1 0.19727796246242538 0.734850391526875 0.0488617052052021 0.06199216014423605
1 0.22815623613994868 0.742590809554896 0.03821263154179624 0.03989895459715278
1 0.26563312031258085 0.7832528303564585 0.050515210466873926 0.06359102773541672
1 0.3016385097468849 0.8254409835668405 0.028564615756780754 0.03499324905006951
1 0.3445995544710955 0.8397041585287155 0.03848564732681172 0.04458645459715278
1 0.3820687333679384 0.8936292455346877 0.04877069994353036 0.06042966014423641
1 0.41261307807803166 0.9224270459715281 0.04546368942018657 0.05723192496187508
1 0.449027991189859 0.9706612581681252 0.05814569994353036 0.058677483663749544
1 0.44198278868608 0.8372896329775003 0.03746917889684287 0.05392508700597247
1 0.08012201258948227 0.5987109101442362 0.04969616311182732 0.049528527735416716
1 0.05541814420186566 0.563027330072118 0.048042657850155476 0.04792966014423605
1 0.16345888637994505 0.4890832966371182 0.05309417889684287 0.054288762917777865
1 0.4883510125188951 0.6823306824644101 0.03278167889684287 0.05381598423243048
1 0.1792049837208743 0.5183168549577432 0.0403211631118273 0.04931032218833344
1 0.20193682843096755 0.5469328174386807 0.037742194681858444 0.05861258700597229
4 0.3104465494211852 0.614994446047778 0.034890210466873926 0.06322735182361114
4 0.24083199943530262 0.5985505220358336 0.03241765785015556 0.04756598423243048