2 0.7054695093054869 0.9177000039137081 0.044986498100139015 0.05669628121376711
2 0.6988733639788898 0.869708914065429 0.04040810087368065 0.0610011439408634
2 0.6939663520110424 0.7934015055806981 0.027580792553055566 0.045918277879787084
2 0.7011437255861466 0.8327350725501599 0.029216027735416716 0.049170823637421535
2 0.7457496703996537 0.9331975870940274 0.03942617591180557 0.0188136439408634
2 0.7500182898906953 0.8811886769423065 0.029361498100139015 0.05542082363742153
4 0.731376086243473 0.8200916802762863 0.04088087955902786 0.0813136439408634
2 0.6843530030372229 0.6830379614900535 0.02947060087368065 0.06010832363742154
2 0.6876423104079172 0.7234716428536017 0.04066267401194459 0.0719386439408634
2 0.7133858863959728 0.6524895920949972 0.03114220364722229 0.06492336939505616
2 0.6803545276385075 0.6121355301265051 0.03888196846486132 0.06243609818322895
2 0.7017021975663894 0.5876936395196217 0.03902743882958344 0.06868609818322895
2 0.6974498022397922 0.5395112310348908 0.029361498100139015 0.05542082363742153
2 0.6883098851617019 0.48311770982306346 0.03423083605604162 0.06361596091032524
2 0.6693962310013893 0.47761700891467795 0.032450130508958355 0.05411341515269079
2 0.6757358435585769 0.41369803012650525 0.034267203647222286 0.06517846091032524
2 0.6562214709334031 0.3487585563393024 0.017914851823611144 0.032653003333979844
2 0.6549148504924309 0.42713864785457145 0.022602351823611144 0.033035640606883375
2 0.6819851903481948 0.3795303242171498 0.02114895459715278 0.037595594849248924
2 0.6535861269935767 0.30279235209693695 0.016206881458888843 0.026275457576345397
2 0.6523502821038198 0.28332487497575415 0.01787848423243048 0.031090503333979846
2 0.6491337099154864 0.246016193612206 0.017914851823611144 0.032653003333979844
4 0.6346724728332642 0.29729165118855133 0.029143292553055745 0.04604582363742162
2 0.38301197463621606 0.8853169071076051 0.03248649810013893 0.05567591515269079
2 0.3966380635420494 0.8654189952888942 0.02776263050895835 0.05373077787978744
2 0.40223344690079943 0.836783812258356 0.029252395326597336 0.050733323637421536
2 0.4107538085080562 0.7992997877125488 0.030778527735416717 0.04929836939505616
2 0.41945600807121597 0.7696282631667417 0.02910692496187508 0.04448332363742154
2 0.4244701631814589 0.7496506030150207 0.027435322188333444 0.039668277879787085
2 0.4269405465402089 0.7212705114997517 0.026018292553055745 0.045790732122152636
2 0.4344621058107645 0.7081327827115791 0.026054660144236054 0.04735323212215263
2 0.4416745405562853 0.6817138039234064 0.02598192496187508 0.044228232122152634
2 0.4490688132577089 0.6631073251352337 0.026018292553055565 0.045790732122152636
2 0.45477329939000055 0.6391596421046956 0.02420121941479163 0.034725686364518185
2 0.4559896540634033 0.5905308234682438 0.027653527735416718 0.04904327787978709
2 0.4677811392457644 0.5926992302859848 0.024601262917777866 0.051913186364518006
2 0.47174128742215327 0.5610665930130811 0.027508057370694415 0.04279327787978708
2 0.4798440749412157 0.5392713413460912 0.02754442496187508 0.04435577787978708
2 0.48856445829996564 0.510381066800284 0.019513719414791807 0.03434304909161447
2 0.49490472406753516 0.4801196108909286 0.021112587005972117 0.03603309484924892
2 0.5050057694703824 0.44328929058748684 0.02441942496187508 0.044100686364518006
2 0.3449664607685077 0.8649405052908339 0.0292523953265972 0.050733323637421536
2 0.35675729274048684 0.8334513892297576 0.032377395326597204 0.05098841515269044
2 0.402593856760695 0.6841211978642698 0.027726262917777734 0.05216827787978708
2 0.41118695355031304 0.6497621733184625 0.02754442496187508 0.04435577787978708
2 0.44365265501333384 0.5649249166505028 0.027653527735416718 0.04904327787978709
2 0.44754006800736157 0.5301672793775992 0.026018292553055565 0.045790732122152636
2 0.45804115691319486 0.5105244590741573 0.019550087005972116 0.035905549091614475
2 0.4616019147969796 0.49536184468007105 0.022747822188333443 0.039285640606883374
2 0.4673427685204518 0.4729766616495329 0.02271145459715278 0.03772314060688338
2 0.472302372243924 0.45065525149781205 0.02100348423243048 0.031345594849248926
1 0.5586808558107645 0.6979928949796335 0.03106946846486114 0.06179836939505616
1 0.5674746275622576 0.7058851433126436 0.027944468464861316 0.061543277879787084
1 0.5791388261754867 0.7025848001303846 0.032886541603125076 0.07286341515269079
1 0.5763216442797575 0.6488060958880191 0.024383057370694416 0.042538186364518185
4 0.5276074680836115 0.43909612710178614 0.022966027735416717 0.048660640606883375
1 0.6048064009292713 0.4601901349776938 0.023002395326597203 0.050223140606883376
4 0.47290309070878517 0.5100940243766294 0.019622822188333444 0.03903054909161448
4 0.4633650897588547 0.5374855718012539 0.02122168977951393 0.04072059484924893
1 0.4722653514423615 0.41543522861899485 0.024564895326597204 0.050350686364518005
1 0.2827320323881602 0.5115283339292255 0.026418336056041714 0.06297823212215263
1 0.273211562023438 0.5060436084750326 0.02947060087368065 0.06010832363742171
4 0.2417608870615629 0.4663432507489061 0.03746493882958344 0.06855855242559414
4 0.2652341014423615 0.4323350415055708 0.02136716014423614 0.046970594849248926
4 0.2755715361878823 0.40566097120212896 0.029361498100139015 0.055420823637421714
4 0.3342003473582989 0.33512545953319933 0.021330792553055568 0.045408094849248924
4 0.32242769918191005 0.36739582559427564 0.021185322188333446 0.039158094849248926
4 0.3075475815907295 0.36704501029180375 0.01965918977951393 0.04059304909161447
2 0.3032425945085073 0.41749142044352466 0.02100348423243057 0.031345594849248926
2 0.2502825550895838 0.49617427196073327 0.02263871941479163 0.034598140606883376
2 0.27070350465274345 0.46554615423266715 0.02107621941479172 0.03447059484924893
2 0.3479180084524656 0.3527913205933058 0.016352351823611146 0.032525457576345396
2 0.355494119109792 0.3419973418051332 0.02114895459715278 0.037595594849248924
2 0.3751338186729517 0.31143299695588417 0.02114895459715278 0.037595594849248924
2 0.37457012100965303 0.28721424695588416 0.017878484232430568 0.031090503333979846
2 0.3866155261198961 0.26666263089480796 0.014789851823611144 0.03239791181871077
2 0.39566387100965306 0.28549237922781795 0.02278418977951393 0.040848140606883555