4 0.3338290777316346 0.268645261991712 0.04549177513842757 0.05352741439185813
4 0.351597568632336 0.27260716997342943 0.044129534237726274 0.056579639784752264
1 0.3553955922296041 0.3722989549196175 0.04891716378737554 0.058360463606069855
1 0.3846522956533767 0.36817653515107585 0.04372901603912904 0.050329639784752266
1 0.40897117520302606 0.36774204156121665 0.04911742288667416 0.06148546360606986
1 0.43974031385197404 0.36447364639978086 0.044429922886674154 0.06126713978475227
1 0.48882865592469465 0.3565734092200624 0.03591651603912886 0.04996576674922304
1 0.5686360718715384 0.3461860268789082 0.039141645588778216 0.05167381596343468
1 0.20579251773717194 0.17570428308416125 0.04332849784053172 0.04407963978475227
1 0.24384323026024327 0.16885712365470185 0.04549177513842757 0.05352741439185813
1 0.2764449791805091 0.14921886579681898 0.04705427513842757 0.053600188998963995
1 0.32192745990217764 0.1364491920993359 0.060455441085271476 0.0682448858558109
1 0.350964117829457 0.14798815963434722 0.044991127390180984 0.04571491439185813
1 0.4027466633259502 0.13472833436528758 0.06211807063492079 0.06988016046291672
1 0.4545792735972681 0.12068725909622793 0.03521560919158375 0.03902826674922304
1 0.4968971815245474 0.132844810791639 0.046854016039128865 0.05047518899896399
1 0.555630633868586 0.1089385839510028 0.060355311535622215 0.06668238585581085
1 0.5952438463916573 0.10216419912864923 0.05546755243632351 0.0633390620344933
1 0.6506520396363971 0.08123742307380132 0.06836807063492074 0.07017125889134015
1 0.572980017737172 0.19280631575403775 0.04735466378737563 0.05828768899896399
1 0.1550916108896267 0.1843129956567738 0.05829216378737554 0.058797111248705035
1 0.1134653153931335 0.19804585587202153 0.06131703423772626 0.05738016046291672
1 0.1623860718715385 0.3272646290313853 0.06171755243632351 0.06363016046291677
1 0.5267291741232919 0.35206999979060305 0.044229663787375625 0.058142139784752266
1 0.19083124691768102 0.3113506846557378 0.04871690468807692 0.05523546360606986
1 0.22444478331487558 0.30037895140496085 0.04911742288667424 0.06148546360606986
4 0.3478822833148756 0.30612814536632355 0.04775518198597286 0.06453768899896399
4 0.28302804133444004 0.27881647456432457 0.04226664558877822 0.051819365177646404
1 0.9488185178940555 0.5762439778695843 0.037378886489479866 0.04847604135632899
1 0.8837349360003677 0.6014216062817971 0.0351154796419344 0.03746576674922295
1 0.9636505783499434 0.49152437551221945 0.019630181985972682 0.06322774607105863