2 0.2698789707915787 0.8970585053574777 0.07337334030732112 0.11629961179556503
2 0.2523723485215846 0.9705332108924404 0.05851387272903601 0.04878472958158007
4 0.34440086760738003 0.8309945065386038 0.06431707576345351 0.15805060217691827
4 0.278680401696085 0.7745287409295074 0.051849026671839125 0.1389186562606021
4 0.28540876275619137 0.760974672417853 0.06004416394474275 0.14387897477225664
4 0.2974307885099466 0.658702844287552 0.04311201333591956 0.07005952885594055
4 0.27094803684295665 0.651009395376011 0.04021015394280303 0.0917708377489479
4 0.32172902896704886 0.7260168298595817 0.05452774545807211 0.0953869110699257
4 0.41799889577703125 0.5040649295894292 0.03749974212409231 0.07765377404661714
4 0.36425175562918966 0.6038764458314979 0.04575852333785928 0.12156746515360979
1 0.42290953638391465 0.5258308021847675 0.03281224212409235 0.07749008293962448
1 0.41645172654145457 0.6866690984639032 0.043335153942803115 0.09187996515360979
1 0.4228927873019986 0.7655753484639032 0.05379416394474279 0.14366071996293323
1 0.976561275089438 0.747740452285284 0.04687744982112392 0.10616071996293304
4 0.2950075480528443 0.5906249668828902 0.04853283697334128 0.09829365626060227