2 0.5924429191995971 0.9885107060391345 0.05503294533736351 0.02297858792173102
2 0.5983480212046878 0.9547469700827234 0.04600339067472703 0.059902258672817864
2 0.6078326565484146 0.8782844674172235 0.03333975867281787 0.0456943080044546
2 0.607359941876233 0.9189094674172236 0.033357940006363405 0.0472568080044546
2 0.6449503012015061 0.9759837077100435 0.03499316534054522 0.048032584579912906
4 0.638673576543642 0.9138043440881323 0.04934656667727211 0.07868862133990859
2 0.6192706905633684 0.7682463960852688 0.03661020934118149 0.058230670671545325
2 0.6148917258911868 0.8088259427514052 0.04767497867599957 0.06929544000636341
2 0.65313716056655 0.7451997947564959 0.03820907200827221 0.06137385200509069
2 0.6294729412396862 0.6972617340865415 0.04445907200827222 0.0614465773392725
2 0.6539098672422314 0.6787935447564959 0.047656797342454024 0.0677329400063634
2 0.6591609885821402 0.6304105887571322 0.03499316534054522 0.05352498933799978
2 0.6606149479233216 0.5726071794239049 0.041334072008272396 0.06141021467218159
2 0.6435365359245944 0.563032184754905 0.03811816534054522 0.05356135200509069
2 0.6614331079328667 0.5022946794239049 0.04135225334181776 0.0629727146721816
2 0.6559830866088663 0.43347195408972305 0.022238626670908878 0.031504538669636165
2 0.6394672012651395 0.5098526407542687 0.02538180800445424 0.03310340133672725
2 0.6750870752705482 0.4704179707590412 0.023855670671545325 0.036210220003181706
2 0.6619790952816842 0.3882230887571322 0.019040901336727246 0.025218176002545258
2 0.6637688619510023 0.36871002009067766 0.022220445337363514 0.029942038669636163
2 0.668111463956093 0.33125547342454126 0.02067612667090888 0.0314863573360908
4 0.6441285239497295 0.37785775342135963 0.03490225867281786 0.04571248933799978
2 0.2881014118794146 0.89175388470718 0.03811816534054513 0.053561352005090865
2 0.3046985658816418 0.8755385387094071 0.03341248400699968 0.051944308004454244
2 0.31594514855191436 0.8491033080442252 0.03493862133990877 0.048837489337999786
2 0.3319792285566869 0.8141288713796797 0.03650112133990877 0.04885567067154532
2 0.3455695612269595 0.787720912714816 0.033321577339272504 0.04413180800445442
2 0.3543814872295048 0.7690709100493158 0.030142033338636055 0.03940794533736351
2 0.3617309105665501 0.7418089760502704 0.0301965773392725 0.044095445337363516
2 0.37123317990136817 0.7309805640515431 0.03177725867281787 0.04567612667090888
2 0.38402408123809534 0.7061260147199067 0.03017839600572696 0.042532945337363515
2 0.39437123524032247 0.6898379433879521 0.0301965773392725 0.044095445337363516
2 0.4040007739099587 0.6680720313892247 0.028524989337999785 0.03470226400381797
2 0.4147115545830948 0.6205339600572701 0.033357940006363364 0.04725680800445424
2 0.4263757605824584 0.625357820058861 0.03025112133990877 0.04878294533736351
2 0.43609620591982184 0.5957794080601336 0.031722714672181594 0.04098862667090888
2 0.4480422225891399 0.5763845180617244 0.03174089600572714 0.04255112667090888
2 0.4624138052594125 0.5499856500636334 0.02225680800445442 0.03306703866963616
2 0.4736785692632305 0.5219879193984516 0.025399989337999786 0.03466590133672724
2 0.49047571793445754 0.48858507340067875 0.03017839600572696 0.042532945337363515
2 0.2556252665500054 0.8624658267027255 0.03493862133990877 0.048837489337999786
2 0.2723678712205961 0.8337504807049527 0.036519302673454226 0.05041817067154497
2 0.345815556572277 0.6994305720480433 0.033394302673454314 0.05038180800445442
2 0.3602507739099587 0.6675629540499523 0.0317590773392725 0.04411362667090888
2 0.4080075685869128 0.5923271440563156 0.033357940006363405 0.04725680800445424
2 0.41854562659136707 0.559632822724361 0.0301965773392725 0.044095445337363516
2 0.432026871260367 0.5425998640594972 0.023837489337999784 0.034647720003181705
2 0.4384314125955033 0.5293913393936791 0.027017033338636053 0.03937158267027261
2 0.4480518605983669 0.5084066773949518 0.026980670671545325 0.036246582670272434
2 0.4576632179344576 0.4882032653962244 0.023782945337363515 0.029960220003181704
4 0.5098251545990031 0.5044373400699967 0.028670440006363408 0.047202264003817974
4 0.4468342585932761 0.545897586728179 0.02387385200509069 0.0377727200031817
4 0.43248085725654895 0.57073395472627 0.025454533338636055 0.039353401336727246
1 0.33014729260822995 0.4343686460454979 0.03506589067472685 0.05977498933799978
4 0.23156434193986639 0.4457232220321349 0.04453179734245412 0.0676965773392725
4 0.2600166059436844 0.41792548603595286 0.02707157733927241 0.04405908267027261
4 0.2751330759468661 0.39466070870463466 0.034993165340545127 0.05352498933799978
4 0.34530067262095665 0.3407822780474069 0.027071577339272502 0.04405908267027261
4 0.32778590861713863 0.36870728337840697 0.02543635200509069 0.037790901336727065
4 0.31297852128422954 0.3654095607097253 0.023892033338636143 0.0393352200031817
2 0.29991489994432075 0.4137016100413617 0.02380112667090888 0.0315227200031817
2 0.2335444652689575 0.47700049403245304 0.02538180800445433 0.03310340133672707
2 0.2588353666056846 0.45229139536918017 0.02381930800445433 0.0330852200031817
2 0.3560109059516386 0.360440797382225 0.01911362667090888 0.031468176002545346
2 0.3654859032861385 0.3519561353834977 0.025418170671545236 0.03622840133672707
2 0.3899955546228656 0.3272379460534521 0.023855670671545325 0.036210220003181706
2 0.39418361529282003 0.3030646493873157 0.022220445337363514 0.02994203866963625
2 0.4100086099618199 0.28605896272277015 0.01911362667090888 0.031468176002545346
2 0.4144597526257291 0.3064260067234065 0.027017033338636053 0.03937158267027261
1 0.3410120672740482 0.440745915380316 0.03337612133990877 0.04881930800445424
1 0.5647297359166401 0.6207168680776328 0.03030566534054522 0.05347044533736352