2 0.18358393983681923 0.11531755935708983 0.06789974025173776 0.1131908906747269
2 0.1500242334032605 0.03296813602004454 0.05629846680652095 0.06309998400699968
4 0.27155845913285115 0.1741027607017711 0.05558991701630243 0.1567590773392725
4 0.21764147635429057 0.23513971069381695 0.04467572780418312 0.13633748933799977
4 0.22724161930067627 0.2485209580283169 0.05284342531467212 0.14111589600572697
4 0.26065961577619134 0.34960220003181675 0.03946616431700996 0.06758748933799978
4 0.23637001079716943 0.3586862986950896 0.03499215186945541 0.09095226400381798
4 0.2702938022890183 0.28102492270049845 0.04917305103961844 0.09267839600572696
4 0.412118139846108 0.4942072700509067 0.033808160167825105 0.07532726400381798
4 0.3385487400512451 0.39890331337522533 0.038685836932389785 0.11909544533736342
1 0.4060555487645333 0.38329704205122495 0.03163035352912935 0.08779090133672707
1 0.38777822282980556 0.3378118193825432 0.02983105518880329 0.0846477200031817
1 0.8654879031188554 0.2863895107813129 0.04017655933798849 0.07696248933799979
1 0.9127288334079049 0.22995824478831256 0.03979805103961844 0.09256930800445433
4 0.29533153631697867 0.40542548603595285 0.04315984937994451 0.09573067067154532
1 0.4445521315477382 0.5101958967218156 0.02590057178554268 0.05337953866963616
1 0.5171016377715156 0.4993316693984515 0.02923905933798814 0.0768352200031817