4 0.30526172783124067 0.68515625 0.031597509885831696 0.046875
4 0.32335781182362944 0.68828125 0.028599843878220545 0.05
1 0.36185262604435475 0.59765625 0.03335101087441492 0.0515625
1 0.38823871250820147 0.6125 0.03147017589344294 0.04375
1 0.4104957144853678 0.621875 0.03197951186299815 0.05625
1 0.4384124674511174 0.6359375 0.02572951186299797 0.05625
1 0.4816504728883248 0.66171875 0.022222509885831698 0.046875
1 0.5535228142950874 0.7 0.0237850098858317 0.046875
1 0.15291531923800328 0.7234375 0.03421317391627658 0.034375
1 0.18655549018853035 0.74375 0.031597509885831744 0.046875
1 0.2104850801124182 0.775 0.03316000988583172 0.046875
1 0.24831800254581998 0.80234375 0.042980678859192524 0.0578125
1 0.27959983604391725 0.803125 0.03427684091247096 0.0359375
1 0.32384192596780503 0.834375 0.0446068458553869 0.059375
1 0.3673345993897901 0.86640625 0.026337006920082208 0.0328125
1 0.41202501688027604 0.8703125 0.03453150889724856 0.0421875
1 0.459120192773719 0.9140625 0.04291701186299814 0.05625
1 0.4943546972223434 0.93515625 0.04122717787060921 0.053125
1 0.5381020386291059 0.9734375 0.05216467787060921 0.053125
1 0.5046926779449714 0.84375 0.03178851087441501 0.0515625
1 0.1073017303026986 0.696875 0.04559634288963736 0.0453125
1 0.07334322437119956 0.66875 0.05015650889724856 0.0421875
1 0.16454920311666132 0.56796875 0.04891234387822054 0.05
1 0.5167576433445603 0.6796875 0.02866351087441501 0.0515625
1 0.18513095855386877 0.59375 0.03472250988583174 0.046875
1 0.21336604650059027 0.615625 0.03197951186299806 0.05625
4 0.33142763840164446 0.65625 0.02904551285158128 0.0609375
4 0.26114697189974156 0.65703125 0.02840884288963732 0.0453125
1 0.9900857722617118 0.62890625 0.019828455476576322 0.0453125
1 0.9400903725843136 0.58125 0.026273339923887917 0.03125
1 0.9867744064061064 0.71875 0.026451187187787183 0.0515625