4 0.2904360432346322 0.710761540937535 0.033094301131468204 0.04920121941479163
4 0.30839570287555257 0.7127422682361114 0.029987481849627427 0.05225348423243048
1 0.34332066959986945 0.6190111052420837 0.03624657220870695 0.05396145459715278
1 0.36981044672723257 0.6321293542921531 0.033076120413308985 0.04607621941479181
1 0.3932024949318344 0.6404873681598614 0.03471134328594587 0.05861258700597229
1 0.42047806723873726 0.6528425510055211 0.02846134328594587 0.05846711664125
1 0.46488205221162265 0.6757540273541671 0.023719301131468206 0.048983013867708355
1 0.5381286546709507 0.7102758041396532 0.02528180113146803 0.049019381458888844
1 0.14013606138500484 0.7588327521842014 0.03615566861791084 0.03833645459715278
1 0.17440652225558922 0.7776015891901737 0.03309430113146812 0.04920121941479181
1 0.1992428957921561 0.8063084706490627 0.034656801131468115 0.04923758700597238
1 0.23815995004688223 0.8322176604285765 0.04566702400410509 0.061992160144236405
1 0.26942813076504146 0.8298200122521877 0.03616475897699045 0.03989895459715278
1 0.31457700430160834 0.8589996723964239 0.0472386143631847 0.06359102773541672
1 0.3597258778381752 0.8881793325406602 0.02676248789975162 0.034993249050069154
1 0.4042571278381752 0.8892158088893058 0.03619203005422929 0.04458645459715278
1 0.4524628236816449 0.9301869542159033 0.04565793364502539 0.06042966014423641
1 0.48907703455222934 0.9490103426086464 0.04251475292686635 0.05723192496187508
1 0.5341940918320176 0.9770580349536114 0.055023843285945874 0.045883930092777095
1 0.49508666091746656 0.8561688791777783 0.03468407220870695 0.05392508700597247
1 0.0933928715916593 0.7350854744487848 0.04715680113146814 0.049528527735416716
1 0.05838206733693317 0.7092672036472223 0.05183521077238853 0.048075130508958355
1 0.1449513472929666 0.602673671162153 0.05030907220870704 0.05428876291777769
1 0.5007331938003663 0.6914342319513199 0.02999657220870695 0.05381598423243048
1 0.16668999190677233 0.6266203174386806 0.03778180113146816 0.04931032218833344
1 0.1962638624182771 0.6468425516711113 0.03471134328594587 0.05861258700597229
4 0.3156178504162246 0.6800934223964239 0.0316136143631847 0.06322735182361114
4 0.2452644438003663 0.6854881307932988 0.02996021077238851 0.04756598423243066
1 0.9723632749860638 0.6102115606922578 0.025272710772388508 0.04745688145888884
1 0.9187070098607532 0.5659881287965286 0.028315897540672097 0.033467116641249996
1 0.9757559196980654 0.6985837296702092 0.04094316256778683 0.05563305737069442