4 0.30403018486244177 0.29950927418310674 0.03323947510489074 0.04808467292769345
4 0.3218213361071972 0.2964333537268712 0.030469672615379827 0.052644838935304604
1 0.36937268756173414 0.386184261825817 0.036719672615379825 0.052899506920082294
1 0.3940291454451854 0.3702900063886096 0.03300267676456468 0.04495967292769336
1 0.41603420000928876 0.3607730849437909 0.03551237012586892 0.05752333992388783
1 0.44231235747782155 0.3455964125103891 0.02926237012586892 0.05726867193911023
1 0.48338672075521316 0.31884557011504333 0.023864475104890738 0.04770267095052709
1 0.5508576406713006 0.2784805552862957 0.026989475104890737 0.04783000494291585
1 0.14776760685312165 0.2643423898101571 0.03553568091374952 0.037274506920082294
1 0.17910011722608385 0.24347413289007486 0.03323947510489074 0.04808467292769345
1 0.20022883340790484 0.21205037794715903 0.034801975104890734 0.048148339923887826
1 0.23565684793005195 0.18317862003849358 0.04656826929603186 0.059531508897248564
1 0.2669660475151335 0.18268653011460578 0.03721658008391256 0.03890067391627663
1 0.3084072636969545 0.15043510422116282 0.048367567636357925 0.06272017589344295
1 0.34816758070861253 0.11668484532391424 0.02748638257342346 0.03383117193911027
1 0.3924620323682865 0.11174533593237408 0.03757177759440165 0.04358817391627663
1 0.4352998051888033 0.06689840954463953 0.04644987012586892 0.05796900889724856
1 0.46813561597668396 0.04518523562836292 0.04308807178554286 0.0547166749048598
1 0.5090440358927715 0.01675778258606371 0.055588071785542856 0.03351556517212742
1 0.4876211670163023 0.13686339965880778 0.03515717261537965 0.05283583992388783
1 0.10518994316081151 0.29193814920169725 0.048864475104890726 0.04872134288963732
1 0.07372737822374596 0.3214319896198766 0.05175267676456467 0.045723676882026075
1 0.17523252386942403 0.41995571984821317 0.05078217261537983 0.0534725098858317
1 0.5164593298834199 0.3002573961987667 0.030588071785542858 0.054207338935304696
1 0.19286938714681562 0.39415988239578326 0.03792697510489074 0.04827567391627667
1 0.2193367987645333 0.37113887646428423 0.03551237012586892 0.05752333992388783
4 0.3336235190955392 0.3280826017497048 0.031180067636357923 0.062019838935304605
4 0.2631334203402947 0.3286038665784525 0.029996075934727705 0.046394838935304605
1 0.9924333551911255 0.34021396235947726 0.015133289617748957 0.04620383794672147
1 0.9494512738694241 0.3884087232338922 0.02893048340326061 0.0323323389353047
1 0.9841938800862348 0.25021104486899126 0.03161223982753043 0.055098676882026076