2 0.054493526097995494 0.7216068344071512 0.0904806440165447 0.1223931504675381
2 0.01938327677431323 0.7929096626659825 0.02138519867918124 0.09230567466803503
4 0.046936112110085845 0.8107193313820892 0.07616360534690847 0.10043633723582168
4 0.15348500942867743 0.7014983466055955 0.08931813335454448 0.15675906010845858
4 0.12520492075108702 0.6211886778894888 0.07501927601845368 0.13636474687674216
4 0.13838617341658707 0.6125176598373121 0.0829045013526355 0.14266019867214014
4 0.20072199407222394 0.5308995002945875 0.05241702267663593 0.07373748184962743
4 0.18253506806967862 0.5122540394240032 0.05576019867918123 0.09250566256778647
2 0.1882407227482235 0.5997267683467643 0.06833292401336304 0.09882838544042354
0 0.44985093208940496 0.6560211783804683 0.061955654678545004 0.08785452400410491
1 0.7227066294159508 0.6044303655415351 0.033430665340545215 0.05331589754067192
1 0.7246867527450418 0.5731667300029157 0.0301965773392725 0.0439227168225127
0 0.23120257145126732 0.8674637141902342 0.08264996268299925 0.12078519867214013
1 0.4471611894095874 0.5591552687395478 0.04138861600890866 0.06586134933607006
1 0.42842827605822453 0.42644276268942355 0.03978975334181776 0.0627272589769905
1 0.45724361939049735 0.4184620910464506 0.03183180267345413 0.050181807181592396
4 0.39433508672817896 0.4508615005891752 0.03964430267345422 0.05022725897699054
4 0.28805836207031493 0.516327940186129 0.06700678134945379 0.11913179508134383
1 0.2919208007638137 0.7139750998270494 0.08303177068745357 0.15359769867214013