2 0.6837498451135255 0.8973080134566057 0.03860331411407199 0.08549096091032524
2 0.672495270859995 0.8360834710329511 0.0350741225281606 0.05723841515269079
2 0.6637319120775891 0.7614501328516619 0.02482503737886681 0.04397314060688338
2 0.6727191459860457 0.799556039669403 0.025043558666190437 0.047098140606883374
2 0.7232276083550773 0.9103980737581079 0.03630884059717552 0.05267846091032524
2 0.7234568373198554 0.8404682110310115 0.02548060124083733 0.05334814060688373
4 0.7026087417790013 0.7831339431531641 0.03358803218308672 0.08042082363742153
2 0.6486692768120796 0.6547057963373627 0.024245883171822413 0.05790809484924893
2 0.6544768803987054 0.6938480446703729 0.03583894703379294 0.0681759151526908
2 0.6766903700071453 0.6205700413363928 0.026136165102807675 0.06272314060688337
2 0.6418126254550269 0.5861311395196217 0.033730143815484226 0.060235869395056166
2 0.6615841760754455 0.5588831133068245 0.034167186390131124 0.06648586939505634
2 0.6547603757071284 0.512055910731449 0.02548060124083733 0.05334814060688338
2 0.6430141285571201 0.4578626183077944 0.030714404459146038 0.061543277879787084
2 0.6245372801662744 0.45548691739940883 0.02849634059717552 0.052040732122152634
2 0.6274544665564055 0.3915519631570433 0.029261165102807674 0.06297823212215255
2 0.6053170226247058 0.3304389910368305 0.016247712873234833 0.03239791181871077
2 0.6069398707634499 0.407208785127475 0.02082595222957302 0.03121804909161443
2 0.6329285703951328 0.3577031216417743 0.018028734160558103 0.0356504575763454
2 0.600673081290896 0.28576421982500316 0.014138909654926124 0.024457866061076316
2 0.598077959014837 0.26733308421908947 0.016029191585911207 0.029272911818710768
2 0.5928877144627186 0.2304708130072622 0.01457595222957302 0.030707866061076318
4 0.5806337329000504 0.2835160646742521 0.02638753737886681 0.044100686364518006
2 0.35608366702126765 0.8953139183174926 0.02860560124083724 0.053603232122152636
2 0.3684415553888702 0.8741085980140509 0.02380884059717552 0.05165809484924892
2 0.37275199697478145 0.8457922793775993 0.02515281930985207 0.04866064060688373
2 0.37933513274449393 0.8071921649835128 0.028168558666190346 0.04735323212215263
2 0.3868798349740669 0.777058254831792 0.026278276735205174 0.042538186364518185
2 0.3913705930198386 0.7572719133165229 0.024387994804219916 0.03772314060688338
2 0.3918294149275807 0.7284932090741574 0.02326253737886681 0.04384559484924892
2 0.3990081303987054 0.7147017760436193 0.023371798022528624 0.045408094849248924
2 0.4056076916627858 0.6869753887707157 0.023153276735205175 0.04228309484924893
2 0.41155168906489575 0.6686240014978121 0.02326253737886681 0.04384559484924892
2 0.4163702290416527 0.644150159982543 0.02249771287323483 0.03290809484924893
2 0.41506980899516643 0.5960952972554466 0.023481058666190435 0.046970594849248926
2 0.42746054835150477 0.5966374311943703 0.020574579953513705 0.049840503333980025
2 0.42970039154657036 0.5646061811943703 0.024497255447881727 0.039285640606883374
2 0.43669879055783456 0.5422847710426495 0.024715776735205176 0.04241064060688356
2 0.4442434927874075 0.5121508608909286 0.016247712873234833 0.03239791181871077
2 0.4494990753388114 0.4814270193756595 0.01948197351689629 0.034215503333979845
2 0.45753545046486216 0.44426185922393857 0.021590776735205174 0.04215554909161447
2 0.31666053410154676 0.8814426080159906 0.02515281930985207 0.048660640606883375
2 0.3267675076184432 0.8479923792278179 0.02827781930985207 0.04891573212215263
2 0.3661627794099697 0.6956327827115791 0.023699579953513794 0.05009559484924893
2 0.3733086438923588 0.6600938954386755 0.024715776735205086 0.04241064060688356
2 0.40197422929375415 0.5723069819529747 0.02348105866619039 0.046970594849248926
2 0.40359671345431236 0.537995754831792 0.02326253737886681 0.04384559484924892
2 0.4136108518219149 0.516981753164802 0.016356973516896467 0.03396041181871077
2 0.41621132793670146 0.5020104574071675 0.019809755447881727 0.03890300333398002
2 0.4209206072697965 0.47909911589189846 0.0195912341605581 0.03577800333398003
2 0.42484863660289174 0.4562515472554466 0.017591691585911208 0.029400457576345396
1 0.5225545270641813 0.5919821399786637 0.025917643815484226 0.05959814060688338
1 0.5345082238458726 0.5987742739175873 0.022901904459146038 0.060905549091614476
1 0.5450468860986886 0.5924764764929629 0.026791728964778015 0.07209814060688338
1 0.5392939128338938 0.5525529781599529 0.021590776735204997 0.04215554909161447
1 0.4805194823958473 0.43772494573823784 0.01890281930985207 0.048150457576345215
1 0.5492530569014795 0.42123920528113556 0.019012079953513707 0.0497129575763454
4 0.42645505924726795 0.5221476142249084 0.015012994804219915 0.03695786606107632
4 0.42034717087966544 0.542842751497812 0.018356516091543363 0.040337957576345396
1 0.4058965408099361 0.4717808234682438 0.022574122528160778 0.05621804909161447
1 0.20751403510995292 0.598278905899657 0.02133940445914595 0.06077800333397985
1 0.19706820800643074 0.5921404762030988 0.025808383171822456 0.058035640606883376
4 0.19470231469514965 0.5037794778700888 0.03260468639013112 0.06635832363742171
4 0.2159106791775387 0.4670926787784744 0.017121798022528622 0.044897911818710765
4 0.2255806101197882 0.4398924499903017 0.023918101240837243 0.053220594849248924
4 0.28149711037188974 0.3623097128671793 0.017121798022528622 0.044897911818710765
4 0.27066351717682413 0.3950424645341692 0.01824725544788164 0.038775457576345394
4 0.2557105065331624 0.3978166492316973 0.01679401609154336 0.04021041181871077
2 0.2537766659359869 0.44768910347406277 0.017591691585911208 0.029400457576345396
2 0.20434511246557668 0.5325103846878297 0.019372712873234655 0.032653003333979844
2 0.22377245566064224 0.4990761313538499 0.019372712873234655 0.032653003333980024
2 0.2959748736134415 0.3774405052908339 0.013122712873234655 0.03214282030344169
2 0.30298969811907367 0.36599282226029584 0.018028734160558103 0.0356504575763454
2 0.3216357913141392 0.33262234180513317 0.01802873416055819 0.0356504575763454
2 0.31936845096906524 0.3095037061992195 0.016029191585911207 0.029272911818710768
2 0.33099971965849867 0.287580908774595 0.013122712873234655 0.03214282030344169
2 0.3406807222563887 0.30465683847115327 0.01980975544788164 0.03890300333397985
1 0.3321209151796823 0.6603488580159906 0.03202553218308672 0.08029327787978709