2 0.13137324072842196 0.1478698106504006 0.06159200585373248 0.1160492052052021
2 0.09258293061996337 0.06259943956136091 0.05361587939029935 0.08746917889684287
4 0.2214942466803503 0.19029325810426928 0.04622153590796178 0.15888915258848363
4 0.17189422247985348 0.2619554264777685 0.03673745159900634 0.1395931210184525
4 0.1821186501729506 0.2730826422769014 0.04456813231716561 0.14317314732681172
4 0.21940100243588692 0.367819018627613 0.03477497579950315 0.07075211575678067
4 0.19603622530852388 0.3816840975526907 0.030214740826617837 0.09235409997176518
4 0.22602318627730417 0.2970969949500897 0.04429542154477702 0.09629814732681172
0 0.44344144867214014 0.06050704756680815 0.052307909444528636 0.1210140951336163
1 0.7054662883438487 0.49581188487850386 0.019049981849627428 0.052654563140062116
1 0.6939020744482022 0.5230569243410427 0.018995439695149587 0.043279563140062295
4 0.3779361859827165 0.48284623719875625 0.030123837235821682 0.07672909997176518
4 0.29931576141287736 0.40224025028234867 0.03350336729005097 0.12066111049510883
1 0.4601169060266831 0.36942920833014825 0.0317045179539809 0.07994510523343701
1 0.3460134994108248 0.36904134243219316 0.030242011903856714 0.09704159997176517
1 0.22947439744247608 0.0843239791650741 0.050854493753484144 0.14978716837349917