2 0.03469577621680529 0.705178396005727 0.06939155243361057 0.12285679201145391
4 0.12222495849378415 0.6914527980187719 0.09578789152687514 0.15576019867918128
4 0.0991160732351731 0.6099118966820447 0.08125261284152789 0.13528406667727227
4 0.1133604111910759 0.6022630286839538 0.08924695079743068 0.14318747334499946
4 0.1816214083412843 0.5233482353596351 0.05639677678548614 0.07407384667409059
4 0.16410725323104125 0.5036079000238626 0.05995818787965286 0.09286020934118148
4 0.1636149843293398 0.5919073313574079 0.07260365824437506 0.09925566000954511
4 0.3730107809664579 0.45915101738540665 0.05338087955902786 0.07872498400699968
4 0.2701572314795482 0.5134379807049527 0.07151393692972227 0.11954997867599956
1 0.37893347264583294 0.47328624271958847 0.04865701196784737 0.07710794000636341
1 0.28638033710288147 0.5886470660407254 0.061520687879652855 0.09287839067472703
1 0.252494993163055 0.6343590080362711 0.06962412860909736 0.10546929734245403
1 0.7051965401814229 0.9264230700986318 0.07122299620027786 0.10704997867599957
1 0.7134986962415965 0.9681442093809522 0.07042290919430556 0.0637115812380955
4 0.22869708330315933 0.48169708469922573 0.06635365824437507 0.0991829346753633