2 0.1529422415268998 0.9212772053628168 0.07839778763096836 0.1164431600095451
2 0.13116579449310695 0.9853658826782269 0.061560212873234696 0.029268234643546265
4 0.23414831888252358 0.8557618407065437 0.07041032500983524 0.15850339067472693
4 0.17396457173251517 0.7995476560311804 0.058052436642232676 0.1380636213399086
4 0.18276041752547076 0.7855760626989076 0.06619271857321785 0.14284202800763596
4 0.20397948968531437 0.6833959447008165 0.04554172896477811 0.0707852146721816
4 0.1786899125817922 0.6760647026973168 0.043946377976042374 0.09262385200509052
4 0.22199216232969068 0.7500658240372255 0.0582273992633658 0.09591248400699967
0 0.4788820286536651 0.9530090107017711 0.06324268119435103 0.0939819785964577
1 0.6479362113606254 0.4172475174251776 0.027152361884498967 0.0533977200031817
1 0.643106599728228 0.3968622920909958 0.02482503737886681 0.04244203866963625
4 0.3407414343733188 0.5278282920512248 0.04129127153942509 0.07698067067154532
4 0.27666287285713687 0.6279459233768161 0.05060056956195354 0.12080339600572713
1 0.45273905379938634 0.6034106420671332 0.04005655347041035 0.08164998933799979
1 0.31812375317896774 0.6276464787157705 0.044274159907027585 0.09731135200509052
1 0.2690042841015467 0.9163726240451797 0.06862930372251182 0.1553602093411815
1 0.2519535418952169 0.9681334766868173 0.050010707677454566 0.06373304662636556