4 0.29425634062700184 0.28525947388010386 0.03493862133990877 0.04923758700597229
4 0.31301543129377457 0.28404181278593726 0.03186816534054513 0.053852351823611144
1 0.3439467106142752 0.37782752716673584 0.03655566534054513 0.05396145459715278
1 0.37142682061586596 0.36547234432107606 0.03333975867281787 0.046076219414791716
1 0.39494613661682043 0.3578955804533678 0.03661020934118149 0.05864895459715278
1 0.4232074966184113 0.3455222138121177 0.03036020934118149 0.05850348423243066
1 0.4679751039545021 0.3241732374634718 0.02400112133990877 0.048983013867708355
1 0.5425665712921838 0.2904145268823954 0.027126121339908948 0.04905574905006951
1 0.14566484663431967 0.23482632883784707 0.03637385200509069 0.03833645459715278
1 0.1810210913033196 0.21682055803628458 0.03493862133990877 0.04923758700597221
1 0.2071296053071376 0.1880954927818054 0.03650112133990879 0.04927395459715278
1 0.24724607531031922 0.16373061920670118 0.04602157200827239 0.06199216014423614
1 0.27845971264322833 0.16612826738309003 0.037954533338636146 0.03993532218833336
1 0.3240903859802736 0.1377298572388539 0.04916475334181776 0.06362739532659725
1 0.3697210593173189 0.10933144709461776 0.028524989337999785 0.035029616641250004
1 0.4142432186505462 0.10907622074597187 0.0380090773392725 0.044622822188333355
1 0.46469775198918234 0.06884995782819406 0.04756589067472703 0.06046602773541672
1 0.5008352466581822 0.05082600323104125 0.044404528007635946 0.057268292553055586
1 0.5488823953294093 0.022832862272847004 0.055360209341181486 0.04566572454569401
1 0.5044409573122282 0.14368565045749956 0.03499316534054522 0.05392508700597225
1 0.09931655796468344 0.25777417277767356 0.049019302673454224 0.0511273953265972
1 0.06231599729472905 0.2828475611704166 0.05210794000636334 0.048075130508958355
1 0.1461904632797752 0.39102177745107625 0.05063634667409058 0.055851262917777866
1 0.5040853266231838 0.308493032866319 0.031886346674090404 0.055414851823611146
1 0.16832909261618414 0.36785638117454844 0.038063621339908774 0.04931032218833335
1 0.1982438592855022 0.3476341469421179 0.03661020934118144 0.05864895459715278
4 0.3188836232893202 0.316708842421215 0.03197725334181776 0.06322735182361114
4 0.24867112062382013 0.3097516340243401 0.031795440006363404 0.047602351823611146
1 0.9724438806095026 0.3983458217165617 0.027107940006363407 0.047493249050069505
1 0.9172745752705485 0.4410249374078812 0.028506808004454598 0.033467116641249996
1 0.9773955572883658 0.3084111527386103 0.03815452800763595 0.05712282218833335