2 0.23069730616518763 0.9351197468996281 0.090381347270342 0.10705482878371626
4 0.30028103504791304 0.8640944634011822 0.09044153142885669 0.16159677956950452
4 0.23104518763639667 0.8221295953280515 0.07519596302712275 0.14062930810555194
4 0.23659723762227927 0.807067521506734 0.08328147881213825 0.14568068114108107
4 0.2410865875234572 0.7032340461138398 0.05418624203690499 0.07420378742738745
4 0.21466059541596497 0.7021274644346394 0.05536931043863911 0.09451628742738745
4 0.27025887705658325 0.7642057793646168 0.0697958314853265 0.10142125889134004
4 0.3504524241998684 0.5243941085626178 0.04986276308359248 0.08023546360606985
4 0.30428380851367487 0.6348436110438171 0.06638240514873237 0.12307793507002245
1 0.3563916110598062 0.5428166228306415 0.04517526308359247 0.08001713978475244
1 0.36172531121509793 0.7054065140631358 0.058494310438639105 0.09466183664159918
1 0.37367230339317736 0.7812048806885243 0.07859397881213823 0.14546235731976367
1 0.9240201848643863 0.6425980674156859 0.06712585779368574 0.10908820967712848
1 0.9501507743833951 0.6889079871842276 0.019977842008670164 0.10221747146395277
4 0.2348435637753467 0.6365195810600278 0.06354583148532651 0.10113016046291676