4 0.2198835056146077 0.38500126542082014 0.03563366311182729 0.05054022054263578
4 0.237480529292131 0.3790714404669626 0.032690673635171044 0.053464961443337164
1 0.29382226357770264 0.46188274290328624 0.03903167889684287 0.0554279796419344
1 0.31683482934860074 0.44375330659837664 0.03545165258848364 0.047415220542635694
1 0.3372306293344833 0.43016117596899317 0.037742194681858444 0.06001535009228505
1 0.3618511977362173 0.411350619213733 0.031492194681858446 0.05961483189368781
1 0.39896406086216213 0.38000978408084274 0.026258663111827295 0.049939443244739756
1 0.46147874238984093 0.3299084569675169 0.027821163111827474 0.05003957279438911
1 0.0614717661379514 0.371713116131414 0.038121626280124374 0.0398029796419344
1 0.09036260558637282 0.3469028832502771 0.03563366311182732 0.05054022054263578
1 0.10725397397398942 0.31269786397194566 0.03719616311182731 0.05064035009228505
1 0.13903459499244195 0.2786628254152828 0.0488617052052021 0.06384125693983034
1 0.16991286866996527 0.27358410163344454 0.03821263154179624 0.0413654796419344
1 0.20738975284259747 0.23599326650055427 0.050515210466873996 0.0655038864894796
1 0.24339514227690145 0.1967398018180147 0.028564615756780664 0.03607720234403846
1 0.28635618700111215 0.18616204965854638 0.03848564732681172 0.0460529796419344
1 0.323825365897955 0.13523989975083142 0.04877069994353027 0.062278756939830336
1 0.3543697106080483 0.10896729641934386 0.045463689420186526 0.05895349784053168
1 0.39078462371987566 0.06268258173680427 0.05814569994353027 0.06287953423772623
1 0.3837394212160966 0.19710764651162893 0.03746917889684287 0.055327850092285094
1 0.023363363337706264 0.40524750693983036 0.04672672667541253 0.05144138648947956
1 0.010598052828479998 0.4389518784699152 0.021196105656959997 0.04977875693983034
1 0.10521551890996166 0.5227237060446663 0.05309417889684287 0.05632914558877822
1 0.43010764504891175 0.3569122455241798 0.03278167889684287 0.055027461443337075
1 0.12096161625089086 0.4947186219915102 0.0403211631118273 0.05084060919158375
1 0.14369346096098418 0.46794537091177596 0.037742194681858444 0.06001535009228505
4 0.25220318195120184 0.40902905073828055 0.034890210466874017 0.06450259099298639
4 0.18258863196531924 0.4194671005537104 0.03241765785015547 0.04877746144333717
1 0.9100828423616061 0.32885800816722277 0.027730157850155736 0.048477072794389106
1 0.8676531476797475 0.3841672694259898 0.03003611049510866 0.03461483189368782
1 0.8972558896460654 0.23942526834625558 0.05474768415851443 0.05799177513842757