2 0.878150296785449 0.9002553112288993 0.041661336012090544 0.09024456677218992
2 0.8446559967774949 0.8407068149898229 0.038172709341181485 0.058903638558944496
2 0.8094719274347227 0.7701753546441241 0.025509077339272414 0.044477425705962935
2 0.8317469167727225 0.8051868521368416 0.027107940006363407 0.04764788981258548
2 0.9235264314528582 0.907042520320957 0.03822725334181776 0.0635911385589445
2 0.896927021443313 0.8359798625616829 0.027180665340544863 0.053897889812585476
4 0.8557111281030861 0.7840165457894932 0.03684656667727211 0.07917067445232177
2 0.7567730940881323 0.6710187891255757 0.02723520934118149 0.05858538981258547
2 0.7759412647596775 0.7075018584050478 0.03828179734245403 0.06827863855894449
2 0.7719526514162689 0.6331921801918025 0.028834072008272215 0.061755853919208195
2 0.7255589094127691 0.6060697390464334 0.03506589067472703 0.06037521034569906
2 0.7353697140754056 0.5766777557394807 0.036701116008908664 0.06667067445232178
2 0.7122134774029059 0.5330497761934518 0.027180665340545217 0.053897889812585476
2 0.6811720153962243 0.4829444761143096 0.031959072008272214 0.06184678213245363
2 0.6616589467297699 0.4839386747815261 0.030287484006999675 0.052426318025830906
2 0.6421998747214974 0.4224556055020539 0.03197725334181776 0.06340928213245363
2 0.5986038687141797 0.36729909256993015 0.01598862667090888 0.031704641066226814
2 0.6275743007240429 0.44077369648913844 0.02067612667090888 0.031841033386094966
2 0.6347777260502705 0.3886572670222518 0.019168170671545325 0.03648306927947216
2 0.5778095633752253 0.3253018091838353 0.015915901336727246 0.025454641066226812
2 0.5690158187062254 0.30786425659741057 0.017532945337363513 0.03018760517284953
2 0.5506652607017711 0.27452891937124974 0.015988626670909056 0.031704641066226814
4 0.5575152447087708 0.32627327579774046 0.028634077339272323 0.044568353919208284
2 0.5530690281269487 0.9509322949980703 0.030287484006999675 0.052426318025830906
2 0.5582741487905397 0.9284351693712498 0.025599984006999678 0.05228992570596276
2 0.5524781347867218 0.9001510449980703 0.02712612133990877 0.04921038981258548
2 0.5450014421148583 0.8616652065182683 0.030232940006363406 0.04773881802583091
2 0.5415400874442676 0.832668028305023 0.028615896005727136 0.04300585391920819
2 0.5389599801081768 0.812287332145089 0.02543635200509069 0.038227425705962756
2 0.5292668067711316 0.7846707975053528 0.023946577339272503 0.044431961599340396
2 0.5314378341024499 0.7698952436652868 0.025527258672817865 0.046039925705962756
2 0.5280037514321773 0.7432418154520415 0.023928396005726958 0.04286946159934022
2 0.5269952347628593 0.7236878333987302 0.023946577339272322 0.04443196159934022
2 0.5235975147596775 0.7001594051854847 0.023819308004454243 0.03349446159934022
2 0.5051015060868597 0.654324067959324 0.025545440006363405 0.04760242570596294
2 0.5175742340865416 0.6523440308123054 0.022456802673454134 0.0506364974927175
2 0.5086259480824052 0.6216252282258806 0.025454533338636055 0.03978992570596294
2 0.5075810687459963 0.5989462461725693 0.02549089600572696 0.042914925705962934
2 0.5041106234086328 0.5691678179593239 0.01756930800445424 0.03331260517284953
2 0.4982964280712695 0.5393211935861446 0.020712489337999785 0.03496603338609496
2 0.4931725760661788 0.5016848012662766 0.023910214672181594 0.04130696159934022
2 0.5100275527927669 0.9434320320659466 0.02712612133990877 0.04921038981258548
2 0.5080832447883126 0.9105740679593239 0.03025112133990877 0.04930131802583091
2 0.4922480647676317 0.7578211409997199 0.02556362133990877 0.04916492570596276
2 0.48637023476285923 0.7225057666265404 0.027053396005727138 0.04296038981258565
2 0.4837804894175416 0.6341790525199178 0.025545440006363405 0.04760242570596276
2 0.47323334074631446 0.6002897858268703 0.023946577339272322 0.04443196159934022
2 0.4753225520766783 0.5784829819868044 0.017587489337999786 0.03487510517284953
2 0.47280607940799657 0.5635710358268703 0.02074885200509069 0.038091033386094784
2 0.4694265407383604 0.5416051076136249 0.020730670671545326 0.036528533386094963
2 0.4652566614019514 0.5188351973470683 0.019077264003817974 0.028670569279472247
1 0.6751883814449039 0.8412427094212621 0.02589088534372692 0.07728992570596276
1 0.6852991781110404 0.8376319761143097 0.02412839067472685 0.06005696159934004
1 0.7007787274426768 0.8255866171805364 0.02894316000954511 0.07113085391920819
1 0.6664304521005409 0.7597653888881488 0.023982940006363408 0.04755696159934022
4 0.5182089387332697 0.5055372269722394 0.020857940006363408 0.047466033386094966
1 0.6113413207351787 0.522304841316289 0.020876121339908772 0.04902853338609496
4 0.48933050807604195 0.5742046589464085 0.01762385200509069 0.03800010517284953
4 0.49122027207986 0.6023751230530312 0.019204533338636053 0.03960806927947225
1 0.45179359806649694 0.5028237524407755 0.02243862133990877 0.0490739974927175
1 0.33003732407699643 0.576598570070895 0.024146572008272395 0.06161946159934022
1 0.3230969807447237 0.5842064815910929 0.020985209341181487 0.05840353338609496
4 0.2553736787475872 0.6033225429530062 0.03513861600890866 0.06662521034569906
4 0.26273164540895105 0.5644873634861197 0.019277258672817866 0.045858069279472245
4 0.26240438140513306 0.5363623634861197 0.02718066534054513 0.053897889812585476
4 0.2895475893936791 0.4528057174053279 0.019259077339272502 0.044295569279472244
4 0.2915009880649061 0.4864449315119506 0.01918635200509069 0.038045569279472245
4 0.27749303206554243 0.4907232545523465 0.01764203333863614 0.03956260517284953
2 0.2936816534054512 0.5396153956185733 0.019095445337363515 0.030233069279472245
2 0.2744145800843143 0.6288681122324785 0.02067612667090888 0.031841033386094966
2 0.2818180000795418 0.593939182765592 0.01911362667090888 0.03179556927947225
2 0.3099964493952699 0.46511550079142283 0.014426126670908878 0.031659176959604095
2 0.31297599872690635 0.4527064290046681 0.019168170671545238 0.036483069279472244
2 0.3188169187221338 0.4177320354311589 0.019168170671545238 0.036483069279472244
2 0.3091873800524976 0.3955842507914228 0.017532945337363513 0.030187605172849442
2 0.3120487507160886 0.3730189290046682 0.014426126670908878 0.031659176959604095
2 0.3278373827179976 0.387536070070895 0.02231135200509069 0.038136497492717504
1 0.6717179361075405 0.8114642812080168 0.01942270934118149 0.05835806927947225