2 0.1531968593294846 0.13498243264641002 0.057915451570210365 0.11157384667409058
2 0.11701165525199178 0.04631083131763709 0.05084709765100208 0.08337612133990878
4 0.1701593873053031 0.04647391597709196 0.05875052586424747 0.08659202800763602
4 0.24143865690134442 0.18631711863463782 0.042000946555645416 0.15512385200509068
4 0.18944189937949701 0.25256937464195567 0.03364287727617325 0.13628294533736343
4 0.1999618622324785 0.26495119597391026 0.0415463054894186 0.13949885200509068
4 0.2348573509497074 0.3630159786362287 0.03320495658477531 0.06755112667090887
4 0.2109795817493775 0.3750165393061831 0.027591454077492816 0.08935340133672706
2 0.2429904482049981 0.2933665499681833 0.04169941818411545 0.09107953333863614
0 0.29349759890464333 0.06848418129377455 0.05395537727617326 0.13651930267345425
0 0.5171302933487176 0.39489958859804863 0.0367391335443795 0.08164998933799979
1 0.7478180036944166 0.42660193256686824 0.017534492478152686 0.06580681333545453
1 0.7535284460934271 0.46170363856623187 0.01836956677218975 0.040824994668999894
0 0.40889894154108053 0.19374671594527523 0.04054609514371954 0.10512385200509064
1 0.46163045110799195 0.42133536660568466 0.023693564264907253 0.0627545386696362
1 0.41415370902555076 0.5086359192791389 0.02204013605166182 0.0596113573360908
1 0.4331082975053528 0.5154489932765935 0.02718227711788863 0.07529090133672725
2 0.3944178705457487 0.5018319359484569 0.02631845909205772 0.045603401336727065