4 0.28630613939022764 0.6382451278979635 0.02997134288963732 0.04777311866166656
4 0.30368464037881077 0.6414289164936117 0.027037343878220453 0.05218721658814811
1 0.35174545558811926 0.5509802822805562 0.03172484387822054 0.05259731969842587
1 0.37666454254625753 0.5660489162107878 0.029844008897248565 0.044648118661666555
1 0.39823579501771544 0.5759222022145378 0.03035334486680368 0.05714811866166656
1 0.42396796547395094 0.5917037356263897 0.024167011862997967 0.058163814514629666
1 0.4649895549035472 0.6171241091890286 0.0206600098858317 0.04851541244111104
1 0.5324927312912818 0.6574764156451398 0.022222509885831698 0.04865211347787035
1 0.1301662273369491 0.6738585820922687 0.03265067391627659 0.03710902073518518
1 0.16084056577796216 0.6954800123938428 0.029971342889637365 0.04777311866166656
1 0.1817088226980444 0.7265837494343521 0.03153384288963732 0.04790981969842587
1 0.21735716262193222 0.7548263266256485 0.04135451186299806 0.05966752591898139
1 0.2487663301124182 0.7559985558904634 0.03427684091247105 0.03880822177194432
1 0.28926133752679195 0.787737279971482 0.042980678859192524 0.061366726955740705
1 0.32903876193736015 0.8211068545708802 0.02471083992388783 0.0333005155513888
1 0.3731389304164293 0.825872975541621 0.03290534190105419 0.04335902073518518
1 0.41573760729845544 0.8707562485858805 0.04129084486680377 0.05810502591898157
1 0.4487556957394686 0.8921726273323156 0.03960101087441501 0.05484332488222208
1 0.48960087163291155 0.9325051014133343 0.05066584486680377 0.058925232139537084
1 0.46853234345829103 0.8002783617809268 0.030162343878220456 0.052460618661666555
1 0.08751847091115846 0.647012409566389 0.043970175893442945 0.04744092799249984
1 0.055744547489173416 0.6176468297831945 0.04853034190105418 0.0447260311027776
1 0.15755244520799588 0.5185757598019447 0.04728617688202617 0.052401830066018465
1 0.4979121428502687 0.6361967379354638 0.02710101087441501 0.05374971658814811
1 0.17585411764139777 0.5444157983975929 0.03309634288963732 0.048046520735185186
1 0.201872789580508 0.5672285818094448 0.030353344866803744 0.05714811866166656
4 0.3157243839530201 0.6097982076811579 0.0258568458553869 0.061425515551388796
4 0.2451572159682426 0.6096997543353245 0.02684634288963732 0.04749971658814811
1 0.9775678093521716 0.5934482696503722 0.022095175893442943 0.04552711347787035
1 0.9309037149796595 0.5450004991980111 0.026209672927693363 0.03187471658814793
1 0.9741974116333492 0.6839071743157888 0.04734984387822081 0.05396433006601846