2 0.6211022163081894 0.9640673790491242 0.055205697240056396 0.03159722958157971
2 0.6259164013733812 0.9263764060909662 0.04634889448011279 0.0609573473675951
2 0.6331737479648145 0.8495138057281466 0.03360343262955982 0.0464583377489479
2 0.6338828599775234 0.8901388057281465 0.03363070616851012 0.0480208377489479
2 0.6732005044576364 0.9481769950210406 0.03530230032431163 0.05432540145127902
4 0.6650374025911973 0.8835787816815295 0.04980117694751698 0.07981647477225665
2 0.6414072134688156 0.7390028916629959 0.0369466209411625 0.05906746515360961
2 0.6382100754815244 0.7797643009188231 0.048075035713814884 0.07038691106992552
2 0.6745918603845604 0.7143922720628826 0.03856366801906326 0.06224702885594056
2 0.649541267446575 0.6675817594490108 0.04481366801906326 0.06246528366526398
2 0.6734327349791711 0.6479860220628826 0.04804776217486477 0.06882441106992569
2 0.6772747552717104 0.59938483095589 0.03530230032431163 0.05432540145127884
2 0.6770468843305479 0.5415450491047246 0.041688668019063256 0.06235615626060227
2 0.6596957430968459 0.5327702498303639 0.03842730032431163 0.05443452885594056
2 0.6758195750777827 0.47123254910472456 0.041715941558013725 0.06391865626060227
2 0.6683695393639676 0.40270080391404794 0.022420470779006864 0.032013891832631994
2 0.6540809427725343 0.47980894093735654 0.025572744317956975 0.0336855192372937
2 0.6885417175293007 0.4387375076349123 0.02406479139585791 0.036755955534962935
2 0.6730473567344077 0.35719733095589 0.019186376623205346 0.025654764427970277
2 0.6742689374975285 0.33761151725355915 0.022393197240056395 0.030451391832631992
2 0.6775206225627204 0.29997510799773197 0.020857970779006862 0.03195932813030104
4 0.6549013287312306 0.3476685635326948 0.035165932629559825 0.04651290145127884
2 0.3139425068932683 0.8778595828548065 0.03842730032431154 0.05443452885594056
2 0.3300623847342897 0.8608804139803325 0.033712526785361255 0.0527083377489479
2 0.3405362345721339 0.8339359680640165 0.03522047970746058 0.04963790145127902
2 0.3555475799457513 0.798234081040708 0.036782979707460584 0.04969246515360961
2 0.3683651797835955 0.7712077895708956 0.033576159090609535 0.0448958377489479
2 0.3766316473161914 0.7521576892080761 0.03036933847375849 0.04009921034428636
2 0.38318561038456045 0.7245684025475871 0.030451159090609536 0.044786710344286364
2 0.39236969561190815 0.713303520333602 0.03204093262955983 0.04640377404661713
2 0.4044333189887027 0.6878670107149552 0.030423885551659112 0.04322421034428636
2 0.41430319682972405 0.6711060966498046 0.030451159090609536 0.044786710344286364
2 0.4232963672844193 0.6489037144358194 0.028725017856907443 0.03535714664195524
2 0.4326207743464339 0.600892800370669 0.03363070616851012 0.0480208377489479
2 0.44442134496328495 0.6051710726031875 0.030532979707460585 0.04947421034428636
2 0.45327814772322855 0.5751561903892024 0.03195911201270896 0.04171627404661713
2 0.4646559784863493 0.555215712621721 0.03198638555165907 0.04327877404661713
2 0.4782548283241935 0.5281621393007432 0.022447744317957152 0.03357639183263199
2 0.4887014046230874 0.4996551933844272 0.025600017856907444 0.035248019237293704
2 0.504521273535655 0.4654885245099532 0.03042388555165907 0.04322421034428636
2 0.28062544642268705 0.8500991706037546 0.03522047970746058 0.04963790145127902
2 0.29652713595210567 0.8206200017292804 0.03681025324641087 0.05125496515360979
2 0.36604297483290127 0.6829538214220612 0.033685253246410876 0.051145837748947896
2 0.3795463672844194 0.6504314981010835 0.032013659090609534 0.04484127404661713
2 0.4250986006453278 0.5730133370311578 0.03363070616851012 0.0480208377489479
2 0.43468210632737064 0.5398461729660072 0.030451159090609536 0.044786710344286364
2 0.44766334739891694 0.522194881496195 0.024037517856907442 0.035193455534962934
2 0.45368152231783904 0.5086953766868716 0.02724433847375849 0.03999008293962447
2 0.4626883295420095 0.4872742444728864 0.02718979139585791 0.03686508293962447
2 0.471708773535655 0.46663436225890126 0.023955697240056396 0.030505955534962936
1 0.5165202617645323 0.705059455998299 0.038509120941162676 0.059122028855940555
1 0.5291020823813832 0.7093104463796521 0.03541139448011297 0.06057540145127884
1 0.534789020692986 0.7216194734214941 0.041852309252765355 0.07173115626060209
1 0.5532702394433979 0.6607811771423584 0.02886138555165907 0.04316964664195542
4 0.5272047970746054 0.46625985082615584 0.028943206168510115 0.04785714664195524
1 0.5964729943146618 0.4935465479235982 0.028970479707460584 0.04941964664195542
4 0.4587781254020942 0.5319691855798789 0.0240920649348082 0.038318455534962936
4 0.44893552110002305 0.5502925996450295 0.02568183847375849 0.0399355192372937
1 0.4612934249156268 0.45214527632405177 0.03535684740221221 0.057450401451278846
1 0.267416739850435 0.4964384572642434 0.03541139448011297 0.06057540145127884
1 0.2611121927725343 0.49353171207356683 0.03694662094116259 0.05906746515360979
4 0.2444507982924214 0.4347023490968754 0.04492276217486459 0.06871528366526398
4 0.27208487459131525 0.40559520245492 0.027326159090609536 0.04467758293962447
4 0.28651952150706017 0.38163934728277676 0.035302300324311545 0.05432540145127884
4 0.3550961976437983 0.3245237625290537 0.027326159090609536 0.04467758293962447
4 0.3383996213449044 0.3532489632546931 0.0256545649348082 0.03837301923729371
4 0.32350132426700373 0.35064231842683624 0.024119338473758488 0.03988095553496285
2 0.31184680397446424 0.3995163280454831 0.023982970779006862 0.03206845553496285
2 0.2473400190714282 0.46587050354337906 0.02557274431795715 0.0336855192372937
2 0.27190364244822274 0.4399974843060853 0.024010244317957154 0.03363095553496294
2 0.3663746168806775 0.3436730666127377 0.01929547077900686 0.03190476442797028
2 0.3755996124164506 0.33475193439875256 0.025627291395857822 0.036810519237293705
2 0.3993819857932452 0.30890619701262434 0.02406479139585782 0.036755955534962845
2 0.40286549593951493 0.2845510377567972 0.022393197240056395 0.030451391832631992
2 0.4181904870110612 0.26681790073348866 0.01929547077900686 0.03190476442797028
2 0.42323254301741564 0.28696670962649606 0.02724433847375849 0.03999008293962456