4 0.3364791773359533 0.27603616204192494 0.04579310124083724 0.05475927759440165
4 0.35417477572679895 0.2813040024987997 0.04444912252816078 0.057765878424238616
1 0.3557758445324479 0.38195519793469634 0.049245883171822415 0.05968357593472771
1 0.38506450678526394 0.3786768325827123 0.04401207995351379 0.05151587842423862
1 0.4101191371070948 0.3797899693053207 0.05102690445914586 0.06292697510489073
1 0.4401344190380801 0.3773520535384181 0.04477690445914604 0.06245337842423861
1 0.4892274829000504 0.3716474278134719 0.0377620799535137 0.05104228174358649
1 0.5697890680493443 0.36518578549178604 0.039433840597175515 0.05272318091374952
1 0.9349177692705112 0.6583152817668084 0.04946440445914604 0.0628085759347277
1 0.2114024037028413 0.1778093817482309 0.04357503737886681 0.04526587842423861
1 0.24944870692114995 0.17283846183214352 0.04579310124083724 0.05475927759440165
1 0.2829549756105834 0.1541718948204855 0.04735560124083724 0.054877676764564676
1 0.32841494108170816 0.14426502117013168 0.06083894703379285 0.06988737012586888
1 0.3566109968979069 0.15661165581814762 0.04524679802252862 0.04694677759440165
1 0.40921147301269334 0.1456750784335274 0.06418246832111638 0.07324916846619489
1 0.4610853294493108 0.13389805146382566 0.03543475544788173 0.039986382573423504
1 0.5025080049436786 0.14803232905822733 0.047137079953513704 0.05175267676456467
1 0.5621233055640972 0.12663184835425922 0.06072968639013112 0.06832487012586884
1 0.6025133587824059 0.12183852719341633 0.057386165102807675 0.06496307178554281
1 0.6579492577936701 0.10404829856404066 0.06876070767745457 0.07204186597668398
1 0.5773716111281944 0.21182398715146006 0.04768338317182241 0.05956517676456467
1 0.15991095951904002 0.18411765871793265 0.05862088317182246 0.0603939709557058
1 0.11824798340425353 0.19588303029369403 0.06163662252816073 0.05906826929603186
1 0.16403074094582212 0.32737075124939985 0.06363616510280767 0.06543666846619497
1 0.5278365148310357 0.3698607074824659 0.04455838317182241 0.05932837842423862
1 0.19257635802610124 0.31225523672725275 0.04902736188449901 0.056558575934727705
1 0.22698956285356423 0.3030820688857578 0.05102690445914595 0.06292697510489073
4 0.35026317188807166 0.31477935332863666 0.048120425746469395 0.06581517676456468
4 0.28638634218665937 0.2848065881817897 0.04255884059717552 0.052959979254075584