2 0.6521219352161592 0.9947480924913397 0.047129530054229464 0.01050381501732076
2 0.6500372604499285 0.967945411576931 0.040970433645025395 0.06150406603337331
2 0.6512639380448297 0.8914238551544958 0.028388620413308984 0.04678646879233561
2 0.6549383838882994 0.9314723230423201 0.02996021077238851 0.04843085594746519
2 0.699146926140973 0.9809467427061103 0.03155907220870695 0.03810651458777947
4 0.6854525856836975 0.9252566225673503 0.042642017953980905 0.08033595318850324
2 0.6503468535394825 0.780404467999366 0.030023843285945873 0.05936835594746519
2 0.6508917542034125 0.8210704115769308 0.04258747579950324 0.07096095318850323
2 0.6817559348233759 0.754698461101961 0.033176114363184794 0.0642196302577247
2 0.6523229648776051 0.7093926051544959 0.03941702400410509 0.06298467887824373
2 0.67510193472518 0.6894862189038772 0.04100679508134384 0.06775406603337367
2 0.674607031036188 0.6402265253263122 0.03155907220870695 0.05476274310259512
2 0.670251329142594 0.582949613860923 0.0362920240041051 0.06282090456798421
2 0.6523280309379921 0.5741954115769309 0.03468407220870695 0.054926517412854634
2 0.6628524404807166 0.5114464280852744 0.034738614363184796 0.06430151741285464
2 0.6491808259211401 0.4435219436891066 0.018931807181592396 0.03223264586155707
2 0.641699603146699 0.5204972014910226 0.02362839754067192 0.034040807326946344
2 0.6731995880213886 0.4791661945936177 0.02208407825883114 0.03708392017181659
2 0.6510114915139888 0.3975100808442363 0.017332945745273776 0.02590075870642723
2 0.6511251210024842 0.37797883084423634 0.018922716822512696 0.030670145861557075
2 0.6505620396203949 0.34043788726667146 0.017369307181592398 0.03215075870642732
4 0.632306943309387 0.3887149349826792 0.031504530054229284 0.04538774310259512
2 0.33534804655428185 0.9248826498182858 0.03312157220870695 0.0548446302577247
2 0.35029633568369756 0.9076918277920185 0.02842498184962743 0.05303646879233561
2 0.35826791696759086 0.8807575135676673 0.03153180113146821 0.050075243102595125
2 0.36941904040596185 0.8446119736535757 0.033094301131468204 0.050157130257724704
2 0.38052016686939494 0.8170601837394837 0.029942030054229286 0.04530585594746546
2 0.3876605011783504 0.7986786759375677 0.028343168617910842 0.03897396879233561
2 0.39173037764178353 0.770758393825392 0.026817030054229286 0.04514208163720568
2 0.3996156005144204 0.7586678296010408 0.028388620413308984 0.04678646879233561
2 0.40992184143923416 0.7334188461093842 0.026807939695149587 0.04357958163720586
2 0.41783433538910997 0.7166407818850329 0.026817030054229286 0.04514208163720568
2 0.42577864559576445 0.6943939676606817 0.025190897540672098 0.034122694482076096
2 0.43074794672723254 0.646202129126071 0.028397710772388507 0.04834896879233561
2 0.44322976600907327 0.649982226367109 0.026853391490547905 0.05139208163720586
2 0.4496570280111259 0.619841024987628 0.02836134933607006 0.042098968792335614
2 0.4591547478587007 0.5992385979184066 0.028370439695149584 0.04366146879233561
2 0.470251329142594 0.5724680580043149 0.02050339754067192 0.03387703301668665
2 0.4790177959651067 0.5432309373575285 0.022074987899751618 0.03552142017181659
2 0.49172232904439817 0.5087297845985665 0.026807939695149587 0.043579581637205676
2 0.2995559922995558 0.8979992452503016 0.03153180113146821 0.050075243102595125
2 0.3130145043016084 0.8682265360689044 0.03310339149054773 0.051719630257724705
2 0.37087297697785354 0.7290279172311405 0.02841589149054773 0.05147396879233561
2 0.3820013745185255 0.6967886273170487 0.028370439695149675 0.04366146879233561
2 0.42075077801112587 0.6183261126177276 0.028397710772388507 0.04834896879233561
2 0.42797747073133763 0.5851008548158114 0.026817030054229286 0.04514208163720568
2 0.4398053050402931 0.5669650084792847 0.02051248789975162 0.03543953301668683
2 0.44457461827200967 0.5531481699446739 0.02366475897699054 0.04029080732694634
2 0.45173313329912423 0.5316416621427578 0.023646578258831142 0.03716580732694617
2 0.4588871031466991 0.5109164043408416 0.020485216822512697 0.030752033016686654
1 0.4868696399384236 0.939856953865872 0.0316954275949012 0.07820024310259513
1 0.4994287272724412 0.9303558011069099 0.030032933645025395 0.06093085594746519
1 0.5111202061952023 0.9356574547703829 0.03478406615858276 0.07211401741285428
1 0.5177792723537851 0.865672503390902 0.026835210772388506 0.04826708163720568
4 0.5127342658126816 0.5238977611928182 0.025272710772388508 0.0481851944820761
1 0.5787132689359396 0.6008154652858326 0.02371930113146803 0.049665807326946344
4 0.45463996468121337 0.5693054364530173 0.020530668617910662 0.03856453301668665
4 0.4427666785768599 0.5952537827895441 0.02210225897699054 0.040208920171816584
1 0.3105086904807166 0.4929808746035153 0.028479524004105094 0.06241146879233561
4 0.22929050673749524 0.48325399253676815 0.03944429508134393 0.06767217887824373
4 0.2544723139190876 0.4533141870188442 0.022138620413308895 0.04645892017181659
4 0.2671132144848217 0.42975053425988213 0.02999657220870695 0.05468085594746519
4 0.3315393288480064 0.370607907620202 0.022129530054229286 0.0448964201718165
4 0.3165228620254937 0.3995174796464694 0.02209316861791084 0.03864642017181659
4 0.3016882023845733 0.39717705167273676 0.020539758976990452 0.04012703301668674
2 0.2935848108940255 0.446767615897088 0.020485216822512697 0.030752033016686654
2 0.2345774495559029 0.5147905975797222 0.022065897540671918 0.033958920171816585
2 0.25739732601933596 0.4878529613291037 0.022065897540671918 0.033958920171816585
2 0.343148994539051 0.3899720612836751 0.017369307181592398 0.03215075870642732
2 0.35179728669352867 0.3810474406368888 0.02208407825883114 0.0370839201718165
2 0.37383591315696185 0.3540688608087053 0.02208407825883114 0.03708392017181659
2 0.37553931372269583 0.32993199796383504 0.018922716822512696 0.030670145861557075
2 0.38892964803165125 0.31187803878243797 0.015806807181592396 0.03206887155129756
2 0.39584272336361626 0.33255903098052186 0.02366475897699045 0.04029080732694625