2 0.6678025696927806 0.025733997813550256 0.0410813569862416 0.05146799562710051
2 0.6635664482785687 0.09776265517022574 0.02965278366526398 0.04588118506293444
2 0.6696453226880055 0.057563707659736674 0.029761911069925696 0.049006185062934436
2 0.7183754885672546 0.014287012335697341 0.03154266587924912 0.028574024671394683
4 0.7005679404740204 0.06457072425647618 0.041790685116542825 0.08108497925407558
2 0.654223675413078 0.2091145522657963 0.030143856986241602 0.05994368506293446
2 0.6572048316736802 0.16837115309563327 0.04146330290255769 0.07170997925407559
2 0.6837102787711226 0.23493076844761734 0.03343254809323426 0.06486798340326053
2 0.650959776957024 0.28026750185087784 0.039573420688572544 0.06221658008391255
2 0.671289635124392 0.300544113053677 0.041354175497895974 0.06858497925407558
2 0.6672271285009701 0.3499404618089216 0.03154266587924912 0.0553745842330974
2 0.6589855533658937 0.40744530848957367 0.03650298439090349 0.06354228174358649
2 0.6399900167054049 0.41589734853152993 0.034613102176918174 0.05404888257342346
2 0.6463739367610053 0.4785274030956333 0.03499504809323426 0.06498638257342346
2 0.6276214475607784 0.546958094382345 0.01827877404661713 0.03255239087179333
2 0.6256621326773213 0.4691882918928341 0.02296627404661713 0.03290758838228243
2 0.6537945671608918 0.5114699576597367 0.02156746515360979 0.0374766892121194
2 0.6260118183420182 0.593051844382345 0.016498019237293705 0.026183991701630306
2 0.6245485220628826 0.6126422939674265 0.019786710344286362 0.031108290041956366
2 0.620895243206942 0.6503198927226711 0.01827877404661713 0.03255239087179333
4 0.6062350316815295 0.6015630840093829 0.031215283665263983 0.04599958423309758
2 0.35163193266947207 0.06062338837299356 0.033105165879249124 0.055492983403260476
2 0.3650396682415018 0.07830779584152635 0.028363102176918266 0.053575285892771406
2 0.37108877159954645 0.10589999957579273 0.031378974772256464 0.05068708423309748
2 0.37996277459477124 0.14184915496973308 0.032886911069925695 0.04924298340326052
2 0.38835562795281586 0.16926375994875492 0.031160719962933126 0.044437084233097446
2 0.3939235816736802 0.18832141326810284 0.027872028855940555 0.039512785892771386
2 0.3960664350317248 0.2162096149277768 0.026527783665263982 0.0456443867226084
2 0.403442425413078 0.22811761907696165 0.028144847367594795 0.04732528589277134
2 0.4119171243246188 0.25318847405598355 0.026473219962933038 0.04408188672260831
2 0.4183481735989794 0.2698431777902499 0.026527783665263982 0.0456443867226084
2 0.42456096806401655 0.2927478815245163 0.0261458377489479 0.034706886722608396
2 0.42599449329176 0.34094858318419025 0.028199411069925694 0.04888778589277143
2 0.4378223706964217 0.3369355894079676 0.026746038474587407 0.0518943867226084
2 0.4421998466498046 0.367771192312397 0.027981156260602092 0.04263778589277143
2 0.45005698666833804 0.3882137468765004 0.028035719962933036 0.04420028589277134
2 0.45923109002638274 0.41556915227044067 0.019895837748947896 0.03423329004195637
2 0.46522562968209635 0.44472385600470704 0.023075401451278843 0.036032588382282425
2 0.4756894145284868 0.4797733622284845 0.026473219962933215 0.04408188672260849
2 0.3140674452833438 0.08762451887182462 0.031378974772256554 0.050687084233097444
2 0.32550345308789214 0.11714607551052043 0.032941474772256465 0.05080548340326048
2 0.3720460924734534 0.25698890289514065 0.02830853847458741 0.05201278589277143
2 0.38100194102217455 0.290594308289081 0.029598219962933124 0.04431868506293446
2 0.41410212850097006 0.3691211273753314 0.028199411069925694 0.04888778589277143
2 0.41761650890085666 0.40235967986484233 0.026527783665263982 0.04564438672260844
2 0.42865321262172096 0.4210029360886196 0.019950401451278844 0.03579579004195636
2 0.4320683893007432 0.4347694381632121 0.023184528855940557 0.03915758838228225
2 0.43755449746811126 0.4561708414825601 0.023129965153609787 0.03759508838228243
2 0.4430678874866447 0.47679099480190795 0.021349210344286183 0.031226689212119397
1 0.5542311430137584 0.024616417317041388 0.042862111795565025 0.049232834634082775
4 0.4980554878494644 0.4640532738462021 0.025074411069925518 0.04865098755244546
1 0.5723412144358194 0.3672598616037845 0.02356647477225664 0.05009508838228234
4 0.4435515263240518 0.418315643972071 0.020059528855940555 0.038920790041956324
4 0.43354160926367635 0.39258193816321213 0.021676592558271323 0.040601689212119395
1 0.3082737360353659 0.5212891238508466 0.028690484390903315 0.06295028589277152
4 0.21310756897499045 0.5020081728158725 0.03979167549789597 0.06846658008391256
4 0.23620776307720792 0.5322042356783456 0.02189484736759475 0.04685168921211939
4 0.2470534938399142 0.5563162419021228 0.02998016587924912 0.055256185062934546
4 0.30572660019318365 0.616542424265765 0.02184028366526398 0.0452891892121194
4 0.2935366242398008 0.5862988172121506 0.021622028855940556 0.03903918921211939
4 0.27863831053746996 0.5889861093286994 0.021676592558271413 0.040601689212119395
2 0.2741343490120573 0.5394597060093516 0.021349210344286183 0.031226689212119397
2 0.22120281117044213 0.4710066265501389 0.023020837748947986 0.034470088382282424
2 0.24131441452848673 0.497533237752938 0.021458337748947988 0.034351689212119396
2 0.319662614621154 0.5967860313193792 0.01671627404661713 0.032433991701630305
2 0.32712045055600336 0.6063502854685641 0.0215674651536097 0.0374766892121194
2 0.347232053914048 0.6328768966713634 0.021567465153609612 0.0374766892121194
2 0.34638631652791974 0.6570956466713633 0.019786710344286185 0.031108290041956366
2 0.35898552024878405 0.6756205037249776 0.01671627404661713 0.032433991701630305
2 0.36748006652791976 0.6554972578741625 0.024801592558271322 0.04083848755244546
1 0.32018345899352385 0.5149323800746238 0.029761911069925696 0.049006185062934374