4 0.2050470431142748 0.6042659307267965 0.04080853847458741 0.051819365177646404
4 0.22037194275145508 0.6135874267978549 0.03779266587924912 0.05479881596343468
1 0.29467502750517816 0.5474038087247244 0.04253472958157998 0.056579639784752264
1 0.31263385382138076 0.5709333540099947 0.039136911069925694 0.04862159057054054
1 0.3292211530957413 0.5889213746881591 0.04269842068857255 0.06126713978475227
1 0.3487424794119439 0.6125236945805353 0.03801092068857255 0.06104881596343468
1 0.37784713685367255 0.6530052994190996 0.031378974772256554 0.04982021753501122
1 0.42725437061160376 0.7171256114535928 0.03299603847458741 0.05145549214211709
1 0.04791658939341048 0.5773844454091048 0.040481156260602245 0.0424443651776464
1 0.07029009719795878 0.6089448145156926 0.04080853847458739 0.051819365177646404
1 0.07916410019318368 0.6461365994618807 0.042425602176918244 0.05345463978475227
1 0.1020187576349123 0.6863271058720215 0.053799611795565104 0.06646406203449332
1 0.1312970298674309 0.6994285734070328 0.04209821996293313 0.04407963978475245
1 0.15864821435100146 0.7453061536384912 0.056979175497895974 0.06817211124870504
1 0.18440961698340666 0.7918922092628436 0.032504965153609656 0.03739299214211726
1 0.22357132070427096 0.813279211744043 0.042261911069925696 0.04876713978475218
1 0.24814224556919476 0.8715476300648426 0.05374504809323426 0.06490156203449331
1 0.27202368967141216 0.9047432737785364 0.05051092068857255 0.061631012820281585
1 0.2967583056433285 0.958324192099336 0.06317461179556512 0.0669007096771285
1 0.32092747034145125 0.8264213746881591 0.04097222958157998 0.0565068651776464
1 0.022410680222401357 0.5345227032669877 0.04482136044480271 0.05552656203449331
1 0.012909194650371625 0.4955137071959291 0.02581838930074325 0.05352741439185813
1 0.12542900890085665 0.44170596463952716 0.05670635698624168 0.060359611248705036
1 0.4026189583605517 0.6831123304363461 0.03784722958157989 0.056361315963434674
1 0.13374001670540497 0.47261136228216233 0.043988102176918266 0.05352741439185813
1 0.15064477450995328 0.5039170202638796 0.04269842068857255 0.06126713978475227
4 0.2416120256910796 0.5879709966902311 0.03968254809323426 0.06424659057054054
4 0.17683276307720788 0.560695713191785 0.03762897477225655 0.050111315963434676
1 0.8615623940252487 0.8289087514432328 0.032886911069925875 0.048330492142117265
1 0.834057442118483 0.7650260339082215 0.03245040145127902 0.03583049214211727
1 0.8289284540993824 0.9119010339082216 0.05832342068857273 0.061994885855811074