4 0.29711669482015396 0.7385134243733871 0.046396510001939714 0.053281508897248565
4 0.3154043092142403 0.7338750039171517 0.045089101517208796 0.05634284190105419
1 0.33059848770285055 0.6335885024342769 0.05146664727484325 0.0581600098858317
1 0.3591221004299469 0.6370981630046806 0.04614141848667064 0.05015650889724856
1 0.3832770775511297 0.6368925745636675 0.051721738790112326 0.0612850098858317
1 0.4134269631570434 0.639557318137877 0.04703423879011233 0.061094008897248565
1 0.4611629614900535 0.6461773912558508 0.03832891848667046 0.04983817391627667
1 0.5399576411866116 0.6538678744499368 0.04001896424430527 0.051464340912470874
1 0.1592502908773509 0.8344546185556189 0.04563123545613248 0.043906508897248744
1 0.1969575849679955 0.8399260271488561 0.04639651000193963 0.053281508897248385
1 0.2272669672399293 0.8597146037268713 0.047959010001939716 0.05334517589344294
1 0.270777851178853 0.870400094335331 0.06160692182065049 0.06791701186299796
1 0.30135817148229477 0.8582529214076378 0.04575878121376693 0.045469008897248385
1 0.35099150966358394 0.8702462440313198 0.06498701333591957 0.07116934585538673
1 0.4013423249660558 0.882988983156905 0.03743609818322877 0.038900673916276676
1 0.44455019102713217 0.8687699742596564 0.04770391848667046 0.050220175893442943
1 0.5003219589049795 0.8914142954004639 0.06147937606301603 0.06635451186299832
1 0.5395917529956241 0.896822036997507 0.05809928454774678 0.0631021778706092
1 0.592557385267558 0.9156874421307034 0.07110946757828493 0.06986151384016423
1 0.5274581569384271 0.8069928744499368 0.04990414727484325 0.0580963428896375
1 0.10917054254434086 0.8279300459319365 0.06084164727484326 0.05854201186299797
1 0.06975722724186895 0.8147416378329908 0.06227660151720875 0.05704317885919252
1 0.13334097936790085 0.6844519599623815 0.06434928454774687 0.0633568458553869
1 0.49912534709596706 0.6485237998490883 0.046779147274843245 0.05796900889724856
1 0.15934549891273822 0.6997440375289796 0.051211555759574166 0.055035009885831696
1 0.1920464286092965 0.7093126971108001 0.051721738790112326 0.0612850098858317
4 0.3158027930033828 0.7003767544114432 0.05041433030538141 0.06434634288963732
4 0.24800951512359576 0.7296132682516077 0.04314396424430509 0.05159167490485981