4 0.35339032001661197 0.23661058129089607 0.04392927513842757 0.054403276735205175
4 0.3722905143410859 0.23764320356695529 0.04100453423772628 0.05730975544788164
1 0.3942737407438178 0.33576934713033796 0.04735466378737563 0.05930929802252862
1 0.42194815777039596 0.3267714055444267 0.04216651603912887 0.05116901609154336
1 0.44596664867109725 0.32195286556766983 0.04755492288667433 0.062434298022528624
1 0.4752536304725 0.31362691333809684 0.04130492288667433 0.061997255447881636
1 0.5221088440753053 0.29779446370641394 0.03435401603912887 0.05062271287323465
1 0.5990322894795135 0.2735814315233272 0.03601664558877822 0.052294473516896464
1 0.21083377775932127 0.1673192679331288 0.04322836829088237 0.04346577673520509
1 0.24763287091177597 0.15375951248524716 0.04392927513842757 0.054403276735205085
1 0.27586849244186085 0.12902731025567418 0.04549177513842757 0.054512537378866854
1 0.3185170673957183 0.1087805122331456 0.05723031153562221 0.06777736188449897
1 0.3495365299187896 0.11524367968174176 0.04342862739018098 0.04659077673520513
1 0.3983850400978224 0.09377858908456624 0.06055557063492083 0.07112088317182245
1 0.4463521707272059 0.07080562880922159 0.03365310919158375 0.0396852128732347
1 0.4906528832502772 0.07634008078669301 0.045291516039128864 0.05138753737886685
1 0.54421917180694 0.04277382793670142 0.05723031153562204 0.067777361884499
1 0.5825807649593948 0.0302702410718729 0.053804922886674156 0.0605404821437458
1 0.6332723773901809 0.017330521577862308 0.06670544108527139 0.034661043155724616
1 0.5759884083887048 0.12216639699445193 0.045692034237726276 0.05763753737886682
1 0.1624661289313405 0.18404222820847344 0.05662953423772628 0.05840236188449897
1 0.12377386875230767 0.20479712462184768 0.05965440468807692 0.057058383171822505
1 0.19574660317460404 0.3237549382317165 0.0600549228866742 0.06330838317182241
1 0.5598393815522341 0.2865238279367014 0.04256703423772627 0.05741901609154336
1 0.2203262985788122 0.30320213761129794 0.04705427513842757 0.054621798022528624
1 0.2522376326319683 0.2868451640944015 0.04755492288667416 0.062434298022528624
4 0.3744432996585464 0.2712369535669553 0.044630181985972864 0.06534077673520518
4 0.3059541155131052 0.2556226612444099 0.04060401603912896 0.05105975544788164
1 0.9990137006459954 0.4359079248149378 0.0019725987080093433 0.04916947351689647
1 0.9570507503045418 0.47220033991774546 0.0335529796419344 0.038122712873234654