2 0.8444924096339452 0.9520680239393968 0.029914284130279613 0.08481137662320534
2 0.8196674439053997 0.8876373311635671 0.03121917889684269 0.05361592370110628
2 0.7950321939759867 0.8130640251572128 0.021116136803468067 0.04095228246740419
2 0.8120600702561112 0.850823123777241 0.0212981473268119 0.04407728246740419
2 0.8882802069889919 0.9668805462605313 0.03149219468185862 0.058303423701106284
2 0.8722387070595792 0.8924572447184037 0.020099668373499212 0.050300008928453724
4 0.8384482650085566 0.834894160708872 0.026243252560248464 0.07538182954530477
2 0.756812586182301 0.7062549176087309 0.018901189420186527 0.056522735389503434
2 0.7708064677240972 0.7455219691508586 0.028731215728545756 0.06449887662320535
2 0.7774667204255203 0.6722753839235108 0.02064569994353036 0.05967500892845372
2 0.7348396046687397 0.6371912719108019 0.028276189420186525 0.056686376623205345
2 0.7489175152203182 0.6109015073003053 0.028640210466874018 0.06293637662320535
2 0.7321248573701628 0.5637810454497523 0.020099668373499212 0.050300008928453724
2 0.708672675842484 0.509520239443398 0.025242194681858444 0.05819432954530477
2 0.6890049179499762 0.5068355702065187 0.024696163111827475 0.04881932954530477
2 0.6782879548522663 0.4434315892812421 0.02220819994353036 0.059702282467404014
2 0.6427074996470642 0.38193498173276014 0.01266659997176518 0.029878414772652385
2 0.6612292574689848 0.45874294358331313 0.01726309471009326 0.028397735389503253
2 0.6762858390954856 0.4090565892812421 0.014502115756780754 0.03459318831160267
2 0.6283950996894164 0.33719918019063255 0.01221157366340595 0.022065914772652385
2 0.6218342865493542 0.3183537228043064 0.014138094710093262 0.028343188311602673
2 0.6088036655309017 0.282225308031654 0.01110409997176518 0.029851141233702094
4 0.6079460917969086 0.3345008741842782 0.022678636803468065 0.04097955600635448
2 0.5130603991106016 0.9431610336819247 0.023224668373499215 0.0503545560063543
2 0.5212068280780316 0.9222309249156269 0.018537168373499214 0.050272735389503255
2 0.5195232307371025 0.8933246749156268 0.02138915258848364 0.04563978246740419
2 0.5180748518261422 0.8550570616851021 0.0244231473268119 0.04413182954530477
2 0.5186895018543771 0.8254104719935274 0.022587631541796327 0.0394170560063543
2 0.519068933452643 0.8051252455324779 0.020752115756780754 0.034702282467404186
2 0.5135245887425498 0.7769320616851021 0.017991136803468068 0.040897735389503254
2 0.5173930413875031 0.762951382301953 0.0181731473268119 0.04402273538950343
2 0.5181441993082456 0.7356485426103785 0.017900131541796326 0.03933523538950343
2 0.5201771361681835 0.7169530896882792 0.017991136803468068 0.040897735389503434
2 0.5195478046122699 0.6927479764577544 0.02047909997176518 0.03001478246740419
2 0.5081783941312785 0.6449417219935275 0.019735647326811722 0.04405000892845372
2 0.5206783941312786 0.6451599103051302 0.01523015785015538 0.047093188311602675
2 0.5165145388978415 0.6138689999967047 0.020934126280124234 0.03782728246740419
2 0.5183199626035997 0.5912672970746053 0.021025131541796326 0.03938978246740401
2 0.5197158626318346 0.561634344152506 0.014320105233436919 0.031468188311602675
2 0.5179412600292335 0.5311655941525061 0.01588260523343692 0.031495461850553144
2 0.5181008837491092 0.49370650446093156 0.017900131541796326 0.03933523538950343
2 0.47083510175555504 0.9283757848997407 0.02138915258848364 0.04563978246740419
2 0.4736114912604462 0.8956451055165917 0.02451415258848364 0.045694329545304765
2 0.48036347824744097 0.7435740909060952 0.01835515785015538 0.04714773538950343
2 0.4798783598598243 0.7084451144450454 0.021025131541796326 0.03938978246740419
2 0.4896258152062007 0.6212042130650738 0.0197356473268119 0.04405000892845372
2 0.48449869944942014 0.5867746659871731 0.017991136803468068 0.040897735389503434
2 0.48952012841685005 0.5657900101429745 0.014320105233436919 0.031468188311602675
2 0.48943682843096753 0.5509598969124496 0.01615562101845249 0.03618296185055314
2 0.4888985021367258 0.5283172836819248 0.017627115756780755 0.03464773538950343
2 0.488360175842484 0.5056746704513999 0.015609589448421345 0.02680796185055314
1 0.6420814992235411 0.8267838315706044 0.013834257821920559 0.0767261412337021
1 0.6624017044993303 0.813870774346434 0.01595819994353036 0.05959318831160267
1 0.674203754485213 0.8289054391190863 0.019629231513561506 0.06902273538950335
1 0.6566375519108468 0.7685037272685332 0.01826415258848364 0.04558523538950343
4 0.5395663600715859 0.4870570840062364 0.01513915258848364 0.045530688311602674
1 0.6323754863517103 0.5261389492653561 0.01366765785015538 0.04706591477265239
4 0.5042273705243423 0.5637053587630027 0.011468121018452493 0.036101141233702096
4 0.5019592152344357 0.5917621749156268 0.01468412628012441 0.037718188311602674
1 0.47715736533325775 0.4875286424482228 0.01523015785015538 0.047093188311602675
1 0.3422356047393268 0.5561950474816425 0.01595819994353027 0.05959318831160267
1 0.3333688389543113 0.5513575430174156 0.012651189420186526 0.05641364123370209
4 0.2661813389543113 0.5501847808425511 0.025515210466874015 0.06288182954530477
4 0.2796677153050228 0.5137387662320544 0.011923147326811722 0.043913641233702096
4 0.28354387322576546 0.48649047361838055 0.018537168373499214 0.05027273538950343
4 0.3227891127730089 0.4099103827089901 0.013394642065139984 0.04237841477265238
4 0.31923147326811774 0.4426274253226639 0.014593121018452494 0.03615568831160267
4 0.30452423116062555 0.4447120767026357 0.01312162628012441 0.037690914772652385
2 0.3136863995341247 0.494821170858437 0.015700594710093264 0.02837046185055314
2 0.28188193366440456 0.5785552426931041 0.01735409997176518 0.02996023538950343
2 0.2940333231692957 0.545988204543657 0.01579159997176518 0.029932961850553143
2 0.3408411627588915 0.4250541416374439 0.011195105233437008 0.03141364123370209
2 0.34562737329635257 0.41343084902377003 0.014502115756780754 0.03459318831160272
2 0.3569975128012438 0.3808501741048479 0.014502115756780665 0.03459318831160267
2 0.35016368387616603 0.35731721671852174 0.014138094710093262 0.028343188311602673
2 0.35670211021276016 0.33557858441327343 0.009632605233437008 0.03138636769475171
2 0.3702031680911505 0.35298427272487615 0.017718121018452493 0.03621023538950343
1 0.6515475044852129 0.8285099728043065 0.011088689420186527 0.056386367694751985