2 0.12302112623746456 0.8661931037929129 0.05883209897381954 0.11454216378737563
2 0.08579192354017282 0.9530026889258032 0.0519274823325695 0.08601664558877822
4 0.13893510733576311 0.9550117234726837 0.05984908510611122 0.08997655305463255
4 0.21170307295083263 0.8210191085732749 0.044225391526875144 0.15729086829088246
4 0.16090494557600632 0.7512585186600227 0.03597648043270842 0.1380402205426357
4 0.1713521363054508 0.7394093607327432 0.04233558320625015 0.14312823874123293
4 0.20721886075423557 0.6439058960502037 0.03437630642076395 0.0692902205426357
4 0.18405411768808974 0.6306852028054638 0.02867182028847228 0.09232720234403846
2 0.21497550294670079 0.7140379233480996 0.04277068787965286 0.09479086829088246
0 0.2628453860211103 0.9363856878460691 0.056325348023889 0.1272286243078618
0 0.4890325584175342 0.6377104649870814 0.0378649823325695 0.0851154796419344
1 0.7203559468102773 0.6157608235603563 0.01871493882958326 0.06672642504614253
1 0.7274060338162496 0.5817863417589535 0.018133057370694417 0.041726425046142525
0 0.37981729331555486 0.825533035160577 0.041535496200277855 0.1087532387412331
1 0.4351087778323259 0.6013934307493551 0.02332970364722229 0.06390181369509058
1 0.3887078629384371 0.5107894147102263 0.02325696846486114 0.06077681369509058
1 0.40762151709874966 0.504959719306018 0.028308144376666712 0.07670220234403846
2 0.36823170877812456 0.5165189805647851 0.02605466014423623 0.04691457279438911
4 0.29166724914697867 0.6125440769564423 0.030888936929722277 0.12055233189368782