4 0.3245486073311018 0.7355803561920142 0.03779089149054773 0.050872822188333444
4 0.3432895169720222 0.7344542672861809 0.03624657220870695 0.05396145459715278
1 0.3653776195295461 0.6373253473582989 0.04094316256778665 0.05563305737069442
1 0.39277591168402387 0.6473367802039587 0.03777271077238851 0.04774782218833344
1 0.4170219327612627 0.6525879778672573 0.040970433645025395 0.060320557370694416
1 0.44675942973620053 0.6618727120996878 0.034720433645025396 0.060175087005972114
1 0.39785377624360024 0.5802765667730906 0.028406801131468207 0.049092116641249996
1 0.4205282069617596 0.5839288968452088 0.03154089149054791 0.05072735182361114
1 0.9825681020665445 0.5048700972613898 0.034863795866910866 0.058685322188333444
1 0.18276108313060502 0.8010209053945836 0.039298849336070064 0.04153418977951384
1 0.2187758511827818 0.8151386099917364 0.03779089149054773 0.05087282218833318
1 0.24782754692805567 0.8408114104285765 0.03935339149054773 0.05090918977951375
1 0.2901332215960907 0.8621058353904516 0.050372704722264315 0.0652262629177777
1 0.3205610649802324 0.8557837534184725 0.039307939695149764 0.04309668977951375
1 0.36912583000734706 0.8787861487450698 0.05350679508134402 0.06686149810013901
1 0.4169184353935414 0.9033328602760768 0.02989657825883114 0.03662848423243048
1 0.4614178691367627 0.8989005866247226 0.040897710772388504 0.04782055737069442
1 0.5147383118569744 0.9337308347248616 0.0519261143631848 0.06370013050895836
1 0.5530968299091512 0.9479030907087852 0.048773843285945875 0.05893989532659738
1 0.6024837515521242 0.9722257177992709 0.059756795081343836 0.055548564401458125
1 0.5470872035439139 0.8548070541396534 0.03938066256778665 0.05559668977951375
1 0.13344688436026905 0.7834690762723959 0.051871572208706994 0.054325130508958354
1 0.09504291451269423 0.7614843202884722 0.05498748184962739 0.052835365691319504
1 0.16701284240218306 0.6452066632783682 0.055023843285945874 0.0590853656913195
1 0.4148731046006273 0.5517703602760767 0.03625566256778665 0.05552395459715278
1 0.19213101707021812 0.6661010447372571 0.04248748184962738 0.05254442496187508
1 0.22347646584055408 0.6832346465608682 0.040970433645025485 0.060320557370694416