2 0.037124263790053555 0.3041658682908824 0.07424852758010711 0.12708173658176475
4 0.1259270363555957 0.3258487060446663 0.09981344655564542 0.16079540252860863
4 0.10012540281121632 0.4055967627999265 0.08359741316955058 0.13948160703211537
4 0.1139605822781029 0.4143104287467704 0.09159176959604132 0.14623225478036198
4 0.17965612694696884 0.4967910641565158 0.056824313011266 0.07694203423772628
4 0.16111907561418531 0.5151708243355486 0.06044941818411553 0.09432979333702499
2 0.16368779763836683 0.42688957433554864 0.07473923871722894 0.1030434592838688
0 0.41193273251552975 0.341828663630492 0.06660848997087018 0.09160531153562221
1 0.7047447066512823 0.4466906485142138 0.03592077962517113 0.055327850092285046
1 0.7012643539857153 0.48560295418973976 0.032522994985435004 0.04575259099298634
1 0.42511572796318325 0.6150554125507579 0.04069920783841656 0.0587532387412331
1 0.44680887153669246 0.6227072262458484 0.03582985141192587 0.05220285009228505
4 0.37430338572245747 0.5859698874123304 0.04207985141192587 0.052603368290882455
4 0.2676645923072328 0.5118233837117024 0.0737223079967011 0.12169332973421945
1 0.3068133235026143 0.34996373380398754 0.08024509263643723 0.13146884793281677