2 0.1671647992094237 0.8243336001129394 0.07070588410204497 0.11779371572854594
2 0.13076383860137542 0.9126827395472435 0.0596927893919517 0.08912268415851443
4 0.25597739925177604 0.7744785423051364 0.060663026167184955 0.15925317363517094
4 0.2042259124765428 0.7069417027861278 0.04863346302712275 0.13986613680346807
4 0.21374512564483986 0.6954126685852607 0.056718978812138235 0.14500866311182747
4 0.24877330205202117 0.5969527817817927 0.04150423151356133 0.07093412628012423
4 0.22534350732781042 0.5849911080760344 0.03809080517696728 0.09253611049510883
4 0.2576015414580903 0.667773515996777 0.052335315700310935 0.09648015785015537
0 0.48367673599877437 0.8615557951477337 0.057204826223654595 0.09987817363517096
1 0.7315718495482422 0.43400212961683204 0.023315673635170953 0.052745568401734035
1 0.7198685100998207 0.40803116381769905 0.022769642065139806 0.04337056840173403
1 0.45413011803468073 0.3811780504094056 0.021116136803468067 0.04171706314006211
1 0.4568455943571575 0.3739647898860619 0.018628173635170952 0.05247255261671855
4 0.4035756521649606 0.46878373719875627 0.03570925782192056 0.07838260523343692
4 0.3279301810335686 0.5562830081748564 0.04294490514873237 0.1224056210184525
1 0.47761863886960665 0.6094927662085385 0.04487142619541977 0.1287466262801244
1 0.3747820652062008 0.5935331082172087 0.03845482622365459 0.09878611049510884