4 0.31517735049984724 0.7435836312858204 0.04458906203449331 0.052053396005727136
4 0.33329164971405895 0.7402495459500478 0.043172111248705035 0.055160214672181594
1 0.34806908726528085 0.6409126172820023 0.0479323858558109 0.05677725867281787
1 0.3767206261404104 0.6460450126114117 0.04288101282028158 0.048910214672181596
1 0.4008666015333045 0.6473257019414572 0.04807793507002249 0.059902258672817864
1 0.4311170277119869 0.651658665937321 0.04339043507002245 0.0598477146721816
1 0.47908149276579887 0.6612512945974123 0.03506851282028158 0.04881930800445442
1 0.5573327713018462 0.6743956372533674 0.03826628742738745 0.050418170671545325
1 0.17754460980547213 0.8318568853039559 0.04258991439185813 0.04266021467218124
1 0.21464434946638994 0.8400142832988653 0.04458906203449331 0.052053396005727136
1 0.24491189227046087 0.8607444066279563 0.04615156203449331 0.052071577339272326
1 0.2887517835029552 0.8750699886219111 0.05930653349844599 0.06627952800763595
1 0.31891231844914325 0.8645682932845478 0.044225188998963993 0.044240896005727136
1 0.3689658223780847 0.8796023999443208 0.06094180810555194 0.06786020934118149
1 0.4189829390034732 0.8954177566040938 0.03455909057054054 0.037881808004454245
1 0.46242472394966133 0.8847615199315939 0.046006012820281585 0.048946577339272324
1 0.5182188056288617 0.9106604012571854 0.059233758891340214 0.06471702800763594
1 0.5568810452897794 0.9187996179185491 0.05440070967712849 0.061537484006999675
1 0.6096956761831916 0.9416098619112313 0.06719180810555195 0.0679329346753633
1 0.5447321098054722 0.8275842719207764 0.0463698858558109 0.056759077339272324
1 0.12805403205521315 0.8215011879774101 0.057307385855810855 0.05688634667409076
1 0.08815677812627173 0.8063489026495917 0.060359611248705015 0.055360209341181486
1 0.15108277130184616 0.679122783975183 0.06065070967712845 0.061610209341181485
1 0.5162903943373754 0.6670649425923216 0.043244885855810725 0.056722714672181596
1 0.17762600062368175 0.6959921106381376 0.047786836641599176 0.053652258672817865
1 0.2098563037668349 0.7081103026336834 0.04807793507002254 0.059902258672817864
4 0.3332938037668349 0.7066739772835933 0.046660984284234264 0.06300907733927233
4 0.2657595473566941 0.7316654339592746 0.041391287427387444 0.05045453333863605