4 0.21693870765973666 0.6562652822351415 0.029996075934727705 0.04701470234403846
4 0.23461145973432912 0.6590200424141742 0.027226273445216796 0.05150194324473976
1 0.28817601284854 0.5677349059246947 0.033476273445216795 0.05190246144333699
1 0.31121077114690976 0.5818078979051301 0.029759277594401647 0.04388970234403846
1 0.33303822695576857 0.5912935194352149 0.03226897095570589 0.056489831893687815
1 0.35763548525413835 0.6052663818660011 0.02613737012586892 0.05765181369509058
1 0.3969697497762854 0.6299566988002941 0.020739475104890735 0.04797642504614252
1 0.46168252259680226 0.6685698133905487 0.023864475104890738 0.048176684145441226
1 0.0583799238415577 0.6967469872000736 0.033736382573423505 0.03481509099298634
1 0.08875358545927536 0.7165693314322625 0.029996075934727705 0.04701470234403846
1 0.10742015247093337 0.7472488325119967 0.0315585759347277 0.047114831893687634
1 0.14032681823783594 0.7746834176448869 0.04176237012586883 0.05865310919158375
1 0.1714584190676729 0.7742433266519004 0.03385478174358654 0.03637759099298634
1 0.21031908690916787 0.8051836435861934 0.04500576929603186 0.060415868290882455
1 0.24833930516558134 0.8369552752953112 0.025805483403260433 0.03275194324473958
1 0.29161570848492924 0.8404016479051301 0.034328378424238616 0.04262759099298634
1 0.3310916829651201 0.8837418352897739 0.043206470955705886 0.05719073874123311
1 0.3629094454126747 0.9050265499723134 0.03984467261537983 0.0538654796419344
1 0.4004560669884361 0.9430481816814311 0.05246307178554273 0.05622901603912887
1 0.38858579686721156 0.8124187453765217 0.0319137734452168 0.05180233189368773
1 0.02056707343592799 0.6705442350406052 0.04113414687185598 0.046453497840531634
1 0.006427890759935962 0.6421281408084163 0.012855781519871923 0.04352875693983016
1 0.09666394168769707 0.5403572848560351 0.047420374275053724 0.05124112739018098
1 0.4283022601492476 0.6473852282576584 0.027344672615379827 0.05306444324473976
1 0.11340115579492567 0.5657182302602433 0.034683575934727706 0.04731509099298634
1 0.1374064182424803 0.5875035926910295 0.03226897095570584 0.056489831893687635
4 0.24791694313758955 0.627069135566629 0.02793666846619498 0.06087694324473993
4 0.17784124147791563 0.6284499653008485 0.026752676764564675 0.04525194324473993