4 0.32668456088607617 0.2594086259548202 0.040226262917777866 0.05045453333863605
4 0.3445987594993053 0.2615432906190477 0.038772865691319505 0.05512385200509069
1 0.36027635125493024 0.359771705283275 0.043496733282500075 0.05674089600572696
1 0.388583189210833 0.351631941279457 0.040189895326597294 0.04889203333863614
1 0.41287467439319414 0.34822513060950266 0.043569468464861136 0.05986589600572696
1 0.4427258285535067 0.34084843527213915 0.03888196846486114 0.05981135200509069
1 0.49069120307854136 0.32701265459900314 0.03237739532659738 0.04880112667090888
1 0.5684895479682984 0.3065814285885036 0.03397626291777769 0.05038180800445433
1 0.18940407285392344 0.18446426464036483 0.04000805737069446 0.04107953333863614
1 0.22717682978777765 0.17230916263527418 0.040226262917777866 0.05045453333863614
1 0.257409843655486 0.1485262172979107 0.04182513050895835 0.0520352146721816
1 0.3007786371584721 0.130838730625411 0.05461607123840286 0.06468066534054513
1 0.33106554920256936 0.13829669462127483 0.04160692496187508 0.0426602146721816
1 0.3807388940923263 0.11819273261459332 0.057813806420763926 0.06784202800763599
1 0.43043042277767346 0.0973075206079118 0.03212282218833344 0.0378636266709089
1 0.47399858482177076 0.10461094326863933 0.04327852773541672 0.04736589600572701
1 0.5293952528497916 0.07350584659454877 0.05457970364722229 0.06311816534054512
1 0.5687305097836457 0.06133256325591265 0.051381968464861136 0.059956802673454226
1 0.6216925088337153 0.03416098858214025 0.06246493882958344 0.06633407200827235
1 0.5564285719039929 0.15363824192395806 0.0418978656913195 0.055160214672181594
1 0.13985801453329844 0.19909947664704636 0.054397865691319505 0.05530566534054513
1 0.09957785343913177 0.21831310065245518 0.05748649810013893 0.05377952800763604
1 0.16314743132704831 0.3394153939767738 0.05763196846486114 0.060029528007636036
1 0.5283912248300344 0.31798255259391245 0.038772865691319505 0.05512385200509069
1 0.18938327621680529 0.31958415197327394 0.04495013050895835 0.0520715773392725
1 0.2217418345374303 0.30514893463559234 0.043569468464861164 0.05986589600572696
4 0.3453975400845136 0.29433760928550223 0.042079703647222286 0.0629727146721816
4 0.2778652011786803 0.2763784972947291 0.03706489532659729 0.04885567067154524
1 0.9720470398001732 0.48464860053314246 0.032341027735416715 0.047238626670909056
1 0.9103458203853816 0.5181701725414148 0.03205008700597247 0.03473862667090888
1 0.9802972573151039 0.3986383751989607 0.021730836056041626 0.0611738573360908