2 0.7271095745810391 0.9520685074394951 0.031567789391951706 0.08624658267027244
2 0.7113095403095848 0.887778740770177 0.03121917889684287 0.05345226400381797
2 0.6961465428698336 0.812551474100859 0.021207142065139805 0.04240567600254517
2 0.7079794139588733 0.850996356102768 0.0212981473268119 0.043968176002545434
2 0.7692137745951565 0.9674122441119948 0.031492194681858446 0.05813976400381797
2 0.7625990245245694 0.8930662247771768 0.02175317363517095 0.051780676002545434
4 0.7370599692064278 0.834917370106586 0.02789675782192056 0.0768352200031817
2 0.6726474006635194 0.7059560287634955 0.020463689420186525 0.056449994668999894
2 0.6813097691217231 0.7451457980983136 0.030293715728545934 0.06437158267027243
2 0.6973057664203001 0.6718446580999045 0.02220819994353036 0.059593176002545434
2 0.6595096348079167 0.6362247840944957 0.029838689420186526 0.05655908267027243
2 0.6774174716255021 0.6106344380967228 0.030202710466874016 0.0628090826702726
2 0.6669118821064937 0.5628236467615866 0.02175317363517095 0.051780676002545434
2 0.6505203136341724 0.5086901300922685 0.025242194681858444 0.05806703866963616
2 0.6311255715266801 0.5061191134229505 0.024696163111827298 0.04869203866963616
2 0.6286067872552259 0.44198388808876865 0.02377069994353036 0.0596113573360908
2 0.601687242460428 0.38069185208463246 0.01266659997176518 0.02981476933481808
2 0.6097279846385074 0.457399802752996 0.01735409997176518 0.02986931333545435
2 0.6313901530120066 0.40761797875554134 0.014502115756780754 0.03452045066836362
2 0.5933888950489117 0.3352520827498144 0.012302578925077867 0.023564769334818082
2 0.5890122081889739 0.3164384480824053 0.014138094710093441 0.028270450668363534
2 0.5809490792074264 0.2803827694143599 0.01266659997176518 0.02981476933481808
4 0.5732129029414195 0.3326719754137236 0.022678636803468065 0.040861357336090795
2 0.39636010352023426 0.9396203147278609 0.024787168373499126 0.05025453866963616
2 0.4077449245528042 0.9186447433959062 0.020099668373499212 0.050199994668999895
2 0.4094285218937334 0.8897384933959064 0.02295165258848364 0.04554885733609097
2 0.4132206508046938 0.8514754247294516 0.0244231473268119 0.04400453866963616
2 0.4180747507764588 0.8218242873965427 0.022587631541796327 0.039298857336090974
2 0.42082031917819285 0.801529968730088 0.020752115756780754 0.03459317600254543
2 0.41933341388828616 0.7733686060629971 0.019553636803468066 0.040824994668999894
2 0.4248399612433328 0.7593606500636334 0.019735647326811722 0.04394999466899989
2 0.4295575533225902 0.7320532627307244 0.019462631541796328 0.03926249466899989
2 0.4337746164626524 0.7133396253978153 0.019553636803468066 0.040824994668999894
2 0.4367021953877301 0.6899203067313607 0.02047909997176518 0.029905676002545435
2 0.4317108584995575 0.6413919000636334 0.0197356473268119 0.04394999466899989
2 0.4441653558687215 0.642318600731997 0.016883663111827298 0.048601132001908985
2 0.4444229611021585 0.6110504193984516 0.020934126280124234 0.037718176002545435
2 0.44886753739640034 0.5884305320655425 0.021025131541796326 0.03928067600254544
2 0.45450288736816546 0.5587884853994061 0.014320105233436919 0.03139545066836362
2 0.4562774899707665 0.528319735399406 0.015973610495108835 0.032976132001908985
2 0.4615866162508908 0.49085609806649694 0.017900131541796326 0.03924431333545435
2 0.3565996535061168 0.9243038500556793 0.02295165258848364 0.04554885733609097
2 0.3631982640012256 0.8915458940563156 0.02451415258848364 0.04556703866963616
2 0.390775774383395 0.7402015700588609 0.019917657850155555 0.04707499466899989
2 0.3951671427710116 0.7050725920591792 0.02102513154179615 0.03928067600254544
2 0.41588843742463516 0.6177544053946336 0.019735647326811722 0.04394999466899989
2 0.41554680318141585 0.5833521333943155 0.019553636803468066 0.040824994668999894
2 0.42380662421398585 0.5623401993952699 0.014411110495108837 0.03295795066836362
2 0.4254524241998684 0.5475055400620426 0.01615562101845249 0.03610113200190899
2 0.42833450049411026 0.5248674713955881 0.017627115756780755 0.03455681333545453
2 0.43043532678835206 0.5022203120623608 0.015609589448421345 0.026726132001909163
1 0.5471776928274814 0.7662566347469509 0.012651189420186526 0.05635908800127254
1 0.5596321901966455 0.7671833354153144 0.01752069994353036 0.05953863200190916
1 0.5746124480891532 0.7650123080839961 0.02119173151356133 0.0689499946689999
1 0.5608453506776367 0.719508904081769 0.017900131541796326 0.03924431333545435
4 0.4838711399284142 0.48407938673613315 0.01670165258848364 0.04547613200190899
1 0.568125042587485 0.5139856100811326 0.015321163111827296 0.04858295066836362
4 0.43878688210649364 0.5601691720639516 0.013030621018452492 0.03606476933481808
4 0.43246128739640033 0.5882396280633152 0.014684126280124232 0.037645450668363625
1 0.42347967149844534 0.4739953147278609 0.01679265785015538 0.047038632001909164
1 0.26489435579813436 0.5659635440404072 0.017520699943530272 0.05953863200190899
1 0.25359283475144695 0.5720862747055891 0.014304694681858443 0.05793976933481808
4 0.2020604268307043 0.544124359365044 0.027077710466873996 0.06277272000318171
4 0.22060530047999274 0.5075965133672712 0.013485647326811723 0.04387726933481808
4 0.22762113992841418 0.48109764803468025 0.020190673635170953 0.05176249466899989
4 0.2773928977503348 0.4050624067074981 0.013394642065139984 0.04231476933481808
4 0.26927728988606187 0.4370209313733163 0.014593121018452494 0.036082950668363624
4 0.25429703199355413 0.4391919587046346 0.01312162628012441 0.03762726933481808
2 0.25685361362005493 0.48925559337204366 0.015700594710093264 0.028288632001908988
2 0.21370358212061102 0.5724039007001803 0.01735409997176518 0.02986931333545435
2 0.2304129399848839 0.540545373368862 0.01579159997176518 0.029851132001908986
2 0.29371584776445225 0.420106151376498 0.011195105233437008 0.03135908800127272
2 0.2998671372269911 0.40845103604390703 0.016064615756780753 0.034538632001908987
2 0.3158407477220999 0.37580216804581607 0.014502115756780665 0.03452045066836353
2 0.31173707664717765 0.352301033378407 0.014138094710093262 0.028270450668363624
2 0.32160490031058353 0.3305260307129069 0.009632605233437008 0.031340906667727174
2 0.3322770898013573 0.3486311407144978 0.017718121018452493 0.03611931333545444