2 0.17844347758022466 0.10694985048453262 0.065305748792052 0.11487088317182245
2 0.14186850666795978 0.03038698650634667 0.055612013335919565 0.06077397301269334
4 0.19602984818322883 0.03176381620775891 0.06393469636645768 0.06352763241551782
4 0.26669264773388524 0.1581356560486298 0.053252030005818976 0.15752827673520514
4 0.21476322803926662 0.2246236695422831 0.04390898091420459 0.13823197351689645
4 0.22522236697916015 0.23724935568031272 0.05054161818710819 0.14335651609154337
4 0.25994779546777047 0.3353919247380632 0.038296967578285025 0.06948197351689647
4 0.23655809289239493 0.3472417147148201 0.03396015394280303 0.09248243094224957
2 0.26911575925303366 0.2648226986232768 0.04815019970043757 0.09502827673520517
0 0.3193556489418332 0.05479177078312038 0.06371129788366643 0.10958354156624076
0 0.5431428038027202 0.3588030195226127 0.04269742515463051 0.08532549480421991
1 0.7748231095622944 0.3960305958698302 0.022544421820650484 0.06682686708027905
1 0.7808178891090714 0.4309683245825068 0.020503689698497852 0.04182686708027905
0 0.4353469239466824 0.16441351717682415 0.04773561151914833 0.10898151609154341
1 0.4877536731977764 0.3925331633380968 0.026976830305381404 0.06402964901126432
1 0.44067112123122404 0.4798964055444267 0.026721738790112325 0.060904649011264314
1 0.45927760001939666 0.48645240814231683 0.032684696366457724 0.0768574309422494
2 0.42050214244305134 0.47344966359019836 0.02869882697140156 0.04706067029858776
4 0.34464153092390293 0.371897871267653 0.03781847758022465 0.12071669158591121