2 0.641895718133312 0.9783632901113742 0.051980670671545326 0.036237481849627426
2 0.6429855034611305 0.9377291997522945 0.044440890674726855 0.05962953005422946
2 0.6475633681174037 0.8611348834955159 0.03177725867281787 0.04549430718159257
2 0.6495894921228125 0.9009695431364364 0.031795440006363404 0.04705680718159222
2 0.6916593607972212 0.9577598986208266 0.033430665340545215 0.0533158975406721
4 0.6807667667886308 0.894537735954844 0.046221566677272286 0.07838862041330899
2 0.6501787434356772 0.7501746575978169 0.03348520934118149 0.058003397540672096
2 0.6490889581078587 0.7908087479568965 0.044549978675999566 0.06900453005422928
2 0.68270034209895 0.7249837600571449 0.036664753341817756 0.06270907825883114
2 0.6548202427593595 0.6790490913410382 0.04289657200827222 0.06118293969514958
2 0.6780213854232686 0.658600235954844 0.04453179734245403 0.06744203005422929
2 0.6798015140833599 0.6101491004162245 0.033430665340545215 0.0533158975406721
2 0.6767850547421783 0.552350235954844 0.039771572008272395 0.061164758976990544
2 0.6594975574076785 0.5438564799047197 0.03655566534054522 0.053334078258831144
2 0.6728418947326333 0.4820559166730032 0.03822725334181776 0.06271816861791066
2 0.6611044160566337 0.41336954918656055 0.02067612667090888 0.03136817466803503
2 0.6502856420671332 0.4907814768796577 0.023819308004454243 0.032948855386194256
2 0.683397586728179 0.4491797841594459 0.023855670671545325 0.03607385538619425
2 0.6644834073838158 0.36803432328886154 0.017478401336727244 0.02509999394987581
2 0.6650373907144977 0.3484985281093217 0.020657945337363516 0.02980567466803503
2 0.6661635387094071 0.3109894377502421 0.01911362667090888 0.03135908430895533
4 0.6456243193825432 0.3587684075978169 0.033321577339272504 0.04394089754067192
2 0.329976426121858 0.8957972715682182 0.03655566534054513 0.053334078258831144
2 0.34541052211963086 0.8793001179774219 0.031849984006999676 0.05174430718159258
2 0.35446734878258557 0.8519018258229444 0.03337612133990877 0.048628397540672094
2 0.36733042811104033 0.8158870577707675 0.03493862133990877 0.04863748789975162
2 0.378731004773995 0.7884751300776704 0.0317590773392725 0.04393180718159222
2 0.38632532877144976 0.7696796782822724 0.030142033338636142 0.0392352168225127
2 0.39146681476763173 0.7415228620254937 0.0286340773392725 0.04391362646343318
2 0.40070545476604086 0.7297495698710159 0.030214758672817865 0.0454852168225127
2 0.4113520534293138 0.7046859373574585 0.02861589600572696 0.04235112646343318
2 0.4205361494270866 0.688225145202981 0.0286340773392725 0.04391362646343318
2 0.4288662700906777 0.665518898228043 0.026962489337999784 0.03452953610435348
2 0.4353338987507689 0.6170404916121848 0.031795440006363404 0.0470568071815924
2 0.44710719275140515 0.6216598139190876 0.028706802673454136 0.05016362646343318
2 0.45456515674726905 0.5911456121236895 0.030160214672181596 0.040797716822512695
2 0.46526629941117825 0.5707694796101321 0.03017839600572696 0.042360216822512696
2 0.4774481260741329 0.5433530067374953 0.020694308004454244 0.03293067466803503
2 0.48648677140354224 0.5143922145830175 0.023837489337999784 0.03451135538619425
2 0.5009305320655424 0.4799308561717612 0.02861589600572696 0.04235112646343318
2 0.29451109345158544 0.8694393046475095 0.03337612133990877 0.048628397540672094
2 0.309790648114222 0.8396609010567134 0.034956802673454225 0.05019998789975162
2 0.37224410009545017 0.7010069463344492 0.03183180267345422 0.05018180718159222
2 0.38514354209099577 0.6681171782822724 0.0301965773392725 0.0439227168225127
2 0.4264219754137235 0.5897467385871227 0.031795440006363404 0.0470568071815924
2 0.4346248267424965 0.5561029916121848 0.0286340773392725 0.04391362646343318
2 0.4469157414067239 0.5380615187395478 0.022274989337999783 0.03450226502711473
2 0.4522208594048148 0.5239672024827691 0.025454533338636055 0.039207945745273774
2 0.45978791140195147 0.5028280006873711 0.025418170671545327 0.03608294574527378
2 0.4681362133990879 0.4816842537124332 0.022220445337363514 0.02981476502711473
1 0.5069832741088132 0.7986672206331418 0.03524770401018138 0.07519998789975162
1 0.5273048647755859 0.7993302959651067 0.03194089067472685 0.05955680718159222
1 0.5405770241088131 0.79847177791293 0.03831816000954511 0.07053066861791102
1 0.5383054521005408 0.7375433682720096 0.028688621339908772 0.048601126463433175
4 0.5235867820655424 0.4797990459651067 0.027107940006363407 0.047029536104353474
1 0.6000589227402694 0.5387331635497452 0.02712612133990877 0.048592036104353475
4 0.46178676340704206 0.5403189103282914 0.02231135200509069 0.037627265027114734
4 0.44880550541054187 0.5661774283804683 0.023892033338636053 0.039198855386194255
1 0.4677907680617245 0.4519967537124332 0.02712612133990877 0.048592036104353656
1 0.29328166406745143 0.49520237392935035 0.031959072008272395 0.0611193071815924
1 0.2815992767345423 0.4983955516224475 0.028797709341181487 0.05797612646343318
4 0.2389117900620426 0.4556722413175972 0.04296929734245412 0.06743293969514959
4 0.2659100947246792 0.4258256600337038 0.023964758672817867 0.045448855386194253
4 0.27969078405472475 0.40152509680198734 0.03343066534054513 0.05331589754067192
4 0.3454152340467706 0.34254500654110354 0.023946577339272503 0.04388635538619425
4 0.3293453387173613 0.3715467053114395 0.02387385200509069 0.037636355386194253
4 0.3144743167170431 0.3692893137226959 0.022329533338636142 0.039189765027114645
2 0.30489077872372466 0.41856715105671344 0.022220445337363514 0.02981476502711473
2 0.24396291673295148 0.4868949702403583 0.02381930800445442 0.032948855386194256
2 0.26709133406267893 0.46019611485416406 0.02381930800445442 0.032948855386194256
2 0.35658000071608864 0.3620126240275462 0.01911362667090888 0.03135908430895542
2 0.365845912714816 0.3525830818730685 0.02385567067154524 0.03607385538619425
2 0.3889743300445434 0.32588422648687426 0.02385567067154515 0.03607385538619425
2 0.391036269374589 0.3016518409482548 0.020657945337363516 0.02980567466803503
2 0.4048896840388164 0.28360127771653826 0.017551126670908877 0.03134999394987581
2 0.41137604137490713 0.30387741628021975 0.0254545333386361 0.039207945745273955
1 0.5202463427752677 0.797027452580965 0.031959072008272214 0.06111930718159222