2 0.2272953757598346 0.9384426926320923 0.0815348079967011 0.11809656667727211
4 0.3005032067177893 0.8649591919557746 0.07646687476889076 0.15864884134309057
4 0.23320805812971512 0.8157591706317742 0.06337584138279588 0.13819089067472695
4 0.23908598508931922 0.8016330359643653 0.07137019780928666 0.14453179734245403
4 0.24757809817972748 0.6976631512969562 0.04740384890464337 0.07240225867281787
4 0.22193324049959556 0.6932756433004561 0.04799488229073816 0.09271475867281787
4 0.27459758775488624 0.7621705466263655 0.060631274610606224 0.09754770934118148
0 0.556869215493278 0.9385126812540037 0.067063131037097 0.1038704346753633
1 0.6564890630777731 0.38675872990932236 0.029670779625171305 0.05345226400381797
1 0.6484636144105564 0.3673274772438223 0.026272994985435005 0.04404090133672707
4 0.36413877553504304 0.5299569359484569 0.04446070533113407 0.07861589600572697
4 0.3134364303913234 0.635198966621593 0.055063236209946444 0.12091248400699968
1 0.4868799420698059 0.5792927699315941 0.04303459765100222 0.0832852146721816
1 0.35497907271119145 0.6300296612826386 0.04813127461060622 0.09740225867281786
1 0.35158833359825115 0.8807654579487749 0.07481344655564541 0.15550566000954474
1 0.3458635193333439 0.9433109112826387 0.05617109514371963 0.10530566534054486