2 0.6670768784699151 0.00957268228205255 0.04977875693983034 0.0191453645641051
2 0.6669057001845701 0.041755193613578004 0.044329793337024984 0.059467841901054176
2 0.6718621128922115 0.119098943613578 0.031028756939830336 0.04645850593149906
2 0.6739462446013291 0.07828294262499483 0.03112888648947969 0.04802100593149905
2 0.7158042751384276 0.0248488430996021 0.03309190468807692 0.0496976861992042
4 0.7050157718992252 0.0864164361992042 0.04563147748246603 0.07978034190105417
2 0.6750650609173133 0.230195611104064 0.03339229333702498 0.05902217292769345
2 0.674024192626431 0.18950694410786958 0.045030700184570095 0.07040534190105414
2 0.7080673280361764 0.25626602118017616 0.03525518198597268 0.06377333992388783
2 0.6804022054263574 0.30125752760596675 0.04286742288667433 0.06096667490485981
2 0.7036289543466232 0.3214599396592453 0.044830441085271386 0.06728034190105418
2 0.7052205351605769 0.3707423566554397 0.03309190468807692 0.05433467292769345
2 0.7034065137227772 0.4279964411421201 0.03984255243632351 0.06240184091247105
2 0.6859384114710237 0.4365411115983555 0.03611677513842757 0.05289950692008212
2 0.6993185934569965 0.49865910962118926 0.03838018198597286 0.06390067391627667
2 0.6879991640919174 0.5664832795831332 0.02075259099298634 0.032014003954332716
2 0.676792751384276 0.4893941975679107 0.023877590992986343 0.03214133794672147
2 0.7100651287744569 0.5319026911421201 0.0226154796419344 0.036765170950527094
2 0.6917342358065723 0.6125451960850359 0.018789572794389107 0.025700336958138337
2 0.6922046051771888 0.6321082795831331 0.02065246144333699 0.030451503954332715
2 0.6938264643687726 0.6696401130812303 0.019190090992986342 0.031950336958138335
4 0.6727036335548189 0.6211535335374659 0.032491127390180986 0.04495967292769336
2 0.3534637638796606 0.0764590933467479 0.03621690468807692 0.054462006920082205
2 0.3686777537006278 0.09385484038099837 0.03142927513842757 0.05270850593149905
2 0.37824252081949095 0.1208802554000264 0.03279151603912896 0.04964717292769345
2 0.39075181523625 0.1571851699247629 0.03435401603912887 0.04971083992388783
2 0.4027103971299377 0.18489633444949932 0.032491127390180986 0.04495967292769345
2 0.4109932665005543 0.2041410829666246 0.028965609191583752 0.038582338935304626
2 0.4159205983942421 0.23213874897423575 0.029366127390180984 0.044832338935304604
2 0.42531538479143666 0.24428858049516666 0.029466256939830338 0.046394838935304605
2 0.4363425223606504 0.2696878285180003 0.029265997840531632 0.0432698389353046
2 0.44525644740679293 0.28655699353702835 0.029366127390180984 0.044832338935304604
2 0.4537896406515328 0.30970799205415356 0.027102720542635694 0.03383117193911023
2 0.4607999066906617 0.3579863245636676 0.031128886489479514 0.04802100593149898
2 0.47226833281653846 0.3536025720922097 0.028204145588778217 0.05101867193911023
2 0.4805209238095248 0.3845979041074321 0.030728368290882456 0.04177100593149907
2 0.4904664227297907 0.4053414856283629 0.030828497840531634 0.043333505931499115
2 0.5031561898486538 0.4322395666550022 0.020852720542635695 0.03357650395433272
2 0.5128711512919909 0.46160873167403016 0.024077850092285046 0.03526633794672165
2 0.5268928809339253 0.4970687292025723 0.02770349784053181 0.0432061719391104
2 0.3182970218992251 0.10217401775731609 0.03279151603912896 0.04964717292769345
2 0.33353079811738684 0.13210159828966375 0.036016645588778304 0.05133700692008221
2 0.3973801519102998 0.2728420034228601 0.031329145588778216 0.051146005931499074
2 0.40968918722776015 0.30602191794759653 0.030828497840531634 0.043333505931499074
2 0.45156460903470014 0.3849944935370283 0.031128886489479514 0.04802100593149898
2 0.4600174591269853 0.4191148255522508 0.029366127390180984 0.04483233893530465
2 0.4729377637227771 0.4373873230807928 0.022515350092285048 0.03520267095052709
2 0.47852642966962106 0.4512588220922097 0.025940738741233104 0.04001750494291585
2 0.48617824336471144 0.4728791541074321 0.025740479641934398 0.03689250494291585
2 0.49456124228497733 0.49368640262455726 0.02221496144333699 0.030515170950527092
1 0.558056836055741 0.2866604698110321 0.03505492288667415 0.06064833992388783
1 0.5692446599298642 0.29012105083767137 0.03192992288667416 0.060521005931499075
1 0.5782191417312669 0.283489048860505 0.037318329734219446 0.0716495069200822
1 0.5883544077703959 0.33164004737763025 0.02770349784053181 0.04320617193911023
4 0.5503804457087499 0.4968949742596564 0.026441386489479513 0.04783000494291585
1 0.623217168410854 0.48452762543852 0.026541516039128864 0.049392504942915846
4 0.4840557364248812 0.4275348206093349 0.021153109191583752 0.038264003954332715
4 0.47504168182908935 0.40910315559030686 0.022815738741233105 0.03989017095052709
1 0.4829123434569965 0.5074769885941125 0.03172966378737563 0.05739600593149916
1 0.2794683659745305 0.4374376971108001 0.03203005243632351 0.06208350593149916
1 0.26966256939830313 0.44332028258606365 0.0333922933370248 0.059022172927693364
4 0.26484346390734725 0.5147960345632301 0.04170544108527148 0.06715300790866544
4 0.29184605490033366 0.5450273626241198 0.024778756939830338 0.04620383794672147
4 0.3059481276947228 0.5695180266545646 0.03309190468807692 0.05433467292769336
4 0.37172212445552033 0.6302844303048862 0.024678627390180986 0.04464133794672147
4 0.35653841301218325 0.6011380997725385 0.02427810919158375 0.03839133794672147
4 0.34179479256183254 0.6033054362363852 0.022815738741233015 0.03989017095052709
2 0.33155939697305425 0.5535919377192601 0.022214961443337167 0.030515170950527092
2 0.26914093768918546 0.48407261657845246 0.023977720542635785 0.03370383794672147
2 0.2935494548080486 0.5104931951336338 0.023977720542635694 0.03370383794672147
2 0.38380181985972844 0.6109932608372339 0.01762759099298643 0.03188666996194396
2 0.39226516193244904 0.6208311758562619 0.0241779796419344 0.03682883794672147
2 0.41594249382613685 0.6480648379095404 0.0226154796419344 0.036765170950527094
2 0.4182757518457013 0.6722517544114432 0.020652461443337166 0.030451503954332715
2 0.4327585564414932 0.6904605849437908 0.01762759099298634 0.03188666996194378
2 0.4385381870708766 0.6706428334609161 0.025940738741233104 0.04001750494291585
1 0.39525524984311644 0.3496910049057348 0.044169107032115386 0.08127917490485981