2 0.03658563425618216 0.7842307240254177 0.07317126851236432 0.12008640340856651
2 0.004234807991877865 0.8638130840095316 0.00846961598375573 0.09012616801906326
4 0.03294079889257922 0.8740881107948928 0.06588159778515844 0.09659435633066593
4 0.12933163094315053 0.7523142966708637 0.07886308451458142 0.15901253571381488
4 0.09507534932631792 0.676632458197105 0.06662390036914026 0.1385091209411625
4 0.10744494139903851 0.6666807597392326 0.07327441856773752 0.14486821509696385
4 0.16554614050387448 0.577750673294069 0.04991845928386875 0.07266593262955982
4 0.14550375077519234 0.5609762305182395 0.049657643429309936 0.09295115909060954
2 0.15713406076965503 0.6479949894466932 0.06245803207825791 0.0978568474022122
0 0.42223862662421385 0.6729576278377262 0.05716975478036197 0.08840002678536116
1 0.6919083814045759 0.5900668559203336 0.029966904688076924 0.05358865016215582
1 0.6915672223975623 0.558775945611908 0.027803627390180986 0.04418637662320535
0 0.2170750555278677 0.9087063928552599 0.07645997532299775 0.12151253571381489
1 0.42171579735141973 0.5712723969124497 0.038480311535622216 0.06466251785690744
1 0.3858760317737161 0.4470712378218401 0.036817681985972864 0.06307274431795715
1 0.414752003396086 0.43584341152294626 0.02976664558877822 0.050463650162155815
4 0.35355488510520366 0.4754456538123085 0.037479016039128954 0.049037517856907444
4 0.255079009874491 0.5597603782447632 0.05770997532299767 0.12118525324641087
1 0.26796333436692316 0.7492592548679686 0.07251295496493207 0.15734094155801373