2 0.25239221680652096 0.065381741366953 0.08556083693238978 0.11964088534372679
4 0.3289323286340201 0.13808399204327074 0.08070831618646537 0.15861247867599956
4 0.2648115516643183 0.18807435403404388 0.06823162697434615 0.13817270934118148
4 0.2729083941957856 0.20221867003499838 0.07495522365499827 0.14449543467536322
4 0.28781318901162667 0.3062067360359529 0.050758861827499044 0.07240225867281787
4 0.2623871365221157 0.31059424403245306 0.050735551039618444 0.0926965773392725
4 0.31018417386477964 0.24089990937299816 0.06359074855010753 0.09752952800763603
0 0.5702434902517377 0.1190361894095874 0.07007754689043359 0.1007272533418178
1 0.7290706867365415 0.5978071740929047 0.03058807178554268 0.05343408267027243
1 0.7128187247039054 0.6202543387571322 0.028315176764564676 0.04404090133672707
1 0.44676674959901475 0.5703248747214975 0.026515878424238793 0.0408977200031817
1 0.4481399954498298 0.5781464653882702 0.02578217261537983 0.05181703866963616
4 0.41436680146382565 0.4723777233847704 0.04654495850815117 0.0785977146721816
4 0.35721530706290305 0.36711751137808885 0.059116736102552817 0.12089430267345413
1 0.5142582124568433 0.3587975760661788 0.061152832783204936 0.12716248400699967