2 0.7996112065847754 0.08575315529767429 0.02906302586424747 0.08655574905006946
2 0.7787962529029938 0.14850707522555623 0.029670779625171305 0.05377961664124999
2 0.7598620479675713 0.22223486274461868 0.019977530878812287 0.04262391109416672
2 0.7736146594086268 0.185080354860834 0.020022994985435007 0.044186411094166676
2 0.8421935116784824 0.07347201405513959 0.029807171945039103 0.05846711664125004
2 0.8310490746897485 0.14660038953010485 0.020250315518548234 0.051998911094166676
4 0.8014585145814763 0.2029042877064937 0.02566524122451135 0.07710801386770835
2 0.7285558751646022 0.32690352573864645 0.01882420783841656 0.05665004350298615
2 0.7399192724990351 0.2881319664680909 0.02842652837152997 0.06468074905006951
2 0.7522123355103012 0.3618058558107645 0.020477636051661818 0.059811411094166725
2 0.7117835638026888 0.3944358646444798 0.028199207838416385 0.05686824905006951
2 0.7274229356685857 0.422125106760695 0.028381064264907253 0.06311824905006946
2 0.7139203768139548 0.46787336464447976 0.02025031551854859 0.051998911094166725
2 0.6943951384924374 0.5212886521635423 0.023557171945039278 0.058321646276527875
2 0.6749320846523714 0.5231778072737854 0.023284387305303154 0.04894664627652787
2 0.6681568989172787 0.5854777855222922 0.02204013605166182 0.05984777868534721
2 0.6371174990755633 0.6456515661075005 0.011801318025830908 0.029942073138263935
2 0.6505147578510517 0.5694527420193061 0.01648881802583091 0.03005117591180557
2 0.6691571092629776 0.6198527855222922 0.01350021034569906 0.03466594072944442
2 0.6258904940609982 0.6891106253780561 0.01161946159934022 0.023692073138263936
2 0.6209673133404705 0.7077333388089241 0.013318353919208192 0.028415940729444422
2 0.610294237792792 0.74339808187507 0.011801318025830908 0.029942073138263935
4 0.6056461902209322 0.6909815966927088 0.02149456677218975 0.04109777868534721
2 0.46827027837152996 0.07491822596739622 0.023329851411925874 0.050509146276527805
2 0.47747779381093614 0.09621199771888929 0.018642351411925873 0.050400043502986144
2 0.47831887978345566 0.1251182477188893 0.02163095909205772 0.04578527868534725
2 0.4794327503957113 0.16339949771888929 0.023147994985435006 0.044259146276527786
2 0.48185906842154236 0.19312336531006985 0.021449102665567033 0.03953527868534725
2 0.4840126018076372 0.2134722329012504 0.01975021034569906 0.03481141109416672
2 0.4801434557268454 0.2414881301277087 0.018369566772189573 0.04102504350298606
2 0.4852401326864496 0.2556597329012504 0.018460494985435005 0.044150043502986146
2 0.4876209866056579 0.283821100492431 0.018324102665567034 0.03946254350298615
2 0.49129155588513 0.3026438356747921 0.01836956677218975 0.04102504350298615
2 0.4919962495377816 0.3268625856747921 0.01961381802583091 0.030123911094166723
2 0.48398517273646197 0.3735193801277087 0.018460494985435005 0.044150043502986056
2 0.4965079047897733 0.37459157085715317 0.015471887305303156 0.048764808320625
2 0.49429218692222693 0.40576883567479205 0.019841138558944493 0.03793641109416672
2 0.4980764164682559 0.4284978208571532 0.019886602665567032 0.03949891109416655
2 0.5012839844940868 0.45823987224392404 0.013409282132453626 0.031540940729444425
2 0.502170534573229 0.48870862224392403 0.015017246239076344 0.03313980832062491
2 0.5048241731321734 0.5262449898351046 0.016761602665567032 0.03942617591180557
2 0.4264692232778227 0.08721755100552119 0.02163095909205772 0.04578527868534723
2 0.43211146951689905 0.12013915377906285 0.023193459092057722 0.04582164627652778
2 0.4490669519659217 0.27355509450850735 0.018551423198680438 0.04727504350298615
2 0.4508711443649321 0.30872952830409756 0.019886602665567032 0.03949891109416672
2 0.4674796343358022 0.39655683662472263 0.018460494985435005 0.044150043502986146
2 0.4645735946815012 0.43084091764677124 0.01836956677218975 0.04102504350298623
2 0.47065611012090736 0.4520619542159031 0.013454746239076342 0.03310344072944442
2 0.4718692691338228 0.46692388801149337 0.015108174452321776 0.03626480832062491
2 0.4725284986798517 0.48958013801149347 0.01662521034569906 0.03473867591180557
2 0.47396897822588063 0.5122545718070837 0.014835389812585652 0.026889808320625087
1 0.6075243096460538 0.27255890501333385 0.011011707838416384 0.056468205547083275
1 0.6216095416993651 0.27366746333395886 0.015790136051661817 0.059702308320624994
1 0.6341777378592991 0.2763021540634033 0.019187920691397943 0.06915004350298606
1 0.6147661598043384 0.3336236915824658 0.016761602665567032 0.03942617591180557
4 0.5269037616119755 0.5337853861116324 0.015380959092057722 0.045639808320624906
1 0.6122956923325032 0.5170356036265631 0.013909387305303157 0.0487284407294446
4 0.48556805628084143 0.45475119633211847 0.011983174452321776 0.03619207313826393
4 0.4816247023616332 0.42655346114975734 0.013591138558944315 0.037790940729444424
1 0.46697483214508895 0.540197733851181 0.015426423198680438 0.04720230832062509
1 0.30597984468150125 0.4271496071419447 0.015790136051661817 0.05970230832062495
1 0.29272132673481255 0.42762173261690994 0.01261967194503919 0.05806707313826394
4 0.24822718065402083 0.45469207247267385 0.02525606426490725 0.06304551386770836
4 0.2641393371596538 0.49175631458888913 0.012210494985435093 0.04400457313826393
4 0.2704264410788621 0.5200086011580212 0.018687815518548413 0.051962543502986236
4 0.31486441435668483 0.598334276119896 0.012165030878812377 0.04244207313826394
4 0.3092221681176085 0.5654126733463544 0.0135456744523216 0.03622844072944442
4 0.2943102219576745 0.5627234312301391 0.012028638558944316 0.037754573138263935
2 0.2998866205457487 0.5128870853904516 0.014880853919208192 0.028452308320624908
2 0.2622525767348126 0.42691256458888904 0.01648881802583091 0.03005117591180557
2 0.2765113050272002 0.4608154391139239 0.01492631802583091 0.03001480832062491
2 0.33164273739708067 0.5846718196228823 0.010284282132453627 0.031468205547083274
2 0.3374524681967508 0.5965178561920143 0.015062710345698971 0.03470230832062491
2 0.35090721443582706 0.6296212969214586 0.013500210345698972 0.0346659407294446
2 0.3461204260351673 0.6529315103523267 0.01331835391920828 0.028415940729444422
2 0.35378817352788483 0.6749701645126391 0.008721782132453625 0.031431837955902785
2 0.3665920504083467 0.6588730390376739 0.016670674452321687 0.036301175911805574