2 0.3166759236974831 0.04824024204327074 0.09477315260503386 0.0901170173456358
4 0.372994390199037 0.11455613271799762 0.0979024607105857 0.15730451734563583
4 0.29613863771783766 0.1535271787078163 0.08289389081820957 0.13682838534372682
4 0.300134778950332 0.16842547270845262 0.09099748924663302 0.14316929201145406
4 0.28592026757779254 0.27222263470718 0.05654540653397531 0.07405566534054504
4 0.2593213802742396 0.2726948020369074 0.06054370181924558 0.09284202800763594
4 0.3254408399513681 0.2124936460454979 0.07333480024766903 0.09923747867599957
0 0.5804515175777925 0.27564981608049627 0.06501287799792799 0.0882090720082724
1 0.6754706492997742 0.6019316000954502 0.03528683664159917 0.053506808004454245
1 0.6533944421038451 0.6227799020925866 0.031725188998963996 0.044095445337363516
1 0.37380329549466723 0.5335424900540884 0.03008991439185813 0.04251476400381797
1 0.3802159613342675 0.5469055560550429 0.03208906203449331 0.051907945337363516
4 0.365014800457066 0.4537095393857248 0.053638730355292895 0.07870680267345413
4 0.3373692975615819 0.3423902313812705 0.07271837014004516 0.11953179734245412
1 0.49783807072094566 0.28719529606936045 0.07933224317557439 0.12741702267663593