4 0.2797825519458693 0.33472142342340955 0.028915932629559826 0.04695059471009326
4 0.29769675486796865 0.3326429839326358 0.025872753246410873 0.05145608418674961
1 0.3430149833576132 0.4250348812594476 0.032122753246410875 0.05182010523343696
1 0.36774224796810984 0.41086596544619713 0.028861385551659246 0.043825594710093264
1 0.3902348567344077 0.40281054174043895 0.03064207386326192 0.05641659997176518
1 0.41653825811437956 0.3895138811888604 0.02441934740221221 0.05761507892507769
1 0.45827574472169896 0.3661897732540003 0.019568206168510117 0.0479670631400622
1 0.5263166327089902 0.3295690047675617 0.022693206168510116 0.04814907366340595
1 0.12446776055001155 0.28977440251789643 0.033412517856907485 0.03628611049510884
1 0.15613081777418195 0.2705462603821694 0.028915932629559826 0.04695059471009326
1 0.17747398376465032 0.24135158404557525 0.03047843262955987 0.04704159997176518
1 0.21368817329406903 0.2145839576948637 0.04007162094116259 0.060087631541796235
1 0.24570578652459388 0.21566831555913663 0.03343979139585782 0.037848610495108834
1 0.28733417897611185 0.18609420762427653 0.04322389448011297 0.06183214206513994
1 0.32816768465815477 0.15569334705858054 0.02557274431795715 0.03426858418674961
1 0.37183586404130375 0.1535539943853923 0.03352161201270878 0.04253611049510884
1 0.41637106818121905 0.11166189697387593 0.04160684740221221 0.058616136803468076
1 0.4495829886359143 0.09174351009982068 0.03842730032431163 0.05530912628012439
1 0.4910886501621558 0.05513815216496061 0.05092730032431163 0.05603716837349917
1 0.4668034906645092 0.18405981271653918 0.030560253246410873 0.051729099971765134
1 0.08119504748164248 0.3145700051910847 0.04454093262955987 0.04786064732681172
1 0.04888710795222377 0.3415651446959759 0.04761138555165918 0.04491765785015547
1 0.1482752276755704 0.4464717235504664 0.04618525324641087 0.05263915258848364
1 0.49154221225429484 0.3493963863799451 0.025900026785361165 0.05301858418674961
1 0.16657521428288974 0.4217825366905286 0.03360343262955987 0.047223610495108835
1 0.1935234979681098 0.400718878769786 0.030642073863261877 0.05641659997176514
4 0.3083984756469755 0.3644845181335028 0.026063668019063256 0.062393584186749604
4 0.23809961241645067 0.36117053135826954 0.025790932629559827 0.046768584186749604
1 0.970403597805954 0.4194314964515309 0.02110343262955965 0.046495568401734036
1 0.9220303275134146 0.46500233070886765 0.025518197240056394 0.031143584186749607
1 0.9696166193163094 0.3296332490823668 0.04777502678536152 0.05429265785015547