2 0.19438516508343387 0.11810332544787001 0.06847776232447189 0.11953054147037023
2 0.1654136380596409 0.04013485885972191 0.05582727611928182 0.056210335249814704
4 0.27808845771105906 0.18686217884097173 0.05662621551297518 0.1604877321395369
4 0.22182516960598964 0.24104253944411996 0.04626856965141819 0.14091752591898138
4 0.23033371042459255 0.25500729462791627 0.054326731116807456 0.14628853110277767
4 0.2575313755080264 0.35848360914254584 0.039540534825709094 0.07189412384546294
4 0.23298175486124 0.3648901425543977 0.03599945499752568 0.09335902073518518
4 0.27193803425988217 0.29208692106527734 0.05022572930778511 0.09771433006601846
4 0.40120721166778794 0.5180328493406011 0.03526247060135788 0.07929652073518519
4 0.33284895804974335 0.4156214573518512 0.040680310944990875 0.12331992280870363
1 0.38395111261772763 0.45586504000976785 0.029012470601357875 0.07874971658814811
1 0.34987160447712723 0.2359141249767586 0.05037621551297518 0.15994092799249993
1 0.32081486827193717 0.17115855787023088 0.05120173111680746 0.1460151290292592
1 0.9686758361597615 0.23172738760694261 0.04602955223856355 0.1066792269557407
1 0.9932520330166866 0.17118015834212771 0.013495933966626694 0.08886701036759255