2 0.19783895619520228 0.9227976336760255 0.0662976865718917 0.12021394703379293
2 0.1755548900366195 0.9842600215394249 0.056495439695149675 0.03147995692115017
4 0.2771179109174666 0.8642527961809432 0.05404312626704142 0.16152736188449915
4 0.21495425420341246 0.8020698704344736 0.04454995159900632 0.14055929802252862
4 0.22284402225558925 0.7893349236527823 0.05238972267624522 0.14579310124083733
4 0.2414081907753042 0.6882476710548924 0.03947156615858276 0.07304401609154336
4 0.21645364257070226 0.6786870007563046 0.03490224082661782 0.0930287341605581
4 0.2613252601553408 0.757636809422495 0.048982921544777014 0.0971370799535137
0 0.5241560165000526 0.9683722136295394 0.05369769262201594 0.0632555727409212
1 0.6772694644848217 0.4631533799928548 0.022174981849627427 0.053092149011264314
1 0.6711376391528567 0.44240383741820777 0.022120439695149586 0.04371714901126431
4 0.37354450078556695 0.5450818151224782 0.033257927594901204 0.07885697351689629
4 0.3128110129840112 0.6400940303415014 0.03976245764913058 0.12304401609154336
1 0.48956441052468314 0.6196279830752773 0.03328519867214012 0.08354447351689646
1 0.3542172629840112 0.6429894373985373 0.034938602262936325 0.0992787341605581
1 0.3134775917338217 0.9246689951823722 0.05402494554888211 0.1506620096352556
1 0.29674408880695546 0.972333457929556 0.04262383723582168 0.05533308414088793