2 0.18078582865213705 0.1133879213215447 0.06224655601527203 0.11462798439090341
2 0.15591364532940927 0.03436262023308558 0.053797709341181485 0.0596676658792491
4 0.26211709731063737 0.17640876569391464 0.04713063335454448 0.1578323473675948
4 0.20203302530236505 0.23527284500534212 0.037537457351999134 0.1387549651536097
4 0.21047223396722878 0.24885419536816183 0.04538632001909004 0.142152783665264
4 0.2327370379535476 0.35045390090312467 0.03517497867599957 0.06995040145127884
4 0.2076279499522749 0.358955881665831 0.030742017345635753 0.09166171034428627
4 0.2499432666295472 0.28227681977759866 0.04484088001272664 0.09527778366526399
4 0.3701086739338212 0.5006225704105708 0.03056020401018138 0.07603671034428636
4 0.3055927352800934 0.4030183949126749 0.03419428134945388 0.1198958377489479
1 0.3718984406031393 0.4811458841129017 0.024328385343726742 0.07738095553496294
1 0.34878929929186553 0.317772864875608 0.03386701734563573 0.0917708377489479
1 0.3473546159691378 0.2395660193221117 0.03915450135263541 0.14349702885594054
1 0.9006250666375013 0.24638156994723465 0.03869996801399935 0.10443452885594055
1 0.9317665259786828 0.18963306214268635 0.04020792401336308 0.09980159255827141
4 0.23819614994432073 0.41864090571244805 0.03860906134627218 0.09662202885594055