2 0.8530908062143343 0.8587502182355091 0.03535848997087001 0.0896027205426357
2 0.824709741949427 0.7979524205795476 0.032841243731793666 0.056690090992986344
2 0.7960558930447839 0.7277796229235861 0.02310253087881229 0.04358931369509058
2 0.8150703174971055 0.7625656331026189 0.023193459092057722 0.04671431369509058
2 0.897917572907382 0.8660527760705035 0.03454013605166182 0.06147772054263569
2 0.8778120098961159 0.7937667658914707 0.02337531551854859 0.05296431369509058
4 0.8403059982176334 0.7421634955334051 0.030398205331134066 0.07992733189368764
2 0.7524302620076868 0.6272579912144683 0.021949207838416383 0.05755168414544123
2 0.7683651505666311 0.6638067604927999 0.03315949247815268 0.06762759099298635
2 0.7709158375553653 0.5900688718438518 0.023648100158284537 0.06233931369509058
2 0.7262565554229117 0.5616224992340328 0.031369671945039104 0.05971496144333699
2 0.7387421835570147 0.5334276480620137 0.03155152837152997 0.065964961443337
2 0.7194322424116455 0.48848538788298085 0.02337531551854859 0.05296431369509058
2 0.6929319268930971 0.43852496067736996 0.028290136051661818 0.06107720234403846
2 0.6733779448397857 0.4389953300479865 0.026454851411925873 0.05160207279438929
2 0.6590593805748786 0.37729636644518105 0.026773100158284536 0.06253957279438911
2 0.6198772086298393 0.3218869756367647 0.014971782132453626 0.03215116594684382
2 0.6431532357477281 0.39553522671649893 0.01961381802583091 0.030889054595791877
2 0.6549341702291797 0.34312162554447967 0.01662521034569906 0.03537629549649317
2 0.6030019456977156 0.279919521133258 0.013181961599340219 0.024238536397194643
2 0.5954251264182434 0.2616201041066799 0.014880853919208192 0.02902616594684391
2 0.5803624160725445 0.2281462700535238 0.01336381802583091 0.030488536397194555
4 0.5826667136444043 0.28043995527869914 0.024665030878812288 0.04368944324473976
2 0.5241307319202974 0.9048775532115159 0.026500315518548413 0.05316457279438893
2 0.5305482164808911 0.8833332202380939 0.021767351411925873 0.05130168414544123
2 0.5273633805083715 0.8545771645625679 0.02323892319868044 0.048276813695090584
2 0.5239057598961159 0.8164461088870418 0.02631845909205772 0.04691457279438902
2 0.523041941870285 0.7867586088870419 0.02461956677218957 0.042126943244739756
2 0.52166965848419 0.7664961736618666 0.022920674452321776 0.03733931369509058
2 0.5146013045649818 0.7387716918604639 0.02154003087881229 0.04348918414544123
2 0.5180983776053777 0.7244588679863405 0.021585494985435005 0.04505168414544123
2 0.5165215057394807 0.6971651827611651 0.021494566772189572 0.04192668414544123
2 0.5175157044066973 0.6775338032115158 0.02154003087881229 0.04348918414544123
2 0.5160297607540457 0.6533651179863404 0.021221782132453626 0.032551684145441226
2 0.5014073196086766 0.6081224691583598 0.02163095909205772 0.04661418414544123
2 0.5138618555020539 0.6057589327611652 0.018596887305303157 0.049538925046142525
2 0.5082878054229116 0.5755905714101133 0.022966138558944315 0.03890181369509058
2 0.5083870938235714 0.5521030066352886 0.02305706677218975 0.04202681369509058
2 0.5083045257977405 0.5223654418604639 0.014971782132453626 0.03215116594684382
2 0.5050742257185983 0.4920468861849378 0.018142246239076343 0.033913925046142525
2 0.5024205871596539 0.45464701573458716 0.019932066772189748 0.041826554595791876
2 0.48086646522724996 0.8974748658268723 0.02323892319868044 0.04827681369509022
2 0.4822554689881736 0.8645121715023982 0.026363923198680438 0.04847707279438893
2 0.4801437365391509 0.7112369771779242 0.021721887305303157 0.04973918414544123
2 0.4775582941401405 0.6761808567275736 0.02305706677218957 0.04202681369509058
2 0.48202082211595904 0.5874490237541516 0.02163095909205772 0.04661418414544123
2 0.47477061177026003 0.5534745419527489 0.021540030878812465 0.04348918414544123
2 0.47884434633085393 0.5320804033038009 0.015017246239076344 0.033713665946843815
2 0.4776084552646271 0.5165054680786256 0.018278638558944495 0.03860142504614252
2 0.47540945777190957 0.49473059762827487 0.01818771034569906 0.035476425046142526
2 0.47396897822588063 0.47212441240309955 0.016443353919208193 0.02912629549649317
1 0.6429081609914725 0.7368110687892195 0.019415241224511347 0.07766392504614253
1 0.662212090458359 0.727746949418603 0.020477636051661818 0.06057655459579188
1 0.6737489840318684 0.7207459777962331 0.02392088479802066 0.07171431369509058
1 0.6455952403000745 0.6677606801402716 0.02011392319868044 0.048076554595791875
4 0.5240455345732291 0.4446514520394967 0.01698892319868044 0.04787629549649317
1 0.6176962461725692 0.4621312438353621 0.017034387305303156 0.049438795496493174
4 0.4927931860642971 0.527272987356957 0.013545674452321776 0.03673853639719447
4 0.4920490399835054 0.5554981169066064 0.016761602665567032 0.04006379549649317
1 0.4614546063599837 0.4455316340254695 0.018596887305303157 0.049538925046142525
1 0.3216683438235714 0.5640684878183824 0.018960600158284536 0.06203892504614252
1 0.31249793230337347 0.5717005151162783 0.01730717194503919 0.05881379549649317
4 0.25561143481065596 0.5534301789036539 0.029989028371529967 0.06586483189368782
4 0.26702029625171153 0.5151291425064592 0.015335494985435006 0.04465116594684382
4 0.2693269423325033 0.4868038834071607 0.021812815518548502 0.05286418414544123
4 0.30370429084143524 0.4039820889904016 0.015335494985435006 0.044651165946844
4 0.3023152870805116 0.43694478331487563 0.016716138558944316 0.03850129549649317
4 0.2875851973470683 0.4418022640365441 0.015199102665567033 0.03996366594684382
2 0.2999548167056827 0.4903201071889988 0.016443353919208193 0.02912629549649317
2 0.27359455667655286 0.5796725038575113 0.018096782132453627 0.03235142504614252
2 0.2835318463308539 0.5445965970099661 0.018096782132453627 0.03235142504614252
2 0.32284073574772804 0.4160617843946097 0.011846782132453626 0.03195090684754511
2 0.32716452289474657 0.40326139574566183 0.01662521034569897 0.03537629549649322
2 0.33634329460235896 0.3690168036729412 0.01662521034569906 0.03537629549649317
2 0.3278715650563301 0.3468612014211878 0.014880853919208282 0.02902616594684391
2 0.3334623355103012 0.3238044332225905 0.011846782132453626 0.03195090684754529
2 0.34797947657652795 0.33852826727574664 0.018278638558944314 0.03860142504614252
1 0.6544450545649818 0.7298100971668495 0.019006064264907252 0.06360142504614252