2 0.9199860306418376 0.2310317774455542 0.054667567842395924 0.09226664558877824
2 0.8830083310713789 0.2831659739294965 0.04529921189493038 0.062078497840531634
2 0.8441782044316988 0.3445249760889649 0.03206222749876275 0.047214961443337165
2 0.8683217113291036 0.31492711365817866 0.03370661465389233 0.04887759099298643
2 0.9652985306418376 0.23393553438538453 0.047107373360319824 0.06686612739018098
2 0.934444678312417 0.29892018429309947 0.035596663274411355 0.055227720542635694
4 0.8906847122336149 0.34049761257844446 0.04784435775648745 0.08092862739018099
2 0.7856873530067892 0.43187597932816735 0.034279824739800804 0.05981509099298634
2 0.8073642791714996 0.39978417257290716 0.047353034825709274 0.07155362739018098
2 0.7987129754625979 0.4724206361757126 0.03765048620518989 0.06470285009228505
2 0.7505178149017198 0.488797805361759 0.04381859905006032 0.06354086829088228
2 0.7591458644267499 0.519717138335181 0.04570864767057934 0.06989099784053181
2 0.7331089868825587 0.5577585564414932 0.035596663274411536 0.055227720542635694
2 0.6995462143813215 0.6007680767995588 0.040693599050060314 0.06334060919158375
2 0.6798102464934971 0.5956102074289422 0.03715916327441153 0.055327850092285046
2 0.6570588212332978 0.6517705698597285 0.04077548620519007 0.06490310919158375
2 0.6095973230423202 0.6970039242709503 0.021950243102595125 0.032551684145441226
2 0.643494288216611 0.6306570334625339 0.025157130257724702 0.034314443244739756
2 0.6478409514910226 0.6838821630121832 0.023758404567984216 0.03733931369509058
2 0.5873848083429991 0.7337331662513857 0.0184976944820761 0.026101425046142525
2 0.5765258734718615 0.7493884446290158 0.02186835594746519 0.030989184145441228
2 0.5570289229968916 0.7785054457087499 0.020387743102595123 0.032451554595791875
4 0.5668675904551748 0.7285252321059446 0.033542840343633175 0.04575259099298634
2 0.5991611962910983 0.11158685841639135 0.03715916327441153 0.05532785009228506
2 0.6026923100404797 0.13439330274086533 0.032389776119281774 0.05346496144333708
2 0.5947503352552503 0.1611362754429694 0.033788501809022264 0.05044009099298643
2 0.5857371834007996 0.19715411859542414 0.035351001809022266 0.05054022054263578
2 0.5802208457707 0.2256097856220022 0.033542840343632994 0.04575259099298643
2 0.5765978787873868 0.24562189697305428 0.03017217887824373 0.040864831893687815
2 0.5654080732694627 0.2698208605758597 0.030417840343633172 0.04555233189368781
2 0.5661860012431955 0.2846646105758597 0.03049972749876275 0.047114831893687814
2 0.5613690264579662 0.3116078423772624 0.03033595318850324 0.04398983189368781
2 0.560007922319523 0.33020764805278835 0.030417840343633172 0.04555233189368781
2 0.5542049796464694 0.3531945650793665 0.028364017412854638 0.03607720234403846
2 0.5337596828349727 0.3939301866094513 0.032144114653892684 0.04877746144333717
2 0.545683150722797 0.3985874082318212 0.030745388964152198 0.05180233189368773
2 0.5354793130926975 0.42674268660945136 0.03181656603337366 0.04252746144333699
2 0.5327604268420789 0.449148612735328 0.03189845318850324 0.04408996144333717
2 0.5280253392119792 0.4776543445367308 0.022032130257724703 0.03411418414544123
2 0.5201652515818797 0.5059598172388349 0.025239017412854635 0.03587694324473993
2 0.5127145997274288 0.5420777899409389 0.028773453188503238 0.04388970234403846
2 0.5554521398686632 0.10956448102621037 0.033788501809022264 0.05044009099298642
2 0.5508808265488231 0.1411952128276131 0.0369953889641522 0.05220285009228505
2 0.5267107434412793 0.28914255705980196 0.03230788896415202 0.05190246144333708
2 0.519096317276569 0.32213552976190607 0.03189845318850324 0.04408996144333717
2 0.5112229415413999 0.40961574336471146 0.03214411465389251 0.048777461443337035
2 0.49879818464399506 0.43996457741786765 0.030417840343633172 0.04555233189368764
2 0.49998554839337644 0.46262082741786764 0.022114017412854636 0.03567668414544123
2 0.49681628278954415 0.47643300354374424 0.027047178878243726 0.040664572794389287
2 0.49171270296136066 0.497907485345147 0.026883404567984215 0.03753957279438911
2 0.4866091231331772 0.5193819671465498 0.02343085594746519 0.031089313695090583
1 0.6634947704650723 0.37343481877999435 0.03748671189493056 0.061577850092285044
1 0.6761994883528967 0.3781421051771888 0.03436171189493074 0.06137759099298643
1 0.6884128833099425 0.37347439157438345 0.03962242198083885 0.0726154796419344
1 0.6672649016273082 0.43051613355481894 0.028773453188503238 0.04388970234403846
4 0.5321606405460317 0.5565605945367307 0.029019114653892685 0.048577202344038464
1 0.6051411171402834 0.5822603038205995 0.027538501809022266 0.05003957279438911
4 0.5147883548158114 0.4627908081395361 0.02227779172311415 0.03880168414544123
4 0.5168488217991248 0.4426785672388348 0.025484678878243728 0.040564443244739935
1 0.46962634102100154 0.5221867921004073 0.034197937584671226 0.05825259099298634
1 0.3366013998182859 0.3610514281284615 0.032881099050060314 0.06283996144333717
1 0.3294473190855913 0.35825709515503956 0.0358423247398008 0.05991522054263569
4 0.2813307236535756 0.3909904495662613 0.04414614767057934 0.06979086829088237
4 0.2865438461093842 0.43103445866555995 0.025812227498762753 0.046814443244739753
4 0.2848518713241549 0.45817794956626123 0.034034163274411534 0.05512759099298634
4 0.307406302011421 0.5468294393872284 0.025730340343633085 0.04525194324473993
4 0.3103741717536962 0.5143173280361765 0.02540279172311406 0.039001943244739934
4 0.29672442955561235 0.5064349768641572 0.023922178878243727 0.040464313695090584
2 0.31540250847928464 0.4616929757844231 0.02343085594746528 0.031089313695090583
2 0.3020183599041942 0.3697360132613518 0.025157130257724793 0.034314443244739756
2 0.30702676447217847 0.4058737723606504 0.02359463025772479 0.034214313695090405
2 0.3280087290806425 0.5388061883074944 0.018825243102595035 0.03235142504614252
2 0.3302672698992454 0.5521875678571437 0.025320904567984304 0.03743944324473993
2 0.33445348088966476 0.5874940121816176 0.023758404567984216 0.03733931369509058
2 0.32301801390635154 0.6070054757844231 0.02186835594746528 0.030989184145441228
2 0.32502757123329784 0.6304930405592477 0.018825243102595035 0.03235142504614252
2 0.3415599739922598 0.6190944656053903 0.027047178878243726 0.040664572794389287