2 0.9025775103821694 0.16196222278799444 0.05206229991529554 0.08960794000636332
2 0.8683536998023559 0.21777587078290375 0.043992194681858623 0.0582852146721816
2 0.8339401734234094 0.2837366781110403 0.03076415258848364 0.04563976400381797
2 0.8555120655591366 0.25197814811422203 0.030855157850155735 0.047202264003817974
2 0.9469722524896615 0.1601366407940396 0.04426521046687384 0.06297271467218155
2 0.9205077340032229 0.22853210478990343 0.03278167889684269 0.05347044533736343
4 0.8794878918533783 0.27489802745063097 0.045175263083592654 0.0785977146721816
2 0.7808522417545565 0.37758612810308617 0.03305469468185827 0.058157945337363515
2 0.7999438759977757 0.34345657610594965 0.044629231513561504 0.06922271467218159
2 0.7956273732963526 0.4167940787714497 0.034890210466873836 0.06286362667090888
2 0.7492906995905944 0.4388957980983136 0.04252069994353036 0.059829533338636054
2 0.7588322995623595 0.4686742047660409 0.044447220990217674 0.06609771467218159
2 0.7355081916274995 0.5105617127625411 0.03278167889684287 0.05347044533736352
2 0.7045990968468191 0.556264564091314 0.0394867052052021 0.06135567067154533
2 0.6849313389543112 0.553693547421996 0.03581567363517095 0.051944308004454244
2 0.6657332888978414 0.612804918085587 0.03801521046687384 0.06289998933799978
2 0.6217704572713407 0.6622594780792236 0.02057010523343692 0.03146817600254544
2 0.6512689704961074 0.5923378767504508 0.02369510523343692 0.031504538669636165
2 0.6582693993929503 0.6455083300843143 0.022405621018452494 0.03617385733609062
2 0.6014803440748088 0.7026208487428147 0.018643584186749607 0.025199994668999894
2 0.5922796493223632 0.7189089200747694 0.02047909997176518 0.029905676002545435
2 0.5738327571866361 0.7507038127386785 0.01900760523343692 0.03144999466899989
4 0.580985833551465 0.6992594914067238 0.0322356473268119 0.044095445337363516
2 0.5766604815135613 0.07541345874440551 0.03590667889684287 0.053506808004454356
2 0.5818863078078031 0.09811516207826912 0.031128173635170953 0.05188976400381799
2 0.5757119025178964 0.1261492554105419 0.03250866311182747 0.04878294533736342
2 0.5685210287980208 0.16354016740926922 0.0340711631118273 0.04880112667090888
2 0.56473587613895 0.1923827827418602 0.03223564732681172 0.044095445337363426
2 0.5627939445406841 0.21265892007476933 0.02874662628012441 0.03780908267027259
2 0.5525767813582696 0.23830381007317847 0.0291106473268119 0.04405908267027261
2 0.5550038313441521 0.25316574140672393 0.02920165258848364 0.04562158267027261
2 0.5511276734234094 0.2804458567393149 0.029019642065139805 0.042496582670272606
2 0.5506572365634718 0.29917767540576945 0.0291106473268119 0.04405908267027261
2 0.5465535654885494 0.3225515407383603 0.026911110495108838 0.03310340133672707
2 0.5287892128153612 0.36606518340226957 0.030855157850155378 0.047202264003817974
2 0.5407354759695409 0.37010779340386035 0.027912168373499212 0.05029090133672707
2 0.53226282331047 0.39889586473581506 0.030491136803468065 0.040952264003817976
2 0.5304573996047118 0.42151575206872416 0.030582142065139806 0.04251476400381797
2 0.527498999576477 0.45114870806808777 0.020661110495108836 0.03303067600254526
2 0.5214155995482421 0.4807453014003606 0.023877115756780753 0.03462953866963616
2 0.5165229731975305 0.517382235399406 0.027457142065139807 0.04247840133672724
2 0.5330924920369051 0.07802938140513306 0.0325086631118273 0.04878294533736345
2 0.5310973525320138 0.11079642807126946 0.03572466837349921 0.05038180800445433
2 0.5157061129141832 0.26207711740131506 0.031037168373499215 0.05032726400381797
2 0.509895728670964 0.29636121073358784 0.030582142065139806 0.04251476400381797
2 0.5072250259554234 0.3845515540658606 0.030855157850155378 0.047202264003818065
2 0.49659063381969626 0.41643735339749705 0.0291106473268119 0.04405908267027261
2 0.4986459574831022 0.4383214440642698 0.022314615756780752 0.034611357336090796
2 0.4963855074689848 0.4531288313971789 0.025712631541796326 0.0393352200031817
2 0.49297208113239066 0.4749492873965425 0.025530621018452493 0.036210220003181706
2 0.4887774047957965 0.4967606527291335 0.02204159997176518 0.0299238573360908
1 0.6879304524331918 0.21645717675840487 0.03414675782192056 0.07690794533736342
1 0.70502694717152 0.21509467142740477 0.03158319994353036 0.05970226400381797
1 0.7212889840032229 0.2262139847628592 0.03690773677523325 0.07069430800445434
1 0.6900081629000658 0.27893899542485945 0.02929265785015538 0.04718408267027252
4 0.5414319679358588 0.5161106367361332 0.02616765785015538 0.0471477200031817
1 0.6347269416274994 0.50938901674886 0.026258663111827295 0.0487102200031817
4 0.5130724785297895 0.4447350760661788 0.02093412628012441 0.037718176002545435
4 0.5145593838196962 0.4166464387332697 0.022587631541796327 0.0392988573360908
1 0.4747982047816791 0.5114316800604517 0.026258663111827295 0.0487102200031817
1 0.3530758522496652 0.40539876137808883 0.0316742052052021 0.06126476400381797
1 0.343837360142173 0.40763342337681613 0.028367194681858443 0.0581034013367272
4 0.2779925522637826 0.3896913980346802 0.04132222099021767 0.0660613520050907
4 0.2857819364364148 0.4295987827020893 0.02451415258848364 0.04556703866963616
4 0.2858120285156721 0.4569243513685438 0.03278167889684287 0.05347044533736352
4 0.31269231790762386 0.5431163900381801 0.024423147326811723 0.04400453866963616
4 0.31390620741251507 0.510340252705271 0.02405912628012441 0.03775453866963616
4 0.3002609363658276 0.5039357113701347 0.02258763154179615 0.0392988573360908
2 0.31628077851567216 0.45727888737268 0.02204159997176518 0.0299238573360908
2 0.2977212233387049 0.36649934603754375 0.023786110495108835 0.03306703866963625
2 0.3044563417263215 0.40171014003818006 0.023786110495108835 0.03306703866963616
2 0.33245878633759274 0.5339777473742708 0.017445105233436918 0.03143181333545435
2 0.33553057843096756 0.5465050193745891 0.02396812101845249 0.03619203866963616
2 0.34226569681858415 0.5817158133752254 0.022405621018452494 0.0361738573360908
2 0.33177551785115417 0.6026732033736344 0.02047909997176518 0.029905676002545435
2 0.33548434677623185 0.6261379753739528 0.017445105233437008 0.03143181333545435
2 0.35111705205202115 0.6130476293761798 0.02571263154179624 0.0393352200031817
1 0.6955987392648948 0.22747649275935938 0.025242194681858267 0.05806703866963625