4 0.30715660381241855 0.6360726981819853 0.03351387272903601 0.048777461443336986
4 0.3247905139641394 0.6404400231358428 0.03064396424430509 0.05170220234403829
1 0.37265431593069176 0.5533417388981166 0.03545901000193963 0.05356509099298634
1 0.3967773421434889 0.5698586104282014 0.03325878121376693 0.045652461443337164
1 0.41889145820456514 0.5810068615079356 0.03427914727484342 0.05815246144333699
1 0.4453582344173624 0.5973735387135465 0.028029147274843423 0.05775194324473994
1 0.48612662669123574 0.625389114747138 0.02413887272903601 0.048176684145441226
1 0.5541430451779064 0.6697213032115158 0.02570137272903601 0.048276813695090584
1 0.15068333426758113 0.6625920326965667 0.03561850666795978 0.03647772054263569
1 0.18241156638973371 0.6856895712532296 0.033513872729036095 0.048777461443336986
1 0.20312255017887618 0.7181318314322624 0.035076372729036034 0.048877590992986344
1 0.23861351108920142 0.7488416108896268 0.04534419303247787 0.06041586829088228
1 0.269464898362105 0.7515765846714649 0.035746052425594324 0.03804022054263569
1 0.3107434736665166 0.7858421607050565 0.04703423879011233 0.062078497840531634
1 0.35136834472856276 0.8217203015134729 0.02767846091032524 0.034414572794388934
1 0.39516614215318724 0.8291229888981165 0.03625623545613248 0.04429022054263569
1 0.4382463335186751 0.8758385001568836 0.045216647274843244 0.05885336829088246
1 0.47160083851964496 0.8996171591638971 0.043399055759574166 0.055628238741233106
1 0.5127996654910465 0.9425265499723133 0.054591647274843426 0.05945414558877822
1 0.49089323033447646 0.8088524568198586 0.03389651000193972 0.05346496144333699
1 0.10744364623607314 0.6331641509874492 0.04744882697140155 0.048116127390180986
1 0.07585893532574792 0.6022040476559616 0.051881235456132456 0.045291516039128864
1 0.1773738957770312 0.5085262939553337 0.05095646424430513 0.05300388648947951
1 0.5192260401769365 0.6460427737541516 0.030771510001939718 0.05326470234403846
1 0.19607596941445282 0.5355999336840158 0.03663887272903606 0.048977720542635696
1 0.22239922441542265 0.5598291756644513 0.03427914727484325 0.05815246144333717
4 0.33636587169026594 0.6090701071889989 0.03153678454774687 0.06263970234403846
4 0.266133120023276 0.6049321221483936 0.030261326971401558 0.04701470234403846