2 0.05337491636331539 0.4289434555349628 0.057364021791526554 0.1516369110699257
4 0.6686460931950655 0.055302669044110006 0.05604218639013112 0.06586310217691824
4 0.715395407057036 0.06628729826287025 0.05368201089576328 0.07669147477225655
4 0.7395102502521016 0.09908244009550224 0.05633711733238069 0.09237103847458739
4 0.7540426438154842 0.0840030771188108 0.04877598960843983 0.07340278366526395
4 0.7662912715394251 0.10313502303512681 0.050447750252101645 0.07501984736759483
4 0.8151001121366006 0.1547173704027216 0.05800887797604233 0.09398810217691826
4 0.8484642691936365 0.1971876125981733 0.06625842055068923 0.10051092068857255
2 0.09385853268728984 0.22772818511654278 0.0687278566887189 0.09124504809323426
4 0.7613195482746301 0.1434872045234725 0.07203852698730664 0.11629961179556507
4 0.8160945295851967 0.12435774780738332 0.059352856688719056 0.09091766587924911
4 0.7891660428267485 0.10705119671892419 0.05422831411407181 0.08450397477225655
1 0.8772444690774209 0.3189906907284744 0.09911447921687966 0.14686013103285872
4 0.6920671677006978 0.06703134272790742 0.04397922896477802 0.07167659255827138