2 0.0025222413758337918 0.5546269432447397 0.0050444827516675835 0.15300388648947952
4 0.5643274061725019 0.9902382803802148 0.05988213939685174 0.01952343923957045
4 0.6109679603195388 0.9855402883997794 0.056288247690925886 0.02891942320044123
4 0.6377840300179647 0.9667349776347368 0.061053660132036926 0.06653004473052633
4 0.6512607696503722 0.979835754932633 0.05160074769092589 0.040328490134734093
4 0.6645515815731036 0.9707861759689932 0.05486244872768502 0.05842764806201366
4 0.7156643137126405 0.9344094964470304 0.06119036116879606 0.09559190468807692
4 0.7458493911867609 0.8947054487910691 0.07111216531583313 0.10244268198597269
2 0.019086087582130314 0.7645619501845702 0.03817217516426063 0.09316781153562222
4 0.6618558085288443 0.9388175917589535 0.07702997464666642 0.11680557063492074
4 0.7153423934958351 0.9597380544389083 0.0639052580585183 0.0805238911221835
4 0.6874128831282424 0.9679464254291261 0.05880765494824054 0.06410714914174775
1 0.7598913502820385 0.8060434669896661 0.10476399538185159 0.14965764342931004
4 0.5891613108379186 0.9853802008767081 0.04663984561740726 0.029239598246583752