2 0.00013519818198531695 0.5639839348711376 0.0002703963639706339 0.1157821302577247
4 0.5706320496677716 0.9371482021724503 0.060054922886674154 0.06232293758467122
4 0.6002892712901415 0.9239145398025501 0.0662443661314139 0.08600609905006032
4 0.6133702621908428 0.9263434989839471 0.05178134793281686 0.07901911465389233
4 0.6508597702104073 0.9002413444159629 0.06049501387966068 0.09349105042954128
4 0.6522325030915442 0.9274213201057033 0.051380829734219445 0.07276911465389233
4 0.6770718167866348 0.9043180127787572 0.044930570634920744 0.0693165660333733
4 0.7012300100313744 0.8796931490293757 0.057370013879660675 0.09332727611928178
4 0.7280230475083032 0.886853873814605 0.04609255243632369 0.06314845318850323
4 0.7618053670634899 0.7970986550222695 0.05923290252860873 0.09809666327441154
4 0.7254685464285691 0.8659648417024295 0.07379605027685514 0.10664614767057934