2 0.12644350574944413 0.1567565334349999 0.08144407257314792 0.1110479091943056
4 0.8972050650802774 0.15290799477857564 0.0482802580585183 0.08844555737069451
4 0.9139332352970829 0.18304943645795063 0.05079966531583295 0.09941942496187499
4 0.9247729904808792 0.190625547115277 0.03863185598499967 0.08510235182361114
4 0.9418818695101384 0.2340664225902423 0.04556536116879606 0.09306032218833335
4 0.9587180549955088 0.21175501149607562 0.040663247690925886 0.07267508700597221
4 0.9677704262490735 0.2436407911313534 0.03413984561740726 0.06940461664125
4 0.9760415475026383 0.27554475456222144 0.042440361168796056 0.09298758700597229
4 0.9928890662348145 0.28270263792097144 0.014221867530370958 0.06170121941479163
4 0.9823613150802775 0.37316463697104085 0.03527736983944507 0.0976750870059723
4 0.9809310894204859 0.29867313003718665 0.038137821159028105 0.10428876291777786