2 0.015252944650371626 0.5449783073269463 0.03050588930074325 0.15245661465389268
4 0.5989284408525386 0.986157664517607 0.05832342068857255 0.02768467096478595
4 0.6393723915781779 0.9699528103791639 0.0642113221398514 0.06009437924167216
4 0.6781992786014864 0.9640065651846331 0.0578521947351895 0.07198686963073371
4 0.6865375682572002 0.9854483355939347 0.049166675497895974 0.029103328812130513
4 0.705570310452652 0.9687112149471483 0.05100199400955017 0.06257757010570338
4 0.7280455111782913 0.9563528564554918 0.05472719473518968 0.08729428708901636
4 0.7749031530109234 0.9399100220469518 0.06750001324684404 0.10179487336031982
2 0.03857132732769292 0.7557420669378847 0.06561013103285877 0.09233798620519007
4 0.6503024570946073 0.943142987900641 0.07267858656782167 0.11371402419871793
4 0.7482216019224642 0.9595376108087053 0.060868067330527964 0.08092477838258957