2 0.02279589405631559 0.415157395697929 0.037592001352635476 0.14281479139585787
4 0.674609648671227 0.0453622820570717 0.05234429734245403 0.06808752678536123
4 0.7208397586728179 0.05788560145610673 0.04774770401018138 0.0758182061685102
4 0.7430965666772723 0.0910799310014115 0.04949201734563573 0.09147047970746054
4 0.7585397533418178 0.0757276663909149 0.04302384134309047 0.07261138555165918
4 0.7689141793443632 0.0946549443940921 0.04616702267663584 0.07422843262955987
4 0.8140363226845901 0.1462134902541768 0.05107269867918127 0.09306025324641087
4 0.8387550593570898 0.18960498010790708 0.05895792401336308 0.09944662094116259
2 0.08534879602958954 0.21941424756436803 0.06197383601209035 0.09012616801906326
4 0.7739834873488174 0.12754926501094313 0.06382723734881743 0.11515344155801359
4 0.8175880366804538 0.11581292410155264 0.05416133601209046 0.08998980032431154
4 0.7941232646801357 0.11306007101729754 0.04783861067790855 0.0836307061685102
1 0.8260192493634533 0.23624815502682917 0.06369996801399935 0.10421594155801364
4 0.6981925993395907 0.058271385141326806 0.03988066000954511 0.07099433847375851