2 0.085504744419302 0.6719099661818211 0.0725441639447427 0.14680506763635784
4 0.8387723630654522 0.8765962049604443 0.04295251666989941 0.0886606809137497
4 0.876973993670396 0.8438303265362055 0.040369650608823096 0.07604228174358667
4 0.8888204183659845 0.8059867844196569 0.04021015394280312 0.09311138257342363
4 0.9078095344270608 0.8171251939627823 0.03542705909355419 0.07256208423309748
4 0.9131826895778117 0.7962798976970485 0.038807150608823095 0.07592388257342346
4 0.9427747236665166 0.7350813659534621 0.04033769970043757 0.09467388257342346
4 0.9600421009374805 0.6866079771562612 0.05009533697334127 0.10007177759440164
2 0.21442632518372537 0.8452980767599204 0.05389001666989941 0.08948947510489091
4 0.8944328185157655 0.7591826393986788 0.05149834030732094 0.11725927759440165
4 0.9545093201827555 0.7632772209324838 0.04464256242753386 0.09034158008391255
4 0.9343561879108219 0.7860285593147662 0.041134925154630506 0.08541728174358668
1 0.9305303309336012 0.5850813659534622 0.07410666394474248 0.14692346680652085
4 0.854572835185665 0.8486721145035695 0.03230205909355419 0.07232528589277151