2 0.15029633568369752 0.8944915883819202 0.09927381303532483 0.14718751324684404
4 0.9315150403077659 0.7928399076961826 0.05207156010845857 0.08930060217691818
4 0.9395502541052168 0.754831476207837 0.04417724687674181 0.07496528366526398
4 0.9499746696980654 0.7090923902729875 0.05052724082661797 0.09237103847458741
4 0.9718360341594459 0.7122000321056194 0.04416815651766228 0.07340278366526398
4 0.9680525040070208 0.6909698728497924 0.0457397468767418 0.07501984736759475
4 0.970796229806524 0.6223017184032885 0.05209883118569749 0.09398810217691818
4 0.9632609857584523 0.5743726498916344 0.059947692622015936 0.10051092068857255
2 0.34749352255017685 0.9735888113400781 0.06287270472226432 0.05282237731984374
4 0.9510331756499937 0.6614634221241529 0.06472609621281222 0.11629961179556503
4 0.9816064647794093 0.6445586643196046 0.030205650467538092 0.09009921034428636
4 0.9744752208295335 0.6615006276591158 0.044231789031219645 0.08434028366526398
4 0.9218774616561513 0.5690204617798666 0.06466246369925485 0.10536211179556502
4 0.9474627480550926 0.7379167947194911 0.059929511903856536 0.09738592068857237