2 0.13558944170358034 0.13152644780928666 0.08689682757475112 0.11481866943775673
4 0.8952765198966404 0.23424987800108904 0.05248225478036197 0.08886392319868044
4 0.9049926789036539 0.26584085880075914 0.056408291177556434 0.10145485141192587
4 0.9137669016057579 0.2754886434404953 0.042906995681063265 0.08546613855894432
4 0.9202882094407523 0.3202926780802313 0.05122014342931003 0.09350595909205772
4 0.9426836435861935 0.30059394351963753 0.043668459283868796 0.07301160266556703
4 0.9437059230435578 0.3334973717328829 0.0387807001845701 0.06975021034569906
4 0.9439970172757466 0.36559681789281695 0.04809514342930967 0.09341503087881238
4 0.9644399252030261 0.3763668333322231 0.03046755243632333 0.061710389812585656
4 0.9303071522240668 0.46929847941301495 0.05953329117755644 0.1015457796251713
4 0.9503075740310069 0.38926163842593037 0.05973355027685514 0.10467077962517113