2 0.08369054498053444 0.21896441016782514 0.08698002965749523 0.14678175684847722
4 0.8573243631555926 0.20593379773884807 0.037876684790691686 0.0885422817435865
4 0.8886035380604522 0.24724588197194555 0.038386020760246706 0.10104228174358651
4 0.9098219634596036 0.29013212159898333 0.03338018577927464 0.0928745842330974
4 0.9298015410262017 0.26438676039618414 0.030990014828747546 0.07244368506293437
4 0.9298307159310616 0.30333086122602115 0.0341786818249421 0.07424298340326044
4 0.9512228962731288 0.3695954012679774 0.0334438527754692 0.09443708423309741
4 0.9665733236494465 0.42138304421436307 0.04300985376405251 0.09983497925407558
2 0.24417576433445604 0.08626142179018721 0.04725168479069151 0.08925267676456468
4 0.8943707184025195 0.3123264303122716 0.04364652372599629 0.11545997925407558
4 0.9659883918245044 0.34968564296960764 0.03943918479069168 0.08866068091374953
4 0.9461878863872972 0.3224836029276513 0.034624350798302575 0.08518048340326043
1 0.9533954803026987 0.7669673087365101 0.09284271049385424 0.21420605518880328
4 0.9104916917851359 0.9405139817528753 0.11051037155854929 0.11897203649424952