2 0.056873307375005164 0.6671875 0.06523236364988401 0.14375
4 0.7850751977166348 0.9375 0.04100168479069168 0.0859375
4 0.8140477733060667 0.90078125 0.04307352076024671 0.0984375
4 0.8457461008726648 0.8734375 0.03806768577927464 0.090625
4 0.8649563572984554 0.90390625 0.0341786818249421 0.071875
4 0.8719902658916929 0.865625 0.03736734882113666 0.0734375
4 0.8882864279449713 0.84375 0.03500635277546919 0.0921875
4 0.9268250045229864 0.81171875 0.04776102076024671 0.0984375
2 0.17369734592974898 0.85 0.04881418479069155 0.0859375
4 0.7936742649031098 0.8609375 0.05078786167271758 0.134375
4 0.9085670944468742 0.84296875 0.042627851786885884 0.0875