2 0.04765625 0.259375 0.06796875 0.134375
4 0.8125 0.10625 0.025 0.08359375
4 0.83984375 0.14921875 0.025 0.09609375
4 0.86953125 0.18125 0.02109375 0.0890625
4 0.8875 0.15234375 0.02109375 0.06875
4 0.88984375 0.19140625 0.0234375 0.0703125
4 0.915625 0.25390625 0.02109375 0.090625
4 0.9296875 0.303125 0.02890625 0.09453125
2 0.1984375 0.09765625 0.03359375 0.08203125
4 0.8515625 0.1984375 0.02734375 0.1109375
4 0.92890625 0.23125 0.0265625 0.084375
4 0.9078125 0.20703125 0.02265625 0.08046875
1 0.9625 0.7375 0.075 0.234375
4 0.925 0.865625 0.0671875 0.16328125