2 0.14130197921687962 0.15139444198043533 0.11350476114786483 0.15444384727034205
4 0.9231254156070108 0.2607320596621802 0.05299359604505725 0.09023015785015547
4 0.9388486045950319 0.30755385175555505 0.05699268119435104 0.10291216837349922
4 0.9595488706865754 0.3476629122647813 0.051758877976042325 0.09482665258848363
4 0.9824952437573764 0.3290340096057105 0.035009512485247286 0.07415013154179624
4 0.9785643555158247 0.3621272306665153 0.04287128896835064 0.07589464206513999
4 0.9824541800214568 0.39374125171320273 0.03509163995708633 0.09464464206513998
4 0.9921596388718056 0.4406995516990853 0.01568072225638879 0.10071263154179615
2 0.3208095267352051 0.059144570750221295 0.060369053470410175 0.08443518415851473
4 0.9064402961809431 0.33367673599877434 0.07022465471124732 0.1363617052052021
4 0.9902311521133574 0.40315404906824936 0.01953769577328508 0.09142863680346806