2 0.11679025933549084 0.15285712677168956 0.10100121266133195 0.15031251324684392
4 0.8950555811701578 0.16237587115975788 0.04527731818121907 0.08902778366526394
4 0.9106163514626973 0.21024045228528393 0.04862050649282175 0.1016369110699257
4 0.9264089468363146 0.24482378341080993 0.04379663879807012 0.09366071996293313
4 0.9556833896121443 0.22272060491768908 0.03875458279171582 0.07318452885594055
4 0.9479839379078608 0.26124739157817795 0.04034435633066593 0.07480159255827142
4 0.9561861757329965 0.3281075093641928 0.04382391233702023 0.09522321996293312
4 0.957629898947635 0.37958816381069654 0.05328073295387128 0.10023810217691827
2 0.30399202475676634 0.034987580492553835 0.05451595048646736 0.06997516098510767
4 0.9035617820636623 0.25655245709460733 0.05511596834337453 0.11591766587924912
4 0.9729197082004003 0.3087845904897188 0.043742091720169185 0.09053571996293304
4 0.9609242686709816 0.28031485010836565 0.043632997564368024 0.08428571996293303