2 0.03480718742040509 0.64140625 0.05637836401972637 0.1453125
4 0.7423224321291759 0.9515625 0.043205654678545 0.0875
4 0.7849820994589033 0.925 0.03993520401018138 0.075
4 0.8025417694541307 0.88984375 0.04013519867918127 0.0921875
4 0.8190934701224943 0.90234375 0.03521134134309065 0.071875
4 0.8274599534531764 0.8828125 0.03835452267663584 0.0734375
4 0.865095766112313 0.82734375 0.040153380012726815 0.09375
4 0.888787257439495 0.78203125 0.04958292401336308 0.0984375
2 0.12997587877940392 0.83046875 0.05258065467854491 0.0875
4 0.8137241701145402 0.84375 0.05132723734881743 0.1140625
4 0.8724633707829037 0.85625 0.044768154678545 0.0875
4 0.8492622281189945 0.8765625 0.04002611067790838 0.0828125
1 0.8904759320894049 0.65859375 0.07354768268618095 0.14375
4 0.7623440307924488 0.9265625 0.03206816000954511 0.0703125