2 0.09054068865904505 0.7261593347188784 0.08138067599857095 0.13802884890464337
4 0.8695119126801446 0.9281469790173034 0.03402507475773362 0.0851933539192082
4 0.9046628088414173 0.8956443675762479 0.03315098960843983 0.0726933539192082
4 0.9129234230717049 0.8576813663226066 0.029665356688718704 0.08974446159934005
4 0.9331648672555062 0.8684059176553902 0.028244968321116205 0.06943196159934004
4 0.9363773485660726 0.8474485599752581 0.03147922896477802 0.07108538981258547
4 0.960186553141434 0.7865481638944665 0.03133711733238087 0.09135242570596294
4 0.9724244731879204 0.7385653049606932 0.03947739926336595 0.09626724623907634
2 0.2459269472090198 0.896748282528165 0.044853314114071986 0.08394910266556721
4 0.9135518537618527 0.8109200265891634 0.039116766343644825 0.11340928213245363
4 0.9738719947273454 0.8150141446941366 0.035696835401395434 0.08680131802583091
4 0.9540893724512862 0.8331503792547302 0.030681553470409996 0.08197742570596285
1 0.9473702068442755 0.6255651997878438 0.05266581411407216 0.08417642319868043
4 0.8823889710942332 0.9004538880302189 0.025119968321116203 0.06934103338609461