2 0.04055814371107664 0.3005875904181794 0.07042421561506956 0.14180018083635879
4 0.7792166809457987 0.11214308060670977 0.03481271751493065 0.0872745069200822
4 0.8074696207253126 0.1523197530401116 0.03510365824437507 0.0997745069200822
4 0.838629354957743 0.18324875946590224 0.030234320288472106 0.09177100593149908
4 0.8582508707253126 0.15438893041642934 0.0281990416031249 0.07139483893530466
4 0.8629753915268751 0.18970434790691532 0.031360409194305564 0.07308467292769345
4 0.8807811405769446 0.21696718486505362 0.02870818787965277 0.09326983893530469
4 0.919099411378507 0.253651442773719 0.03975479065319476 0.09840300790866544
2 0.16299292211208344 0.12840086710992513 0.042588849923750074 0.08603034190105419
4 0.7864856267092363 0.18970966509339013 0.040591245250347366 0.13434050790866542
4 0.9019294419637156 0.2201704393136779 0.03637521751493082 0.08733817391627659