2 0.05013559025638211 0.3022142752147706 0.06498822780418309 0.1388035504295413
4 0.7830269101678251 0.11573885967705155 0.04088695435896632 0.08773901741285454
4 0.8096136435710857 0.1482581105815627 0.03368976099766208 0.07491146879233553
4 0.8420835240699167 0.18653271652902798 0.03655465186945541 0.09218085594746528
4 0.8592234798787756 0.17653691881302014 0.033452962657336015 0.07178646879233552
4 0.8670126690908948 0.19717696743353916 0.0366963618274994 0.07351274310259504
4 0.9035430875570898 0.25823065411369905 0.036673051039618446 0.09374335594746527
4 0.921216762247062 0.3066238885098668 0.04640324855010754 0.09892217887824381
2 0.166976780293694 0.13947965909054005 0.05026195435896632 0.08823034034363307
4 0.8664332512494 0.23060694312327965 0.04758724025173748 0.11454717887824381
4 0.9115681524941553 0.23063792062204244 0.04244945435896632 0.0878209045679843
4 0.8890419570582587 0.22089775045022592 0.03752515601864026 0.08445024310259504
4 0.8869368506293445 0.32661548394188256 0.04976504689043324 0.10221095318850333
4 0.8245641373473083 0.16071384497773047 0.04604805103961844 0.09423467887824381