2 0.0028612004102741 0.4487981329197209 0.0057224008205482 0.14615373416055816
4 0.6385530145221472 0.005928663842299936 0.060393970955705714 0.011857327684599872
4 0.6707143190862505 0.013211286118359117 0.052321361827499045 0.026422572236718234
4 0.7078232327785605 0.029560228877164595 0.06155465186945541 0.05912045775432919
4 0.7230697244801908 0.01643198017610962 0.052321361827499045 0.03286396035221924
4 0.7334860836083975 0.02503394292329355 0.054002260997662074 0.0500678858465871
4 0.7783124089184253 0.05592476591631641 0.06167305103961844 0.09601162252816073
4 0.801737330909105 0.09547358497406692 0.07152164772027056 0.10291718639013112
2 0.046077481529160705 0.24312193328803797 0.07237375269929236 0.09365144703379291
4 0.738030951034974 0.05131507856695529 0.07727474025173783 0.10263015713391058
4 0.7821836927366043 0.03555903859019839 0.06444285352912935 0.07111807718039678
4 0.7588053923216858 0.03470673277399967 0.05783765601864026 0.06941346554799933
1 0.7711259483356816 0.13025277655997816 0.07656434523075965 0.10793246832111633
4 0.6872506236503538 0.02147725418737391 0.06924875269929238 0.04295450837474782