2 0.047757985073536305 0.46256055675526014 0.05473616689245618 0.15300388648947968
4 0.6264739687923355 0.009000256016979666 0.05919793758467105 0.01800051203395933
4 0.6664372274987628 0.025036266196012468 0.0672494549975255 0.050072532392024936
4 0.7062367118949305 0.030715767275746635 0.0609994549975255 0.06143153455149327
4 0.7140967995250301 0.008390184302324692 0.050068599050060315 0.016780368604649383
4 0.730291687584671 0.023980258716315078 0.05384869629109836 0.047960517432630155
4 0.7563562206013579 0.03768241209394517 0.057874454997525505 0.07536482418789034
4 0.8042957536180445 0.04849010294850399 0.0707838907731742 0.09698020589700798
2 0.07781954206179832 0.25839468846437785 0.06873006784239585 0.09316781153562222
4 0.6606719063770066 0.05480875655684675 0.0833591338757694 0.1096175131136935
4 0.7764230591359687 0.03398166718346157 0.06239818068726599 0.06796333436692314