2 0.15603202356913934 0.8473941740566102 0.09404971463952716 0.14317098997087002
4 0.9437289226595166 0.778318318158845 0.047825377997927986 0.088772994985435
4 0.954482332088976 0.7404546053058635 0.0409204065339754 0.0745286385589445
4 0.966434368482906 0.6947329283462593 0.0464812018192454 0.09341503087881246
4 0.9836613131703945 0.6988066629068532 0.03267737365921093 0.07296613855894449
4 0.9823706409206535 0.6777356449601645 0.03525871815869301 0.07457410266556704
4 0.9844757193947835 0.6102753603204285 0.03104856121043298 0.09497753087881229
4 0.9793686883775369 0.5611475385336737 0.041262623244926286 0.09993781551854859
2 0.3485898587629964 0.9505322312618887 0.058471779569504626 0.08284124373179366
4 0.9705011302697304 0.6476760719197687 0.05843754631872784 0.11560827962517131
4 0.9932792349034069 0.6332354872008903 0.013441530193186325 0.0902900308788123
4 0.9862758138942656 0.6485111462138058 0.027448372211468806 0.08404003087881247
4 0.9457857665398259 0.5537358553058634 0.05949062406898662 0.10471624373179385
4 0.9623119487143645 0.7237983027194387 0.05436647642635144 0.09520485141192588