2 0.051934229985153645 0.5447050049429158 0.054736166892456195 0.1519100098858317
4 0.683664423335576 0.9826320637636148 0.05936171189493056 0.034735872472770525
4 0.7257324146291486 0.9662722347141418 0.06585072930778502 0.06745553057171634
4 0.760069793077851 0.960020905417523 0.05943695499752551 0.07995818916495381
4 0.7710006490253164 0.9813852401513493 0.050314260515449585 0.03722951969730133
4 0.7873725995002863 0.9645479086304185 0.05228619629109836 0.07090418273916299
4 0.8333125412688288 0.9211188325838762 0.05951884215265544 0.0944158448668034
4 0.8632556688130201 0.8825802560058612 0.0692213907731741 0.10104784684397003
2 0.10427241519497552 0.7549859303420672 0.06716756784239589 0.09160917984777565
4 0.7464233729060347 0.9432167366913081 0.0746458751693421 0.1135665266173838
4 0.8377886793284699 0.947027416576265 0.062398180687266346 0.08985567885919252
4 0.8096194137246375 0.9587276608547306 0.055902519221876903 0.0825446782905388