2 0.04801337840834071 0.7328125 0.07110336123992674 0.1359375
4 0.8185127516503201 0.89921875 0.02705337939029917 0.084375
4 0.8448707185710287 0.8640625 0.027126102262936058 0.096875
4 0.8688622095940381 0.825 0.022393150467538092 0.0890625
4 0.8862224264165508 0.8546875 0.022274975799503237 0.06875
4 0.8891201674395605 0.815625 0.02540906615858276 0.0703125
4 0.9153190530763758 0.753125 0.02396474082661797 0.090625
4 0.9298400953290493 0.69765625 0.03180451190385654 0.0953125
2 0.19584286611170057 0.896875 0.03798178903121974 0.0828125
4 0.8685985891807292 0.7796875 0.030332915494653178 0.1109375
4 0.9287366584625701 0.7765625 0.028615879390299172 0.084375
4 0.9069980138487642 0.8 0.023910198672140125 0.08125
1 0.9272185684962739 0.515625 0.06797836123992695 0.1359375
4 0.9219618792921036 0.14921875 0.08714651775758923 0.2078125