2 0.10913240011591832 0.8746391971479813 0.11229836463846717 0.1527668557412185
4 0.8949518363894846 0.8135357787432742 0.05356535178688589 0.08953734387822046
4 0.9202038457810249 0.76995953368619 0.04836851581733086 0.07684634288963732
4 0.9194836041839818 0.7300202831918984 0.05056768577927464 0.0925350098858317
4 0.940450020191593 0.7340047876405228 0.043553681824942105 0.07353034190105419
4 0.9389976081383145 0.7120342871462311 0.0467423488211363 0.07522017589344294
4 0.9464227889746735 0.6450377881348143 0.052193852775469195 0.09416117688202626
4 0.946929466350991 0.5941928711386198 0.06026102076024671 0.10072951186299797
2 0.2965912963518661 0.9718643656270505 0.06217634783255317 0.05627126874589905
4 0.9088299470736192 0.6841984472223432 0.06558519072219085 0.11654551285158128
4 0.9572502010279518 0.6673902906062722 0.03800401878308009 0.09046317391627667
4 0.9521979450964526 0.6953561231157862 0.04556185079830257 0.08453150889724856
1 0.886273150647391 0.5079887742946498 0.09023236364988421 0.14718801779449714
4 0.9001632598114696 0.7816636962337601 0.04036501482874755 0.07184050790866543