2 0.10910702754143135 0.9071579674718351 0.11798420970237725 0.14684155925034262
4 0.8935611311846721 0.7019543949601645 0.06326501666989941 0.08757420783841656
4 0.9022822980043527 0.661951520586985 0.054432150608823095 0.07484688730530316
4 0.9122948978545715 0.6156759141604944 0.06364765394280311 0.09226170783841656
4 0.9287011478545715 0.6151985410409562 0.043367104851188644 0.07296613855894449
4 0.9272980155826376 0.5941957192542017 0.04974465060882309 0.074710494985435
4 0.9305025060397399 0.5262951654141357 0.05583515394280312 0.09203438730530315
4 0.9257989016475932 0.4788889680005603 0.07366038273097572 0.10034699247815268
2 0.30810276587250174 0.9613811515575751 0.07008910151720879 0.05659699247815268
4 0.9138412934624247 0.5680878603204285 0.0794957945496865 0.11454588479802066
4 0.9397819111904908 0.5462894166677769 0.03370506242753422 0.08827288981258548
4 0.9320651349776938 0.5644400230942676 0.04582242515463051 0.08394910266556703
1 0.8900367448298523 0.46823862450619336 0.07873052000387944 0.10517088479802066
4 0.9091540513383325 0.6446048962138058 0.07171524545807202 0.09561402837152996