2 0.09842420703381297 0.19035173265436417 0.09335736364988403 0.14476815467854492
4 0.8846827006080222 0.15071959054746004 0.04100168479069168 0.08637385200509069
4 0.9160255425090764 0.1909991452100966 0.03892984882113666 0.07385567067154523
4 0.9215234674139363 0.23001619187623296 0.038067685779274996 0.09102498933799978
4 0.9423625494291589 0.22352074387336945 0.03417868182494175 0.07223862667090888
4 0.9440351373758802 0.24538665320659675 0.03736734882113666 0.07383748933799979
4 0.9623341512160447 0.3108298398711423 0.038131352775469196 0.09258748933799979
4 0.9706533285923623 0.36153836453696053 0.04776102076024671 0.0989465773392725
2 0.26632267836490087 0.052396104630819826 0.051939184790691505 0.0865011213399088
4 0.918745977299768 0.2769457358768693 0.04839769072219049 0.1145715773392725
4 0.9785029792769343 0.2856298452021424 0.042627851786885884 0.08795453333863615
4 0.9625768903416297 0.2592400678708241 0.03774935079830257 0.08321248933799978
1 0.9255901793906652 0.4449144858768693 0.0714186966536893 0.14295111600890867
4 0.8953310405319101 0.18186050254618738 0.030990014828747546 0.07063976400381797