2 0.09981360174504035 0.19242816459860457 0.09588021857321789 0.14819683540139544
4 0.8826918037225118 0.09372006083675186 0.04194683540139543 0.08845049480421989
4 0.9057358198140552 0.1313621724691493 0.04438342055068922 0.10105975544788164
4 0.926654607192922 0.17229317506703934 0.03914961733238052 0.09291947351689647
4 0.9466721762506726 0.14420102605577506 0.03460422896477837 0.07238845222957298
4 0.9462786923422157 0.18348204734309853 0.03794775025210129 0.07573197351689646
4 0.9680551393760087 0.24790518026281944 0.03925887797604233 0.09448197351689647
4 0.9761522266189896 0.3053898983318343 0.04769554676202077 0.0998250373788668
2 0.26040190445914596 0.04303195704720074 0.052884335401395435 0.08606391409440148
4 0.9227372855372815 0.21731609796351714 0.05016352698730664 0.11701253737886683
4 0.9806158514929388 0.22644544350437124 0.03876829701412241 0.09012225544788163
4 0.9631601897443257 0.2003581909064812 0.04016581411407216 0.0852162341605582
1 0.9566152588020763 0.4863721005614072 0.08676948239584732 0.14797831411407197
4 0.9239808913928211 0.841359885342384 0.12314184110137845 0.20452324505632155