2 0.04796254259467394 0.5276541191065879 0.05386136228216232 0.15218323821317573
4 0.6695937175305021 0.9880823126536658 0.06021406203449331 0.023835374692668408
4 0.7072563833701023 0.9756379706353833 0.0661387303552928 0.048724058729233376
4 0.7440286372990437 0.9660371655277593 0.06039815260503385 0.0679256689444813
4 0.7491356683162904 0.9869222270455239 0.05113016046291676 0.02615554590895215
4 0.7666484999954909 0.9701349873846062 0.0549829065339754 0.05973002523078748
4 0.814501649085868 0.9344245432138465 0.06203342721213971 0.09331766046291676
4 0.8483286854797981 0.8907858591772811 0.07020980024766885 0.1014940334984459
2 0.09056322725041176 0.7393386358558109 0.07133565260503387 0.09219180810555194
4 0.7608501102107385 0.9373825692686945 0.0771147717116218 0.11584763192686935
4 0.8180825674066676 0.9579817437947469 0.06345037799792799 0.08403651241050625
4 0.7897585142635144 0.9647850346343472 0.05854455417661057 0.07042993073130574
1 0.9059677493763182 0.7391185053721743 0.12261136228216216 0.15538532092583335
4 0.9782235074435981 0.39530219292339625 0.04355298511280381 0.22442211124870504