2 0.011079183627942182 0.6060506314588888 0.022158367255884364 0.1496012629177777
4 0.6480768995952026 0.9687928996950003 0.05096935775648763 0.06241420060999943
4 0.6851608197670191 0.9527866931979865 0.05524077792830404 0.09442661360402696
4 0.7195701192920494 0.9264502372696534 0.05014384215265544 0.0932421601442364
4 0.7272664326118894 0.9586996928167366 0.04282930913596861 0.07278418977951376
4 0.7424720307574385 0.9222900673417715 0.04603619629109836 0.07441942496187508
4 0.7874436940318501 0.8701469923036467 0.05014384215265544 0.0932421601442364
4 0.8181890829960021 0.8208016089448964 0.05828389077317446 0.09967399810013892
2 0.056347502263307536 0.8054161582443751 0.06248006784239586 0.09040810087368065
4 0.7335817096356824 0.8829729942035076 0.062227762324471844 0.11537173328249999
4 0.7923425559722092 0.8960737126683688 0.05310506784239575 0.09018989532659738
4 0.7640980472657819 0.9126247798227091 0.048171906377006656 0.08539329255305575
1 0.8727138879480993 0.6460750190891327 0.10613489258219673 0.14916615824437507
4 0.9506772721625529 0.2927694875539939 0.08194047602842466 0.22351154160312509