2 0.1546875 0.13316883035608368 0.1140625 0.1582409683433748
4 0.928125 0.2529192321365019 0.0515625 0.08840002678536116
4 0.93671875 0.30072548660072884 0.05625 0.09941934740221221
4 0.95234375 0.3400607219902322 0.05 0.09149775324641088
4 0.98046875 0.3218016456913383 0.0390625 0.07255683847375849
4 0.971875 0.3560266412271115 0.0453125 0.07422843262955983
4 0.97578125 0.3873448250744873 0.0484375 0.0914704797074605
4 0.9828125 0.43512380599976386 0.034375 0.09903751785690744
2 0.3546875 0.035878593341727175 0.059375 0.06041139448011292
4 0.90078125 0.325098195204871 0.06875 0.13401253571381497
4 0.98359375 0.39763744276923896 0.0328125 0.08963524431795715