2 0.05956485577897772 0.23487383198093675 0.07579995159900636 0.1388091298696163
4 0.8399068616327103 0.1087643360447171 0.03017837939029917 0.08489319724005644
4 0.8631261930147993 0.14585523296046202 0.030251102262936057 0.09739319724005648
4 0.884769388858269 0.18531715341515725 0.025527240826617968 0.09106137662320543
4 0.9044597201421624 0.15763248417827797 0.02540906615858276 0.07074887662320543
4 0.9042324611651719 0.19669498417827797 0.026980656517662283 0.07233865016215577
4 0.9265205516224475 0.2595807678634981 0.027098831185697492 0.09265115016215582
4 0.9363450035160416 0.31643473986032084 0.034929511903856535 0.09591251785690744
2 0.21827275614832006 0.0782129545469524 0.04111587939029935 0.08508411201270882
4 0.8813807684449604 0.2306842004930579 0.033467005853732704 0.11307274431795715
4 0.9407103166495621 0.237460306012945 0.031749969749378694 0.08648297077900677
4 0.9213245123948359 0.21280122524982423 0.027035198672140125 0.08171365016215582
1 0.9184888412428425 0.5659398620192994 0.07619083703943019 0.2059966298696164
4 0.8892952031701402 0.8843858989509303 0.09335106596219092 0.20160913879807013