2 0.09287547240385988 0.19053296730343325 0.09313416558343127 0.14955751387966063
4 0.8728766181017888 0.2225288625784445 0.04056254464226896 0.08844073874123301
4 0.8994976193196049 0.2656873796973076 0.04234323295387128 0.10104086829088228
4 0.9151674837679457 0.30892623996862545 0.037519365259119655 0.0929279796419344
4 0.9382601103911512 0.2853781184385406 0.034067082791715816 0.0739777205426357
4 0.9328907719173924 0.32414022978959267 0.037219356330665934 0.0757404796419344
4 0.9465890332814784 0.39071646051126124 0.03754663879807012 0.0944904796419344
4 0.9550640064961172 0.4428797378091572 0.04703073295387128 0.10134125693983034
2 0.27097497321463876 0.06898504163898188 0.05152731818121907 0.09070414558877829
4 0.8960220174531657 0.33038093537283364 0.04886596834337489 0.11706638648947969
4 0.9633362025183576 0.3722365707825791 0.042152318181219076 0.09010336829088236
4 0.9474208762194637 0.34306021051126123 0.037382997564368026 0.0851154796419344
1 0.9002308616122623 0.8061819717700281 0.1021194277582957 0.21724566162790718
4 0.8260142914024484 0.9516950169619797 0.11818871266133187 0.09660996607604062