2 0.07605706199704748 0.2323882947947979 0.08381140036914025 0.14186825256024874
4 0.8485352344222964 0.07447666922054522 0.035094495681063265 0.08610409997176513
4 0.8743758436138801 0.11061159029546748 0.03589553207825773 0.09860409997176514
4 0.8988041471299377 0.1491812666320616 0.030807513879660676 0.09208108418674961
4 0.9165831300110746 0.12069995086116347 0.029505829734219446 0.0717685841867496
4 0.9190863687523076 0.15976245086116347 0.0311684592838688 0.07342208944842143
4 0.9457978655131051 0.22172412456692164 0.03247014342930967 0.09373458944842143
4 0.9596088440753053 0.2781638403660546 0.04048290252860838 0.09731461575678066
2 0.22400680135658937 0.06929051336594114 0.04603199568106335 0.0867411368034681
4 0.8847311551495022 0.17431006924878006 0.040021827574751256 0.11441111049510884
4 0.9584585518180146 0.19903007721187502 0.03675712523071262 0.08775760523343701
4 0.9373252290236256 0.17516764298277313 0.03176923658176456 0.08279708944842139
1 0.9603866444306023 0.5554543824594294 0.07922671113879538 0.20905575256024883
4 0.9498519147102261 0.8478994876928665 0.1002961705795478 0.205369310438639