2 0.019019186690044924 0.5786927624475546 0.03803837338008985 0.15198947510489075
4 0.6573500661592148 0.9153170080746552 0.05273526217486459 0.07109467261538001
4 0.7036483677013423 0.9001054825548458 0.0481841298696164 0.07855197510489091
4 0.7260961120192995 0.8656353941725637 0.05001936525911965 0.09429537427505394
4 0.741448376629796 0.8800764024709334 0.043442082791715644 0.07507177759440183
4 0.7519319090972001 0.8605568078648738 0.04659435633066593 0.07687107593472789
4 0.7973495491130862 0.8064011815152275 0.05160913879807012 0.09597627344521661
4 0.8277734346647453 0.7619640972821301 0.05953073295387137 0.10281826929603177
2 0.06916209375535484 0.7757560939813597 0.06249209172016938 0.09368006763635783
4 0.7440336343404338 0.8213642533007703 0.0644909683433749 0.11879846680652087
4 0.8007239651035544 0.8365739335898199 0.05467959172016927 0.09308807178554268
4 0.7746563429445759 0.8549337698975098 0.04832049756436803 0.08636447510489091
1 0.828819511774418 0.6573357968672117 0.09000916558343128 0.15038035352912935
4 0.6810057544708175 0.9010410205222097 0.04028980925276535 0.07327247925407576