2 0.1832590920086702 0.11085669210722685 0.12436150512049751 0.15605964947960166
4 0.9565131234375268 0.3087120109656755 0.06125528939195135 0.08888543758467105
4 0.9655387839185184 0.35669580958619457 0.06667083148532668 0.10163109905006032
4 0.9756016340667515 0.3980168504047974 0.04879673186649711 0.09349105042954128
4 0.9929749972279897 0.38283890773174367 0.014050005544020649 0.07351274310259504
4 0.9869903077372161 0.41918916553365976 0.0260193845255678 0.07581222749876279
4 0.9883175893072471 0.4465738591112247 0.023364821385505864 0.09291784034363318
4 0.9951059156014889 0.49607921415417877 0.009788168797022222 0.1001571302577247
2 0.38132559471009325 0.048023578696529706 0.06577618942018652 0.05952548620519008
4 0.9405611707219865 0.3958877843714238 0.07530237884037305 0.11610303482570909
4 0.9957128603539346 0.4578798513093085 0.008574279292130883 0.08905585594746519