2 0.042442189137837885 0.3527431704546952 0.051940473550466416 0.14138865909060955
4 0.7340711631118273 0.03989583827353524 0.047283794653623444 0.07979167654707048
4 0.7638342578219206 0.06330756007013476 0.04021474729857708 0.07406479139585782
4 0.7986033709478655 0.09632856575217763 0.044431810438639016 0.09286933847375849
4 0.8142815788544906 0.08354219359319906 0.03856124203690499 0.07247501785690749
4 0.8240128946253886 0.1029234391289722 0.04177724729857672 0.07409206493480816
4 0.8655248314147392 0.15772398742468888 0.04452281570031076 0.0944318384737585
4 0.8869594866340588 0.20349045495728477 0.054170831485326684 0.09928297970746056
2 0.13018657089139563 0.1674311875008238 0.056658794653623536 0.08840002678536125
4 0.8267507577513336 0.13650355235949702 0.05664338410204488 0.11493525324641088
4 0.8708724840738101 0.12869500649941235 0.048846294653623445 0.08826365909060953
4 0.8478522130271227 0.12284047281419226 0.04388577886860787 0.08349433847375849
1 0.8541315760824804 0.23065297281419225 0.0591313472703419 0.10405230032431154
4 0.7793150446536236 0.07398596145010654 0.053897815700310936 0.09459547970746054