2 0.018300055951637036 0.42689669267305375 0.03660011190327407 0.1524566146538925
4 0.6576162717076123 0.017011601086225247 0.0535174565847754 0.034023202172450494
4 0.6945252383215175 0.03405912059101553 0.05911423871722885 0.06811824118203107
4 0.7314342049354227 0.04119771257432876 0.05263691818411544 0.08239542514865753
4 0.7441304332278103 0.019324373587462442 0.0458413489046432 0.038648747174924884
4 0.7587097587754886 0.03729478460059612 0.04744931301126591 0.07458956920119224
4 0.7784994215493277 0.05358767243512406 0.05107441818411544 0.0931635018090223
4 0.8231072278966762 0.07543169493636126 0.06223923871722903 0.10154921189493056
2 0.07235941864633391 0.22086469866594755 0.061966454077492836 0.09217421189493055
4 0.6815789574427051 0.06421747173301161 0.07261444906292791 0.12843494346602322
4 0.7996840997625732 0.04935719584087241 0.055716454077492726 0.09184666327441157