2 0.05092214789204842 0.22628636414418915 0.0671901128415279 0.13735875889134014
4 0.837751960296736 0.08428476137704871 0.03165134992375016 0.0857577175350113
4 0.870491071903993 0.1194388573242728 0.029797909194305562 0.07318494292790544
4 0.8781756321244789 0.15810109698519054 0.027109320288472107 0.09178939371369373
4 0.8979069038759722 0.14859766439636735 0.026636541603124897 0.07147689371369373
4 0.9005227575994443 0.17032711518215563 0.02823540919430556 0.07311216832079959
4 0.9217061201566317 0.2325531333791207 0.02870818787965277 0.09342466832079958
4 0.9260292910344443 0.28151717225425016 0.036593423062014095 0.09691354135632882
2 0.21684070146302076 0.07184280500517996 0.042588849923750074 0.08626713978475231
4 0.8919647219802428 0.20272223821768492 0.03543096656499998 0.11402826674922298
4 0.9371681192067012 0.20529927461161507 0.03325021751493047 0.08739299214211711
4 0.9163289423449651 0.19534423180754415 0.028453614741388834 0.08248716832079958
1 0.8954507850505206 0.3211811397892615 0.03982752583555573 0.10174659057054054
4 0.8495609760643055 0.11339006452020187 0.021912674011944588 0.06969606989237613