2 0.054842198486527126 0.2843086744105682 0.08224890036914026 0.1404923488211364
4 0.804976199104836 0.12240941855343124 0.035094495681063265 0.08558467292769344
4 0.834522799197121 0.15789859098683307 0.03589553207825773 0.09808467292769345
4 0.8627572231635294 0.19723034642404055 0.03080751387966032 0.09164367193911027
4 0.8772610117201923 0.16821134988408165 0.029505829734219446 0.07133117193911027
4 0.8844016856866007 0.20668360087266482 0.0311684592838688 0.07295733893530462
4 0.9172630528977489 0.2695801903022611 0.03247014342930967 0.0932698389353046
4 0.9372239019102999 0.3257174437623022 0.04048290252860838 0.09671317391627668
2 0.18465320712440042 0.12128870406806343 0.04603199568106335 0.08603034190105419
4 0.8672234801033596 0.24260651342023495 0.040021827574751256 0.11383700692008221
4 0.9274798596530089 0.246620192773719 0.03675712523071262 0.08721083992388783
4 0.9041029164082692 0.22229135482699752 0.03176923658176456 0.0823323389353047
1 0.9535264296696211 0.5071584447508855 0.07922402991878955 0.14192751482874755
4 0.9667646572305287 0.8739466967280517 0.06647068553894257 0.2146938527754692