2 0.09609375 0.184375 0.090625 0.14375
4 0.88359375 0.16796875 0.0390625 0.0859375
4 0.903125 0.2078125 0.040625 0.0984375
4 0.91953125 0.25 0.0359375 0.090625
4 0.9421875 0.225 0.0328125 0.071875
4 0.9375 0.2640625 0.0359375 0.0734375
4 0.95234375 0.3296875 0.0359375 0.0921875
4 0.95546875 0.3875 0.0453125 0.0984375
2 0.271875 0.0515625 0.05 0.0875
4 0.9109375 0.29453125 0.046875 0.1140625
4 0.96875 0.31015625 0.040625 0.0875
4 0.95234375 0.28203125 0.0359375 0.0828125
1 0.90859375 0.6328125 0.0984375 0.2109375
4 0.84140625 0.9203125 0.1171875 0.159375