2 0.054991682706960324 0.5420280033339798 0.04442697921687962 0.1465560066679597
4 0.7008818810012609 0.9981176041022826 0.05996486188449914 0.003764791795434874
4 0.7323668277829523 0.9917718803150798 0.05324496832111638 0.016456239369840375
4 0.7705170378061954 0.9756605315278769 0.06258711733238051 0.04867893694424623
4 0.7857267745646436 0.9893164310736842 0.05190098960843983 0.021367137852631758
4 0.7962436574843645 0.9807465797859963 0.05513525025210164 0.0385068404280073
4 0.8421845881745125 0.9548935047111058 0.06258711733238051 0.09021299057778834
4 0.8666875614393075 0.9190023838182375 0.07250842055068958 0.10379442182065049
2 0.11221894670481673 0.7494417616689296 0.07185285668871888 0.09441942182065048
4 0.801761683967468 0.9544790454677704 0.07817926634364483 0.09104190906445915
4 0.8450964207259162 0.9709091297111059 0.06393109604505724 0.058181740577788334
4 0.8217135510477472 0.9716106958470727 0.058915814114072075 0.05677860830585466
1 0.8485495666350875 0.8817894262418922 0.07752370248167466 0.10886455909355419
4 0.7489533942428127 0.9835607675879834 0.07007183540139543 0.03287846482403332