2 0.03465128408896188 0.2838568027599435 0.06172052434972923 0.13541139448011297
4 0.7936739078727936 0.07132856575217764 0.03272277110331849 0.08492047077900682
4 0.8176705154212754 0.10295071266792252 0.027817082791715818 0.07233865016215577
4 0.8456688303560836 0.1399734257362916 0.028144365259119654 0.09108865016215577
4 0.8642415523529063 0.12948989326888752 0.027789809252764995 0.07077615016215577
4 0.870064858359261 0.1497069358825613 0.02937958279171582 0.0723659237011061
4 0.9015972763783241 0.21011260187302966 0.02973413879807012 0.0926784237011061
4 0.9141478693163094 0.25756430033090216 0.03762845941492117 0.09750229139585782
2 0.172398925729701 0.11655843425441295 0.04366027110331836 0.08511138555165916
4 0.8667449894466932 0.18336886972993718 0.03633869480442442 0.11310001785690749
4 0.912043852677218 0.18179668710037727 0.03431254464226861 0.08651024431795715
4 0.8900052114435159 0.17280351664568205 0.029543224025417914 0.08174092370110611
1 0.8793189017837136 0.2769279549572848 0.04080800649282175 0.10068183847375849
4 0.8311563169634031 0.11443763758684464 0.03754663879807012 0.09281479139585783