2 0.086303861037285 0.7275533035160577 0.08058627081949092 0.1405434592838688
4 0.856412509246957 0.9558536998708032 0.03353199568106362 0.08617733189368763
4 0.8795903909560746 0.9168808374400168 0.03433303207825773 0.09867733189368763
4 0.9064940499630882 0.8874832341085295 0.029144884330010966 0.09056444324473958
4 0.9301713818567758 0.9170100478036197 0.027843200184570094 0.07025194324473957
4 0.9302622169896662 0.8820039921280938 0.031068329734219448 0.07201470234403828
4 0.9441349498708032 0.8556615376245869 0.02768251387966032 0.09202681369509022
4 0.9776693406792194 0.8204645172665215 0.03892040252860838 0.0974152205426357
2 0.237842981949061 0.9068774629844967 0.041244366131414 0.0851154796419344
4 0.8537998465393155 0.8786601441952773 0.03819851172019213 0.134714961443337
4 0.9642471907715044 0.8538382217700281 0.035194625230712616 0.08783996144333699