2 0.052347633458728546 0.6311102976559615 0.059109697642272786 0.15027940468807693
4 0.7623698681728703 0.9091087685123643 0.04731535178688588 0.09030362739018116
4 0.7947857787432742 0.878049733194904 0.04938718775644091 0.10290375693983052
4 0.824698771823192 0.8432346422019176 0.044381352775469195 0.09479086829088237
4 0.8369414452451769 0.8745649853543723 0.0388661818249421 0.0741779796419344
4 0.8463509373365117 0.836364078506827 0.04205484882113666 0.07594073874123311
4 0.883966342469708 0.7791232749907693 0.044445019771663395 0.09635336829088229
4 0.9068334980971958 0.7251774521963801 0.054011020760246706 0.10164164558877822
2 0.14842809049254152 0.8168592281007749 0.05669035178688593 0.09090440468807692
4 0.81577209938979 0.8163915399501642 0.05621019072219076 0.11736677513842757
4 0.8927975144088182 0.8036226272425229 0.04887785178688588 0.09040375693983042
4 0.8669990183631509 0.8240748295865611 0.04399935079830257 0.08541586829088246
1 0.9512613762543195 0.4522720758859333 0.09747724749136104 0.2178464389258032
4 0.9662590113687065 0.15618881786636887 0.06748197726258702 0.22491845928386875