2 0.05723769523540397 0.2899737425856262 0.08085002614450913 0.14192751482874763
4 0.7986402547738848 0.05287708292944351 0.03764355518880329 0.08564833992388783
4 0.8293108369323898 0.08532482699794448 0.03859074855010754 0.09814833992388783
4 0.8579336670163024 0.121774321560737 0.033429651869455415 0.09170733893530465
4 0.8720311331981234 0.0906370681006959 0.03189046265733601 0.07139483893530466
4 0.879678612452199 0.12950856711211273 0.03357136182749905 0.07302100593149906
4 0.914764930088557 0.1892045606863221 0.035110551039618444 0.09333350593149907
4 0.936096401044263 0.24319172372818382 0.04327824855010718 0.09833934091247103
2 0.17937003651747135 0.11259154741481132 0.04858105518880329 0.08609400889724857
4 0.8637109929510303 0.16699132106644543 0.042899740251737484 0.11390067391627663
4 0.9247076925361115 0.16528955821486419 0.039324454358966324 0.0872745069200822
4 0.9003346545687478 0.14355647965968282 0.03428175684847723 0.08239600593149907
1 0.9611129615197935 0.49261872076243424 0.07777407696041294 0.20943334980971962
4 0.9748409762540442 0.8163281347928791 0.0503180474919116 0.21644735376405216