2 0.17611519789030416 0.11877668568660067 0.12104886228216234 0.15730945712440042
4 0.9563935109582549 0.31521581276301464 0.05876287799792799 0.09100453423772628
4 0.9682855812649157 0.3588354048357352 0.06342883747016863 0.10224242288667425
4 0.9745099063268329 0.4045984878091572 0.05098018734633421 0.09402940468807693
4 0.9902526265501859 0.3849065515042477 0.019494746899628268 0.0739777205426357
4 0.9840946718354562 0.4227372185308257 0.03181065632908755 0.07644138648947955
4 0.9838785020669146 0.4898245889811763 0.032242995866170784 0.09539164558877822
4 0.9788838640394907 0.5464553207825791 0.042232271921018597 0.10244268198597287
2 0.3708775802314584 0.05258688849206444 0.06675516046291677 0.06191781153562217
4 0.962433803348041 0.44490331276301465 0.0724272717116218 0.11680557063492074
4 0.9937072663349383 0.47406918105389695 0.01258546733012338 0.089402461443337
4 0.9883647948709855 0.443300042404949 0.023270410258028916 0.0853157387412331
1 0.9085298231976358 0.7592476125784445 0.14576207195929064 0.21964877081949083
4 0.7848719611203613 0.9712775293004807 0.1577825748547749 0.05744494139903864