2 0.13981768969177027 0.8179335681812191 0.08703652991878959 0.14042617694751697
4 0.9318945681616855 0.854390228890091 0.043007125230712616 0.08659206493480838
4 0.9451665237449264 0.8179442142795944 0.035956088833518154 0.07398297077900687
4 0.96038171112957 0.7752891099775233 0.040182513879660674 0.09122501785690744
4 0.9818759793281673 0.7819073027533529 0.035855959283868796 0.07242047077900686
4 0.980857435608159 0.7600459395228281 0.038285128783682155 0.07403751785690744
4 0.9862668264165751 0.6946936749123316 0.027466347166849658 0.09278751785690745
4 0.982636531459949 0.6454885616818067 0.034726937080101904 0.09920115909060953
2 0.32459081276301466 0.9491404780826075 0.05394462523071262 0.08678297970746059
4 0.9675340746400906 0.7285913879807006 0.05105945712440061 0.11482615909060953
4 0.9945648349760067 0.7199936838407852 0.010870330047986699 0.08818183847375849
4 0.9864717327242534 0.7329340146039061 0.02705653455149317 0.08341251785690744
1 0.9505888016611312 0.6346504732080482 0.05494592072720579 0.10240797970746059
4 0.9543715430232578 0.8032777422827717 0.049757772978959024 0.09451365909060953