2 0.17942041023440602 0.8572291139719457 0.10941217766703618 0.15328329117755643
4 0.9620536350959785 0.8560317774455541 0.05091975478036233 0.09040375693983052
4 0.980767199257107 0.8139339150147681 0.03846560148578604 0.07770349784053172
4 0.9788495986249547 0.774871415014768 0.042300802750090585 0.09499112739018098
4 0.9914095565983768 0.7801294139350338 0.01718088680324641 0.07427810919158376
4 0.989121117363419 0.7581542843853846 0.021757765273162023 0.07604086829088227
4 0.9901835683970107 0.6922987469084558 0.019632863205978523 0.09655362739018099
4 0.98650320866556 0.6407863116832805 0.026993582668880124 0.10184190468807693
2 0.3725171730343325 0.9699992242432636 0.06125647748246603 0.06000155151347286
4 0.9696003593438547 0.7281768877168722 0.06079928131229053 0.11756703423772627
4 0.999943947406793 0.715175042404949 0.00011210518641391332 0.09156573874123311
4 0.9966734002906985 0.7436307094315271 0.006653199418602896 0.08551599784053163
1 0.9377908081395361 0.5502626387966062 0.08733691856773759 0.1487564774824662
4 0.9662509793281673 0.8244010456441515 0.03888082973421945 0.07251535009228505