2 0.028522514143351867 0.6060506314588888 0.05086358411256368 0.1496012629177777
4 0.6977735256544252 0.9679389145126391 0.0473386083130606 0.06412217097472173
4 0.7398383058068502 0.9527866931979865 0.05058178298109546 0.09442661360402696
4 0.7724735438047977 0.9264502372696534 0.04584883118569749 0.0932421601442364
4 0.7820348961659299 0.9586996928167366 0.039480656517662284 0.07278418977951376
4 0.7951025227275588 0.9222900673417715 0.04261474687674216 0.07441942496187508
4 0.8369809505188519 0.8701469923036467 0.04584883118569749 0.0932421601442364
4 0.8632934656441623 0.8277964913537159 0.05369769262201594 0.09967399810013902
2 0.1031099445669235 0.8054161582443751 0.05833065046753823 0.09040810087368065
4 0.759846278777683 0.9042842965402089 0.05691359621281222 0.11537173328249999
4 0.8433809414436656 0.8960737126683688 0.04895565046753845 0.09018989532659738
4 0.8161371853935414 0.9126247798227091 0.04424087939029926 0.08539329255305575
1 0.9674334605759969 0.4810871051451745 0.06513307884800631 0.21250130642076398
4 0.9762948552879983 0.28677406069225775 0.04741028942400334 0.1761273953265973