2 0.04508936614155236 0.5962456684440863 0.0536210517214313 0.15125866311182729
4 0.7250447724869726 0.9230114217102067 0.05100199400955017 0.07625866311182747
4 0.7690031036124987 0.904011521752559 0.04793155771188111 0.07763915258848364
4 0.7889237340123852 0.8691892007199892 0.0500396947351895 0.09335515785015538
4 0.8050670891845284 0.8831228981032707 0.043134930307219224 0.07424113680346807
4 0.814568574756558 0.8637813639024035 0.046314494009550254 0.07598564732681154
4 0.8557094407284744 0.8089349692064278 0.050094258437520266 0.09491765785015538
4 0.8760566570632105 0.7639108955430218 0.05812501324684405 0.10162268415851479
2 0.12076895633757105 0.790678936930525 0.060922631032858776 0.09242969468185844
4 0.8030209503471213 0.8245291481032705 0.061795650270152436 0.11742969468185853
4 0.8614336510727607 0.8383494534214122 0.053110131032858734 0.09197466837349921
4 0.8370611336495655 0.8577742876081619 0.04820437622353531 0.08545165258848364
1 0.8654614082443368 0.6846784218513811 0.0878323606144388 0.14857327886860788
4 0.7463468536124986 0.9053310980468009 0.038392866604888456 0.07240562101845249