2 0.04496526742193211 0.22109375 0.07736982863402006 0.134375
4 0.837047868876469 0.1296875 0.03764355518880329 0.084375
4 0.853133887547801 0.16484375 0.03200886182749905 0.071875
4 0.8718713095384809 0.20625 0.033429651869455415 0.090625
4 0.8928350049743774 0.19765625 0.031890462657336374 0.0703125
4 0.8935211665920951 0.21953125 0.03357136182749905 0.071875
4 0.9105418006154112 0.28359375 0.035110551039618444 0.0921875
4 0.9115589263403574 0.33203125 0.043278248550107534 0.096875
2 0.2207017410769303 0.07734375 0.04858105518880329 0.084375
4 0.8825002336037532 0.2515625 0.04289974025173784 0.1125
4 0.9273983365081826 0.25703125 0.039324454358966324 0.0859375
4 0.9079738302844053 0.2453125 0.03428175684847723 0.08125
1 0.8704127854685642 0.34921875 0.04664004689043359 0.1
4 0.8637870450163337 0.17890625 0.042923051039618444 0.0921875