4 0.8402716656347125 0.4551941853213635 0.07708053846084476 0.14899742198083885
4 0.8895931153870436 0.55645679217334 0.07159251778268043 0.1315642605154496
4 0.9272215479758665 0.5388498903188891 0.06759422249741007 0.11265048620519007
4 0.9556183757261255 0.5513023026887895 0.047863919354256976 0.12408595318850324
4 0.7904065603818634 0.33197469131425733 0.061344222497409895 0.11232293758467105
4 0.8296488428468521 0.3637912573476309 0.05138702564056317 0.09933161465389251
4 0.7597922611676518 0.3335028917892272 0.06036391935425698 0.12474105042954128
4 0.7491330510762385 0.2428812138154945 0.0524401033908223 0.08847600180902229
4 0.7016565835412273 0.27015304273916685 0.04960620181924558 0.09456222749876275
4 0.7341972557909683 0.2608942294193268 0.038013730355292805 0.07992651741285446
4 0.705639916253885 0.20144398631673174 0.04619010339082212 0.08814845318850326
4 0.801020882755439 0.27222787708990615 0.044118181141081084 0.07712906603337348
4 0.824730210505698 0.28443462799441727 0.05036818114108108 0.0774566146538925
4 0.7686835717544029 0.22667635967705158 0.04302656203449331 0.05369156603337351
4 0.7812178050051799 0.2602258440732193 0.05527400496239867 0.08238977611928178
1 0.7829107758499602 0.49291219131425734 0.07388276385373871 0.14727114767057933
4 0.23745499648534335 0.1479306462002413 0.04313787799792799 0.08954717887824382
4 0.1741544758071789 0.16184265999505124 0.03630568114108117 0.0767196302577248
4 0.1887456687350843 0.1344137008136541 0.03794095574818703 0.07836401741285455
4 0.15347594871887368 0.2022662641334942 0.046117328783716306 0.08658595318850333
4 0.7841864855270886 0.43189280415912756 0.07351889081820957 0.13945864767057933
4 0.8060422148489241 0.450267667908509 0.0740283130679508 0.15039614767057935
1 0.5546574590579559 0.21467656942427554 0.05473034946188075 0.10418288896415202
4 0.6117657917706136 0.148751676276252 0.042846779569504535 0.08329717887824377
2 0.5886172361462612 0.17494900610443548 0.032380160462916766 0.05936835594746528
4 0.5602760663777195 0.1444869001569702 0.030381012820281585 0.049911468792335524
2 0.22780601468230843 0.17013651684702763 0.037140435070022626 0.06117651741285455
1 0.1962263748975561 0.2092056608995624 0.054803124068986575 0.10574538896415205
4 0.6724271559148027 0.20831810605900697 0.03437930810555194 0.06882524310259504