4 0.8668352589008567 0.4659574599657681 0.05952382213985139 0.09571429328391083
4 0.9081125341286 0.5158954617798667 0.08158236061443844 0.1464236214142119
4 0.9476909001005165 0.5696851498916343 0.07318950725639403 0.17422123920022692
4 0.9681571675237116 0.5883905098731008 0.03192959019601886 0.1993105192372937
4 0.7858630558129646 0.3207689563375711 0.060069459163159776 0.11133929328391083
4 0.8489706910221745 0.3503498181331361 0.05025794954451328 0.0985119110699257
4 0.7632886513664608 0.3176340326537736 0.05894346878180663 0.12378472958157989
4 0.7540252679713493 0.24691230488629223 0.036775802902557685 0.06995040145127884
4 0.7109374668828903 0.2712203349233591 0.048531758437520625 0.09376984736759483
4 0.7272916423807863 0.20608640824433683 0.03710318511654265 0.07932540145127884
4 0.7104042427436059 0.19689245751869738 0.04518850362819702 0.08741071996293312
4 0.8036978857573642 0.2580333433608796 0.04324405771188111 0.07641865626060226
4 0.8461755624363864 0.27359634517497816 0.04949405771188111 0.07663691106992569
4 0.7708506694226281 0.21308294190960075 0.042425602176918174 0.05298115626060227
4 0.7837673316736802 0.2463865152305785 0.05434524881887359 0.08148810217691818
1 0.6861358743246189 0.30946437938839627 0.0722073606144388 0.14609623920022674
4 0.19387150717157614 0.1600818720471841 0.037048621414211926 0.07776290145127884
4 0.1656993779528159 0.20524803910755957 0.04513393992586621 0.08584821996293313
4 0.7954885377567972 0.4259202478073833 0.07193454210278442 0.13828373920022674
4 0.8243848640729997 0.4496132081516696 0.052837312521204535 0.0829960384745874
1 0.5910738893855612 0.16456605243922148 0.052038704353836354 0.10481647477225656
4 0.6245957175158624 0.14539939018816947 0.04189981252120454 0.08261409255827142
4 0.6824702157017638 0.19044156087674197 0.03359623920022692 0.06827877404661713
2 0.8134225383049515 0.6291370170446771 0.07634922359113014 0.1306349303072194
2 0.738896253458561 0.5905531774816305 0.062430567330527965 0.08957342068857255
4 0.5536755823066524 0.1155457098809501 0.035267866604888454 0.07145833774894798
4 0.6999478923807863 0.20513154345354684 0.033541675497895794 0.06671627404661713
4 0.8221750672457098 0.2665006077888499 0.043353185116542646 0.07954365626060227
4 0.8043948010036411 0.3276737207655413 0.05688989546082901 0.10966766587924912
4 0.12375243621285112 0.33128226025161905 0.07469744355406328 0.17271330290255768