4 0.8906268730845912 0.7001725065472735 0.08493498407380998 0.14999974212409234
4 0.9039983993223633 0.7829052582142635 0.07777493145709187 0.1338645590935542
4 0.9394122545558001 0.816897492003406 0.07364887357870131 0.11642196757828494
4 0.9671425693995097 0.8457558156408276 0.06571486120098058 0.12697683030538148
4 0.9015959232116479 0.568109305638888 0.06730786831702958 0.11434928454774677
4 0.9187603073842802 0.6091647403364161 0.057204826223654595 0.10108401000193971
4 0.869898602179078 0.5445284133650146 0.06794490514873246 0.12528678454774678
4 0.8964996285580245 0.480609305638888 0.05656778939195171 0.09014651000193971
4 0.8462343180487981 0.45862286427340015 0.05536931043863902 0.09626896424430509
4 0.8921614680770331 0.43282550988125346 0.05940436305535748 0.11214905575957416
4 0.8811938759977757 0.4047164853354463 0.0518802893919517 0.08976387272903605
4 0.9430406995905944 0.5054018826102895 0.04811825256024882 0.07857128121376711
4 0.964809283777344 0.5320599774595385 0.04702618942018653 0.05982128121376693
4 0.9387025391096031 0.4576180868526549 0.04528167889684269 0.0565687354561323
4 0.9214919232822352 0.49586751488222325 0.059419773606936135 0.08571410151720862
0 0.8186047438206948 0.9915964081948669 0.14177724729857683 0.01680718361026621
1 0.8888739282615583 0.7902235506379182 0.08724093671876361 0.13619233363936126
4 0.5026769499435303 0.10012586956423404 0.062256347270342086 0.10771664727484329
4 0.43026362364928844 0.07166628759186269 0.0480272472985769 0.07700878121376697
4 0.4545810841867496 0.06198826971401524 0.04353716837349921 0.05331618969849792
4 0.38700644731269435 0.08990623349927843 0.05022678413027988 0.08807382697140151
4 0.8420759810194511 0.6542224066970548 0.08135495776545057 0.14193215060882308
4 0.8637990625753649 0.6800992515463037 0.08199199459715381 0.1528696506088231
1 0.7473124286850814 0.33547266457296254 0.060602842008670166 0.1060266015172088
4 0.8211370655591367 0.3080648838182375 0.0468287683452643 0.08313123545613248
2 0.7972291286991988 0.3247741516960849 0.04095819994353036 0.06243609818322886
2 0.7922917287415511 0.2800515830596331 0.0325086631118273 0.050860869395056164
2 0.47491597099021765 0.10408004592681239 0.0394867052052021 0.06387105242559431