4 0.8865997455241799 0.38923465662970747 0.0670244185677376 0.14779264381548424
4 0.9424468321982296 0.5014725766761937 0.0732744185677376 0.14822968639013112
4 0.9676932506921381 0.5348970818719738 0.06461349861572394 0.17588479282674854
4 0.9943262006459953 0.5120169567459231 0.011347598708009343 0.2013875373788668
4 0.8367826133536369 0.26088006368674344 0.055446568475452554 0.1127620799535138
4 0.8766857225452206 0.29575780823886183 0.04527053207825773 0.09960651609154336
4 0.8016263633536369 0.2633384281691325 0.053122604872647014 0.12504355866619035
4 0.7981625994739762 0.17254953720363989 0.04759449568106326 0.08732503737886685
4 0.7363029495662612 0.21140422359377103 0.04497014342931003 0.09491901609154337
4 0.7795825801956447 0.1887590452494116 0.03313147748246603 0.0800916915859112
4 0.7614240630767817 0.16256253200785978 0.041444625230712615 0.08845049480421992
4 0.850896375692138 0.1994673162846335 0.0407437183831675 0.07751299480421991
4 0.8771479950627544 0.21725039598604576 0.04689358883351815 0.07638753737886683
4 0.817473803977483 0.1555041488360373 0.039141645588778216 0.05251299480421991
4 0.8305640892949434 0.1883330743304052 0.050419107032115565 0.08285605866619031
1 0.7716966363325961 0.3596014229733524 0.06389941856773759 0.14757412252816077
4 0.2768209207272059 0.08266040864651984 0.03695738433001132 0.0912477128732347
4 0.22061049352159504 0.11170305246200404 0.03293121838316741 0.07696669158591121
4 0.2352644764027319 0.08321206570355581 0.03303134793281677 0.07852919158591125
4 0.20027700956072395 0.16177946211693003 0.041344495681063353 0.08688799480421991
4 0.8249916170542647 0.37078494141068424 0.06496127081949084 0.13987088317182242
4 0.8510429773255825 0.3854430211120965 0.06409967766703631 0.15069912252816078
1 0.6001466016334446 0.14401961766135676 0.048695920727205785 0.10451253737886686
4 0.6531924560446662 0.09008623448953432 0.03791910703211539 0.08198197351689644
1 0.25154961289221156 0.12915835023243108 0.04723355027685514 0.10596577673520509
4 0.7312964720837952 0.13327922359377103 0.02930557063492074 0.06893567029858776
2 0.8389701812107806 0.5644256807670225 0.07061049352159472 0.13093292574646948
2 0.7699605629198981 0.5284442581226463 0.058632125230712616 0.08965236188449896
2 0.6292438163159841 0.10824065478812206 0.03056768198597286 0.06435743094224948
4 0.6034730582964196 0.08571544476487895 0.031068329734219448 0.07216993094224948
4 0.7452285641565158 0.1425067581226463 0.029205441085271566 0.06737317029858776