4 0.8815536092457312 0.614265753373743 0.07342041335136287 0.1353224303072194
2 0.859877509229823 0.7321625815040441 0.06230110001590816 0.11931548439090349
2 0.8787451405554142 0.7885117852249085 0.07354768268618095 0.14625993030721923
2 0.9114212805538233 0.7990846974759604 0.054452237348817434 0.11591766587924912
4 0.9102336872613215 0.49846713858295305 0.048111330681090435 0.10788691106992569
4 0.8205637546149115 0.3524403651693081 0.04326019867918127 0.09366071996293313
4 0.8634057826225476 0.294717145206375 0.03372156667727211 0.0792708377489479
4 0.8518870272915473 0.27793887297385644 0.04162497334499946 0.08735615626060227
4 0.8838717292727754 0.4150470033737431 0.06575336401972649 0.14754961179556508
4 0.8657040792886839 0.29854154965287877 0.038409066677272105 0.07943452885594056
4 0.9006239719525929 0.3176263663504345 0.03839088534372692 0.07787202885594055
4 0.4134988786600912 0.0364161438783986 0.033703385343726744 0.0728322877567972
4 0.8262035852562308 0.5388862966576539 0.06062951201463562 0.10988592068857254
4 0.846216093252731 0.5639582185273527 0.07027723201781733 0.13365080290255768
4 0.8339364586250928 0.27700385555066126 0.035102253341817755 0.06370040145127884
4 0.9133325099459115 0.3663813248806222 0.03839088534372692 0.07787202885594055
4 0.3988273039863188 0.08681294220330091 0.03835452267663593 0.07474702885594053
4 0.9360973006047301 0.42337536934565934 0.04160679201145392 0.08579365626060227
4 0.9230342266072755 0.4050891608154716 0.049564742679817544 0.0985664747722566
2 0.35018071865054623 0.10647316697555742 0.049401110677908554 0.08450397477225655