4 0.8273118487863883 0.7258884992375008 0.0662809230620141 0.09680357123840277
4 0.8359776807583674 0.756575454784584 0.09084581838861112 0.14578658510611114
4 0.8483127201772909 0.8311215131052091 0.1118129350298613 0.17438436379145833
4 0.8654450155801381 0.8674772404037855 0.10294708130638881 0.19604115824437507
4 0.8557135249825343 0.5131527631052091 0.068170731382639 0.11090243882958344
4 0.8836917481970481 0.5872812473376396 0.05850479065319476 0.09818423328249999
4 0.8069850842530899 0.5245253677786118 0.05868662860909737 0.10599673328249999
4 0.823665397607708 0.4459646098948271 0.055270687879652856 0.09342399810013897
4 0.8794802929343053 0.39879997558614655 0.043969511967847555 0.077544424961875
4 0.8705417040284719 0.37983177003906327 0.05200021751493082 0.08710126291777787
4 0.9001181416237845 0.48604605565826464 0.04862064437666689 0.07609102773541672
4 0.9258260032310413 0.5233830547083341 0.0549070119678472 0.07779899810013902
4 0.8999557938842357 0.4258534380670841 0.044986498100139015 0.05414329255305557
4 0.8904528541047219 0.46471591631559106 0.059703614741388834 0.08259560087368065
1 0.7748824054914927 0.4596809645682298 0.08299695079743082 0.14404224715020836
4 0.4733641116072569 0.04775631392329901 0.04389677678548622 0.07441942496187504
4 0.8055660949866661 0.619074801574202 0.08281511284152784 0.13622974715020852
4 0.8107796186380203 0.6637515219389243 0.058177482332569495 0.08412173328249999
1 0.7906561419081248 0.285734971502084 0.060176393426736044 0.10290810087368056
4 0.8304271567257636 0.2897873450771882 0.04872974715020852 0.08077852773541672
2 0.6982770057964924 0.7955807905562853 0.09527874525034737 0.13495818787965277
2 0.6605964742613535 0.7352966007767714 0.0676979526972918 0.09058993882958344
4 0.8526820568020137 0.3747260427404869 0.042079703647222286 0.06344555737069442
4 0.9106555981207982 0.5034881287965286 0.04865701196784755 0.07765352773541671
4 0.8811856504574995 0.5270340783596883 0.06500936379145834 0.10926720364722228
1 0.3286679010261805 0.11864742933027805 0.06991506933854179 0.11875130642076397