4 0.901146299516828 0.5556378206565828 0.04908415665497756 0.12683521077238852
2 0.9080803177807726 0.6954270285021051 0.04102619480442442 0.11272725897699054
2 0.9296280353133686 0.7140497634749905 0.0573057597392328 0.15031816256778666
2 0.9683905263849149 0.731010004498 0.03318642126547431 0.11111930718159221
4 0.9055492017075786 0.43765543511796345 0.028389827109672437 0.10484203610435347
4 0.7874458583625562 0.311792892767094 0.026554591720169364 0.08920794574527387
4 0.8190328234595199 0.24755313076504146 0.018523903408566866 0.07666249394987582
4 0.8036532853100731 0.23358153435583767 0.024910271103318227 0.08451135538619425
4 0.8631356051161454 0.36134746517219274 0.038392118505530703 0.14083407825883124
4 0.8271629232973645 0.27406563379010357 0.023211403408566866 0.07668976502711464
4 0.8593714513005416 0.2637230314289714 0.023184129869616044 0.07512726502711464
1 0.7079686383943283 0.21070309143923413 0.031678468343374885 0.1142352168225127
4 0.3205522333609085 0.07390863602959875 0.01849662986961631 0.07509999394987579
4 0.8311571278443168 0.4927701819947055 0.04083528003177221 0.10178975897699054
4 0.8558025718379623 0.5129372362494315 0.0459318831160271 0.12525453005422946
4 0.7358714959428102 0.17851276015534082 0.021485262174864593 0.06730567466803503
2 0.8019081842577082 0.6468309680990589 0.05503414772652384 0.10968407220870695
4 0.7856572617711228 0.23524857348525324 0.02291139448011279 0.05950226502711464
4 0.8820180186709816 0.30889917604277717 0.0247466298696164 0.07513635538619426
1 0.2766561830365969 0.12728362090428824 0.024664809252765353 0.07044885538619425
4 0.9162878786550956 0.35947589296348575 0.024882997564368025 0.08294885538619426
4 0.8993594772751237 0.34473213691336146 0.031323912337020234 0.0939227168225127
4 0.870279903411862 0.3995832633767947 0.03162392126547431 0.1111102168225127
2 0.720817871351495 0.5934019619507389 0.02910684740221221 0.056413626463433175