4 0.91171875 0.55390625 0.0453125 0.12578125
4 0.92734375 0.67578125 0.0453125 0.14765625
4 0.94609375 0.71171875 0.05234375 0.1484375
4 0.98359375 0.6859375 0.0296875 0.196875
4 0.915625 0.4296875 0.02421875 0.10390625
4 0.78984375 0.3109375 0.0234375 0.0890625
4 0.81875 0.246875 0.015625 0.0765625
4 0.803125 0.2328125 0.021875 0.08359375
4 0.86015625 0.35390625 0.03359375 0.140625
4 0.84296875 0.26484375 0.02109375 0.07578125
4 0.8578125 0.26953125 0.02109375 0.07421875
1 0.728125 0.26796875 0.028125 0.11328125
4 0.3171875 0.07578125 0.015625 0.075
4 0.83671875 0.453125 0.0421875 0.09296875
4 0.86640625 0.49921875 0.0375 0.10078125
1 0.70703125 0.1640625 0.01875 0.10234375
4 0.7390625 0.165625 0.01953125 0.078125
2 0.8109375 0.68671875 0.0515625 0.121875
2 0.74453125 0.63046875 0.03984375 0.08046875
4 0.78515625 0.23515625 0.02109375 0.05859375
4 0.884375 0.30703125 0.021875 0.07421875
1 0.21640625 0.18671875 0.028125 0.1046875
4 0.90546875 0.36015625 0.02265625 0.08203125