4 0.9477854700858271 0.5299839455994916 0.09377141535490914 0.1392892841302798
2 0.9775206615841249 0.39858275617930505 0.04495867683175021 0.12137374203690507
2 0.9830959953084231 0.38801698250178174 0.03380800938315396 0.16127069994353027
4 0.9180976061076412 0.643886821879616 0.06367972376899793 0.10952618942018652
4 0.7665840186125589 0.7319391006776368 0.05800887797604233 0.09519067363517095
4 0.777696117255506 0.8011063296309494 0.044525532183086726 0.08040013154179633
4 0.7595470507956457 0.8107921427710117 0.05444683540139543 0.08875866311182738
4 0.8541168696012946 0.7048768007623414 0.08817697921687966 0.1483002630835923
4 0.7941352182442417 0.7781847691217232 0.050775532183086725 0.08076415258848364
4 0.8221727369336751 0.7977314296733018 0.049103771539425 0.07911064732681172
1 0.6518984417611382 0.8194152558263692 0.07214778763096845 0.11935621572854593
4 0.24606370500268998 0.8265793685993781 0.044416271539425 0.07883763154179632
4 0.8620172148900471 0.571063242883951 0.07472648441265975 0.11172572625188959
4 0.8909398903844149 0.558396642912186 0.09042789406758586 0.13598227360693613
4 0.6779199923815569 0.8437859242704555 0.04397922896477802 0.07258763154179633
2 0.8916286692133071 0.43363186134215487 0.09267880891829208 0.12366428413027979
4 0.742539867255506 0.8031539480185661 0.04343292574646931 0.06477513154179633
4 0.857269002773117 0.7611723033931774 0.05066627153942491 0.07920165258848363
1 0.23181018086537492 0.7685771528002452 0.04888525025210155 0.0759856473268119
4 0.9047013776470664 0.7215413850196782 0.05433757475773362 0.08719616311182747
4 0.8842085611872058 0.7313637060522481 0.06302415990702741 0.10015118942018653
2 0.7981518208224614 0.4429984270424658 0.09482046312533612 0.10978379465362362