4 0.848993359138715 0.4489288709413599 0.08615831838861113 0.15050992515463033
4 0.9046790082650343 0.5113967910950205 0.0795446424768059 0.13437474212409234
4 0.9514812730826734 0.5183481638240565 0.07445709897381932 0.11680460485118864
4 0.972502287900312 0.5231950315521228 0.037175304520902584 0.12311850666795969
4 0.7853146784772568 0.32632067624189215 0.068170731382639 0.11473192182065048
4 0.8324617822007291 0.35208582184974546 0.05850479065319476 0.10146664727484334
4 0.7610231932948957 0.32746871699855684 0.06842530452090294 0.1256694218206505
4 0.7282847348980207 0.2543502103305971 0.056687717514930645 0.0904016015172088
4 0.6786659413950347 0.26752001896510924 0.055270687879652766 0.09652405575957416
4 0.6978530056995831 0.21664304517790636 0.06032186379145834 0.11253169303247779
4 0.6732166816113888 0.19897731305575378 0.05200021751493065 0.09001896424430514
4 0.7762137418318749 0.24652160593845043 0.04862064437666671 0.078826372729036
4 0.8080995214671527 0.2553862939699584 0.04662173328249999 0.05994882697140156
4 0.7465814464290277 0.20809696366457694 0.044986498100139015 0.05669628121376695
4 0.7557375876715623 0.25189476108920145 0.059703614741388834 0.08596919303247778
0 0.9624856293715964 0.8190336900368538 0.04506184612402819 0.19394118969849786
1 0.8980471485576386 0.5272928580644823 0.08895601006798622 0.1367025166698994
4 0.21898312329076375 0.1759877704629213 0.0633377610179168 0.10809928454774687
4 0.1488336242406943 0.19687448424818446 0.04862064437666671 0.07882637272903606
4 0.15504790985989572 0.16528964439990532 0.04538654160312507 0.07388378121376701
4 0.12666703030086784 0.24124636652011824 0.05196384992375007 0.08845646424430509
4 0.7865842781166664 0.4399207906359785 0.08281511284152784 0.14087983363936124
4 0.8169257415475345 0.447876682909852 0.08306968597979178 0.15181733363936128
1 0.5373148959921874 0.21997585502036648 0.06635365824437507 0.10366687606301594
4 0.5803031362085416 0.15538706759768167 0.04872974715020835 0.08351387272903606
2 0.5655678357717012 0.18314540577897084 0.04200696846486114 0.06269118969849793
2 0.535862805186493 0.14784576350509743 0.032377395326597204 0.0509884151526907
2 0.19968760942305538 0.19789472137130687 0.04048083605604171 0.06412614394086336