4 0.9021513906088126 0.6430582938420374 0.08750861621110388 0.13815927956950452
2 0.8815007504097757 0.754415324859284 0.07577059553293922 0.12046235731976367
2 0.8982922981762453 0.8123541033953312 0.08958053846084439 0.14916955417661049
2 0.9310149069437508 0.8257059739496613 0.06781254631872784 0.11697348428423418
4 0.9380995450758732 0.5239422667537322 0.059636173283197993 0.10879711124870503
4 0.8534419470617347 0.3705133598054721 0.0542937018192454 0.09451628742738745
4 0.8979153850272414 0.31676762159229643 0.04270123035529281 0.0799443651776464
4 0.8869222270455239 0.2992719065384845 0.050877603390821945 0.08812073821317572
4 0.9145656916850513 0.43891444934255547 0.08169526385373871 0.14724318114108112
4 0.900441071545006 0.32056470968163764 0.047388730355292806 0.08016268899896399
4 0.9225900533480409 0.34223850248570853 0.04731595574818712 0.078600188998964
4 0.45587116439185815 0.030100510960509357 0.041065955748187125 0.06020102192101871
4 0.8607215618250962 0.560429884412578 0.07064644789030439 0.11086903349844608
4 0.8728234555387899 0.584920462162837 0.0842380669968918 0.1348887303552928
4 0.8687715405277594 0.2962025645202019 0.040410984284234175 0.06424659057054054
4 0.9452677280789812 0.3920736825933324 0.047388730355292806 0.08016268899896399
4 0.4410488391227986 0.07262824731391285 0.045607906533975395 0.07540241439185816
4 0.9667831631490038 0.4505753873080621 0.05080482878371626 0.08655823821317572
4 0.9541547305601806 0.43158994686135604 0.06076202564056317 0.0994948858558109
1 0.8513530239834243 0.6618661058765307 0.09038105913900907 0.16635705417661056