4 0.8633461418616856 0.7408932303344764 0.09641869665368966 0.1495851539428031
4 0.8643449091618912 0.8227331616980246 0.08953202669174587 0.13344997091226496
4 0.8962780000743621 0.861157803971898 0.08258168973360754 0.1157522878817268
4 0.9216745895039583 0.8920410132152334 0.0798386917107738 0.1248721963664579
4 0.8916236976794538 0.6131667141236189 0.07626802273741298 0.11367960485118864
4 0.9042483730786053 0.6554657844270606 0.0648211867678576 0.10028678454774678
4 0.8640425257403436 0.5859984362438319 0.0782761917107738 0.12474465060882309
4 0.8998089293906653 0.5274045573058779 0.06287668479069168 0.09078423879011233
4 0.8519789244477494 0.5001406845768418 0.06306768577927499 0.09547173879011232
4 0.901773336006736 0.4800671716999643 0.06839185574121842 0.11147937606301603
4 0.8951585800752371 0.4514957615482434 0.05812551779449713 0.08883910151720861
4 0.9430787683259698 0.5574107927620104 0.05461851581733086 0.07920901000193972
4 0.9613486072612745 0.5853762960959903 0.05072951186299797 0.06020391848667046
4 0.9458562584401381 0.510918430034914 0.04754084486680341 0.05838632697140156
4 0.9231336828507063 0.5456602207915787 0.06581068380210837 0.0863518303053814
1 0.8482251606447658 0.828425181242862 0.09747186068413463 0.13721269970043756
4 0.5556716798477757 0.1076511982026255 0.06976335475263547 0.10691942182065048
4 0.48733817391627665 0.0740417306243405 0.052801347832553344 0.07283146424430513
4 0.5142362549429158 0.06533628138294487 0.0503475098858317 0.05082891848667059
4 0.44022309338392895 0.08343283501648716 0.05806185079830275 0.08727660151720873
4 0.8208111319758536 0.6907020406359785 0.09134919467652329 0.1398275166698994
4 0.8382678874130611 0.7178225210911411 0.09491986364988411 0.15102010818516848
1 0.7695099812541008 0.36804591957393235 0.0696996877564409 0.10535692182065048
4 0.8474293928130876 0.3502682303344764 0.05324701680591417 0.08376896424430517
2 0.8214717292769343 0.36294370245468927 0.04616934585538681 0.06294628121376693
2 0.8220009698853943 0.3186037710911411 0.0363486768820259 0.05124350666795978
2 0.5268927638401644 0.1084166016863866 0.0446068458553869 0.06281873545613247