4 0.8556080879231928 0.43387737275747734 0.08364881303532457 0.14905686613141395
4 0.9070296873574586 0.4614003978959049 0.07730790944452863 0.13303134793281668
4 0.9591598139190876 0.5014734878091571 0.07252041549465318 0.1155434592838688
4 0.9802353832009285 0.505950236729423 0.03507495764913031 0.12251535009228505
4 0.789883614854164 0.31243436689738113 0.0662613251355733 0.11358044108527147
4 0.8374125998270493 0.3373633181616854 0.05681360226293606 0.10047966378737554
4 0.7656466841360048 0.31400735887781667 0.06632495764913067 0.12451794108527148
4 0.7316807502945876 0.24149200878553162 0.05518746974937905 0.08944203423772626
4 0.6870313256265526 0.258950816620526 0.05366133118569749 0.09559190468807692
4 0.7006352833738789 0.2043331677925452 0.0584397347764936 0.11151729333702483
4 0.6757261869646751 0.18710609499815606 0.05049996974937905 0.08914164558877831
4 0.7794051779876847 0.23282721004983592 0.047311337235821684 0.0780038864894796
4 0.8114000665513663 0.241129865817647 0.04563975292686635 0.05915375693983034
4 0.749145506246516 0.19493718383167416 0.04405907220870695 0.055928627390180986
4 0.7590517713718264 0.23855677590439472 0.058285198672140125 0.0849547933370249
0 0.955402513082207 0.7442920434846833 0.08235902380771343 0.19583173658176473
1 0.9511609615579555 0.5330040900609105 0.08669199980360816 0.13519462523071263
4 0.22173812373295862 0.17208096082502827 0.061537463699254766 0.1070300524363235
4 0.16065972316722452 0.19239465838870473 0.047311337235821684 0.07800388648947965
4 0.16632846106697613 0.15837011181247734 0.0441590661585828 0.07311612739018099
4 0.19206425927157805 0.16783474938169113 0.04419542759490129 0.07936612739018098
4 0.13079041598563218 0.22174219694536762 0.04251475292686626 0.05895349784053172
2 0.8054990036142373 0.449423227168699 0.07568177693097126 0.12199371838316746
2 0.8335649162802199 0.4613818090623868 0.05991133118569749 0.09599242288667434
1 0.559796659935508 0.23204025832410627 0.05364315046753827 0.09246690468807692