4 0.8657014066041491 0.331124705880051 0.0835229081860291 0.13370338534372675
4 0.8556823547042699 0.20944060988227814 0.08935682835784534 0.15563292934436318
4 0.8663642271600785 0.16949686254777818 0.09725121551297526 0.15728633601209036
4 0.908514105608781 0.18462187587527848 0.09008716870147851 0.1993647480108177
4 0.895415482814288 0.44945653520850576 0.05556832654882342 0.10683180267345418
4 0.7970521466545264 0.5981673025541415 0.05014384215265544 0.09271475867281787
4 0.83875828980255 0.6515553845480964 0.03846935775648745 0.07852498933799978
4 0.826097837518558 0.6696604945496872 0.04669129353213606 0.08642839600572713
4 0.8623329879026708 0.5294803898790965 0.07628361827193722 0.14454997867599956
4 0.8500200163968017 0.6303434558800509 0.04471935775648746 0.0785977146721816
4 0.87246822648271 0.6191514172104148 0.04307497060135788 0.07701703333863605
1 0.7413100797166419 0.663620127227914 0.06239153663473136 0.11784202800763595
4 0.383437867483027 0.9519859299411391 0.03838747060135787 0.07696248933799979
4 0.8135070635469827 0.44806730521964155 0.06930327792830404 0.10074543467536326
4 0.8326155896662645 0.39631390121741444 0.068150213703953 0.10853975334181776
1 0.7421555274780782 0.7666724018937321 0.050717052238563556 0.10365225867281787
4 0.7773084554518108 0.7514286625557324 0.04332063206674697 0.08170453333863606
2 0.7398150152651479 0.23030818789786833 0.08812852103089916 0.1321954293443631
2 0.6907766497067442 0.30192919657068623 0.07358134215265544 0.09298747867599957
4 0.8080062567858632 0.6722133298854598 0.039212986205190245 0.06291817067154533
4 0.8903451232487782 0.5760008538749604 0.04471935775648746 0.0785977146721816
1 0.2633953623946443 0.8737438459580019 0.06033771370395282 0.10844884667409076
4 0.9090818351437087 0.5164440405395059 0.04817190637700648 0.08488407733927232
4 0.900986052127022 0.5368383565404604 0.056639503618044526 0.09747498400699968