4 0.8881154012160447 0.3066018181878096 0.08672536167271758 0.13579322402541774
2 0.8505132890490354 0.17044217573629158 0.07508752471457925 0.11841480925276526
2 0.8651514506080222 0.14595069034678818 0.10174286661563343 0.15947618587597073
2 0.8960366946765234 0.11726658279830622 0.06714769072219084 0.11515344155801359
4 0.9293863414439436 0.4176796400224766 0.05901685574121842 0.10720457386326192
4 0.8584411245614799 0.5760609302005184 0.053756352775469196 0.09306025324641105
4 0.9074171354358949 0.6268052240320083 0.04224584980971961 0.0788068384737585
4 0.8979930558921303 0.6449512520351854 0.050376684790691684 0.08675570616851011
4 0.9133567762346353 0.5039580592593559 0.0808573636498842 0.1450591298696164
4 0.9070523795043959 0.5986665872625331 0.04693334980971962 0.07888865909060953
4 0.9406779630024932 0.5988614561751008 0.04686968281352506 0.07732615909060954
1 0.8149059832684482 0.697218909907979 0.06727502471457933 0.11827844155801355
4 0.49293411866716197 0.9498895369349263 0.04061968281352506 0.07721706493480837
4 0.8422073350181531 0.3887109346647453 0.07001802273741334 0.10895798863591422
4 0.8590619125847511 0.3610535389668164 0.08347302768032919 0.13261367694751697
4 0.8509535712151696 0.7184802552815963 0.04192751482874755 0.0709943384737585
2 0.7654153888587549 0.2501081306869858 0.0876511917107738 0.12019549756436802
4 0.8801834733826166 0.6491711477331144 0.04004667984777584 0.0631545649348082
4 0.9480156191242726 0.5486978149413988 0.04693334980971962 0.07888865909060953
1 0.4343430272603994 0.9126037711066136 0.045179848821136306 0.07417388555165942
4 0.9643462732688857 0.48899553247399463 0.05031301779449713 0.08519320616851012
4 0.9534233607213156 0.5087313340161221 0.06019735376405251 0.0978568474022122
4 0.9086401013297752 0.4649501063372566 0.06558519072219085 0.11512616801906325
2 0.706003238174183 0.3269803222449994 0.04467051285158128 0.06167388555165916