4 0.909218456165215 0.5438345584353959 0.04533186525912001 0.09138865909060953
4 0.9322701724799949 0.5668862747501757 0.058731892044480816 0.1431693474022122
4 0.9710018413131323 0.6270249338407853 0.05799631737373545 0.1683602621748646
4 0.9921637751605082 0.6508306266166148 0.015672449678983468 0.19887387662320535
4 0.829918919640621 0.34094929179630434 0.042506874187573374 0.10852161201270878
4 0.8902075831954575 0.39432943627641726 0.03450345941492117 0.09744774431795715
4 0.7922240507280534 0.373874840092021 0.033104600648623084 0.10679547077900686
4 0.7689990105500115 0.29614926054671625 0.03439436525911965 0.09119774431795716
4 0.7943751116056716 0.22864416070887206 0.02480117694751698 0.07853410308425508
4 0.776969423294069 0.2158441517804183 0.032750044642268605 0.08648297077900677
4 0.8549228737805364 0.29686805518898496 0.03253185633066593 0.07398297077900687
4 0.8951211797868908 0.3178760304322187 0.03875458279171582 0.0725295649348082
4 0.8250893234562249 0.2432384947184037 0.03365797970746058 0.049010244317957155
4 0.8359274119299833 0.2824782727215808 0.04196140340856687 0.07727161201270878
1 0.7226870722384089 0.28284469114768124 0.041080741882325175 0.11630683847375849
4 0.26890573295387143 0.10310127516050813 0.024773903408566687 0.0769716030842551
4 0.8382144350618965 0.4582458859521057 0.050783024349729186 0.1352204797074606
4 0.8646366132272295 0.4954146493447863 0.04045345048646709 0.08036933847375849
1 0.665858599430807 0.1592338672844193 0.03461255357072233 0.10369774431795716
4 0.698575642044481 0.15433786160237645 0.029515950486467445 0.0801784237011061
2 0.8403065892812421 0.6675936124131553 0.06627165665497756 0.12768071509696383
2 0.7675724728043064 0.6171202796214397 0.04991027110331832 0.08522047970746058
4 0.75986374391092 0.22023164285196453 0.027626168019063257 0.06140115016215579
4 0.8730689017837137 0.30733795088691385 0.031023903408566866 0.07708069724005648
4 0.8580575564100961 0.34222146549741045 0.03935460064862326 0.1069045649348082
1 0.17744671022569997 0.23271486282348772 0.04264324188232518 0.11633411201270887