4 0.8849182140573013 0.4456837848278073 0.05009425843752062 0.0924602107723885
4 0.9429340998994835 0.5413144473955939 0.06590279691210768 0.1425420240041051
4 0.9760813834799296 0.5993769322702833 0.04783723304014096 0.16913179508134402
4 0.9973115427357566 0.6221559021178582 0.005376914528486765 0.19857385538619426
4 0.831071473042976 0.3352366433372595 0.04913195916315978 0.1096386204133089
4 0.8924554063454202 0.3707428721618248 0.03932044954451293 0.09708407825883114
4 0.812130500084818 0.3296588090283041 0.04482640507947586 0.12054884933607006
4 0.8026438834799295 0.2593054024124458 0.028963302902557685 0.06890453610435347
4 0.7600670030800429 0.29264462235821653 0.03915675843752044 0.09239657825883123
4 0.7784598498146655 0.21542359220579135 0.029290685116542824 0.07827953610435348
4 0.761698935749515 0.2051718934354554 0.0358135036281972 0.08612839754067195
4 0.8515997386520727 0.27443095354391395 0.03543155771188111 0.07519089754067192
4 0.8929067849312083 0.29419855287998403 0.04318949400955034 0.07367384933607006
4 0.821056577582147 0.22738778190094103 0.036121038474587405 0.05019998789975162
4 0.8323859471822604 0.2610406192349585 0.04647818511654265 0.07837953005422929
1 0.7446801052569612 0.34410712840834073 0.055019860614438795 0.14404089149054772
4 0.24789684137714502 0.12016809601642038 0.02923612141421188 0.07671703610435349
4 0.21736609319124361 0.1629504936552882 0.035704376223535325 0.08300339754067196
4 0.8347545229503087 0.44070539333725944 0.056254978400453834 0.13467498184962742
4 0.8587004544386545 0.43303379390299357 0.04340774881887377 0.07992384933607007
1 0.6442832572563941 0.17558841168402384 0.03953870435383653 0.10333407825883123
4 0.6784027969121078 0.14610544476331525 0.03247024881887377 0.07986021682251274
4 0.7340550853866953 0.19641906215156207 0.02578373920022674 0.06732385538619426
2 0.8418750861044855 0.6446116433372595 0.062232159888799286 0.12689884328594586
2 0.769226270588056 0.5996667819991369 0.05300100362819702 0.08622839149054791
4 0.6077529910143253 0.11366967378427226 0.027455366604888454 0.07045794574527388
4 0.7510069724100038 0.21213951092189803 0.025674611795565027 0.06419885538619426
4 0.8699231527172232 0.28469174267332953 0.03392362141421188 0.07674430718159239
4 0.8540278234057957 0.34396220354391394 0.04438989546082901 0.10804884933607006