4 0.8401294291775386 0.5588618513965226 0.04539961733238087 0.0938136439408634
4 0.882551511981044 0.45782538094329955 0.058270957929556035 0.14457891848667065
4 0.9181008819113148 0.387656273217173 0.07251912822814396 0.17059928454774687
4 0.9376321319113148 0.38925059518760474 0.05450110174504026 0.20175368969849786
4 0.8037552505810777 0.6745347777591009 0.04336722376899793 0.10918355242559433
4 0.8593221895690988 0.6327138106398579 0.03478989926336595 0.09760832363742153
4 0.7851855670409382 0.6816617515463037 0.039663069561953535 0.1228634151526908
4 0.7872454577543292 0.7533294574556592 0.02657320767745457 0.06897314060688356
4 0.739774878052917 0.7243117660901712 0.03446211733238051 0.09292082363742171
4 0.7699051384444772 0.7990565456369483 0.025666271539424912 0.07822059484924893
4 0.7549139229733524 0.8111898838182375 0.03246257475773362 0.08654327787978708
4 0.8334702477310861 0.7327457615482433 0.03169775025210164 0.07560577787978709
4 0.8721010589951664 0.7083993368526549 0.03929172896477802 0.07311850666795969
4 0.811114646490249 0.7827777124566289 0.03452781930985216 0.04942591515269079
4 0.8166980109726378 0.747876553971898 0.042853771539425004 0.07962359818322895
1 0.7295800592472681 0.6229087627561913 0.049005218573217844 0.1453761439408634
4 0.2565207095959146 0.9496481531938971 0.023994510895763276 0.07653054909161447
4 0.22664182148041362 0.8937809194047546 0.03235331411407198 0.08498077787978708
4 0.790708583384583 0.5689704329098519 0.049912154711247506 0.13612868969849784
4 0.8162713120972596 0.5741999379108218 0.03983803218308672 0.08093100666795969
1 0.6428238323761768 0.8523254536626373 0.03522694183801285 0.10385832363742153
4 0.6818099227212508 0.8790791433611354 0.029009792826748537 0.08160068636451782
1 0.2961841431360542 0.9442430471347603 0.02657320767745457 0.06897314060688373
4 0.7289305771803968 0.8232116516960849 0.02188570767745457 0.06859050333398002
2 0.7656314457732851 0.36578178896898855 0.05706909084927716 0.12739141848667054
2 0.7006513019578009 0.41862000442124164 0.049540814114071983 0.08638378121376707
4 0.6179605901698471 0.9045098359345711 0.02355746832111638 0.07028054909161412
4 0.7435229549043376 0.8055457906359784 0.02322968639013112 0.06559304909161448
4 0.8508052132022108 0.720803742003406 0.030244510895763455 0.07704073212215264
4 0.8249418357303716 0.6636928726083499 0.038679723768997934 0.10880091515269079