4 0.8746100918638732 0.3546875 0.07728669467652338 0.1328125
2 0.859963954525174 0.215625 0.06571252471457925 0.1171875
2 0.8788558759699926 0.19296875 0.09074169961943923 0.15625
4 0.9226867890118544 0.21015625 0.08152320851668762 0.1984375
4 0.8972743176435852 0.46953125 0.05120435574121842 0.10625
4 0.799787869507021 0.61875 0.045943852775469196 0.0921875
4 0.839683357644023 0.675 0.03599584980971926 0.078125
4 0.8272642706858846 0.6921875 0.044126684790691685 0.0859375
4 0.8664925498490883 0.55390625 0.0699835306460784 0.1453125
4 0.8522616120926472 0.65390625 0.04068334980971962 0.078125
4 0.8745504475679107 0.64375 0.04061968281352506 0.0765625
1 0.7421080206858847 0.6921875 0.057900024714579244 0.1171875
4 0.37528929931761557 0.9515625 0.03593218281352524 0.0765625
4 0.8152894885941124 0.44921875 0.07760502965749509 0.140625
4 0.8365715809894582 0.40625 0.0740980276803291 0.13125
4 0.7763610038799706 0.771875 0.03924818380210837 0.08125
2 0.7508144476050918 0.2484375 0.08340936068413445 0.1296875
2 0.7003568497725385 0.3171875 0.07094385277546919 0.0921875
4 0.8092318536896901 0.69375 0.036921679847775744 0.0625
4 0.8934569564651593 0.6015625 0.04061968281352506 0.0765625
1 0.26222556661782115 0.86953125 0.05595552273741298 0.1078125
4 0.9192501353243518 0.54375 0.04406301779449713 0.084375
4 0.9052048813700191 0.5625 0.05238485376405215 0.096875