4 0.8675375004242074 0.40997042695638825 0.0952677236549981 0.14718801779449714
4 0.9472268456549667 0.5160241087813302 0.10151772365499809 0.14744268577927463
4 0.9651434383869267 0.5441464501880928 0.06971312322614658 0.17445085475263547
4 0.9870417491748075 0.5161952051310086 0.025916501650385015 0.19597834486680377
4 0.790511213906736 0.28766966262193217 0.07547544191141178 0.1121126808363588
4 0.8372328485547518 0.3183904220134724 0.06515324855010754 0.09923067885919253
4 0.7574502601724695 0.2933320722037528 0.07618583693238996 0.12148768083635879
4 0.7335140074731772 0.2035692352456145 0.06276195435896632 0.08822951186299806
4 0.6823784825780679 0.24821589037881076 0.06155465186945541 0.09285334486680377
4 0.7193097975151335 0.22168256528367056 0.04955155933798814 0.07834517589344295
4 0.6964400599626881 0.19738556083504627 0.05807445435896632 0.08803851087441492
4 0.7912439971002151 0.2253924971086126 0.05412066016782511 0.0769736768820261
4 0.8211566400466006 0.23985158653820884 0.060489059337988135 0.07879084486680377
4 0.7492215178461394 0.18473832220375278 0.047775571785542856 0.05490767589344294
4 0.7687770012494 0.21668865916189112 0.06553175684847723 0.08366934585538688
1 0.7612991558181477 0.3955166547132668 0.09202432448483525 0.14549818380210838
4 0.20420501577154693 0.16642479053191014 0.05506785352912935 0.08947367688202616
4 0.15608774710021497 0.1995118631555924 0.04787066016782515 0.07671900889724856
4 0.1632131628671175 0.17020636513275877 0.04787066016782515 0.07671900889724856
4 0.14683206888575778 0.2520956936879401 0.05627515601864026 0.08484984387822055
4 0.8035458554032292 0.3980169136105154 0.09143232863402 0.13768568380210838
4 0.8317183995943702 0.41006858604391716 0.09382362282516113 0.14868685079830274
1 0.5342952574731772 0.19545169323082953 0.06863344606059663 0.10404551285158128
4 0.5775231939860042 0.1286753701128557 0.0529133576783142 0.08159750988583174
1 0.1899658396316822 0.21491137007567468 0.06875184523075957 0.10560801285158128
4 0.6601706732400798 0.17098488691876965 0.042591164317009954 0.06871550790866543
2 0.8592784049929548 0.5887665890096667 0.09408373195336779 0.13156301779449714
2 0.7846685686852652 0.5600248236866275 0.07393625269929238 0.0918001808363588
2 0.55471357863402 0.15656294817374544 0.042235966806520864 0.06402800790866539
4 0.5243865385920637 0.1366351087441492 0.04427206348717298 0.07034167490485976
4 0.6756064190908948 0.17940222338261638 0.04235436597668389 0.06559050790866543