4 0.8739558251107411 0.46063434613657234 0.10069851172019213 0.1408778611687961
2 0.921103330509412 0.5708192819047667 0.08719721622369932 0.12415925287472192
2 0.9439004804171267 0.6073814984929149 0.0545244185677376 0.14771433006601847
4 0.8332585788113688 0.3478712145154151 0.0707711798265045 0.1102922425071295
4 0.6740826403469911 0.2695234561740728 0.06362001387966068 0.09568293836009242
4 0.6793697200812104 0.19927930669245236 0.050218847932816855 0.08052683006601842
4 0.6594577382798077 0.19125219321458203 0.06019462523071262 0.09072203628657398
4 0.7646377891749717 0.2908017168244893 0.09661178901808824 0.1498427580585183
4 0.6831758405315611 0.20118355928435055 0.05500647748246603 0.0824994331762962
4 0.7191133405315611 0.2043276831298134 0.05490634793281668 0.0809369331762962
4 0.14715919494278282 0.20456850574944413 0.050118718383167414 0.07896433006601847
4 0.7843519070044287 0.42451233548615586 0.0819089389258032 0.11437414976444434
4 0.8150511944813574 0.435840106221341 0.09747338217054313 0.1390419590952776
4 0.6440132109819118 0.19932853336536913 0.04775518198597286 0.06632762902925919
4 0.7619423881875227 0.2347861626774522 0.05490634793281668 0.0809369331762962
4 0.16270504935400454 0.25620891819055525 0.053143588833518066 0.0776752321395369
4 0.8130147324197117 0.27146524792726695 0.060094495681063266 0.08915953628657398
4 0.7923215006183089 0.26336978393101695 0.07027053207825773 0.1024797425071295
2 0.14115142196382355 0.29831850574944413 0.06634449568106335 0.08970634043361096