4 0.9409739697674434 0.5485612770928144 0.09611114126984148 0.13845037799792798
2 0.9711896880767817 0.44392512696898 0.057620623846436556 0.12068068114108113
2 0.9902907402823924 0.40600559595173324 0.01941851943521513 0.145787688998964
4 0.9078586859911425 0.6676409168775667 0.06618380937615384 0.10901543507002245
4 0.7531397100498358 0.7477201768023642 0.05903264342931003 0.09466183664159918
4 0.7615517897840554 0.8178507402845995 0.04709384793281668 0.07852741439185813
4 0.7424711227574774 0.8257916728734227 0.05550712523071262 0.08826628742738754
4 0.8418319702288686 0.7255668868937774 0.0904619185677376 0.14753427956950455
4 0.7653078454595814 0.8153250537668348 0.05188147748246621 0.08030823821317554
4 0.7955262715854581 0.8099996989282706 0.05178134793281686 0.0787457382131759
4 0.22953103176449088 0.8183389693970382 0.04699371838316742 0.07696491439185812
4 0.8615961528331504 0.593788193965872 0.0772214389258032 0.11108735731976367
4 0.8842326164359559 0.580196574859284 0.09278588217054277 0.13517982878371626
4 0.725514160234406 0.8179620562480341 0.044630181985972864 0.06439213978475218
4 0.8422615692414197 0.781181186107989 0.05178134793281686 0.0787457382131759
4 0.24429563617571262 0.7675020614153208 0.05001858883351815 0.07554796360606986
4 0.8916212191491345 0.7444046240734957 0.05540699568106326 0.08670378742738727
4 0.8710281168973811 0.7531995812694249 0.06558303207825773 0.09964043507002263
1 0.9261314173311199 0.48813319934255545 0.10093834361388013 0.16515842721213972