4 0.8336038003179997 0.6111896538090132 0.08097111827193722 0.14503185633066593
4 0.8858590191103352 0.5839510438248992 0.07546474672063966 0.12932503571381487
4 0.9372068351437086 0.544185160301835 0.07143898801421215 0.1120829886359143
4 0.9585871901866628 0.5390846030776645 0.03451219810012063 0.1223659237011061
4 0.7694450457954438 0.7312742828678506 0.06510710085908258 0.11041139448011279
4 0.81684899027752 0.7070788522668856 0.05507700361804453 0.09774775324641087
4 0.7452672393730088 0.7300702930141203 0.06568031094499087 0.12134889448011296
4 0.7118129302370402 0.8014270957740639 0.05450379353213641 0.08681025324641105
4 0.6674011889434674 0.783448663144504 0.05326884215265544 0.09303297970746058
4 0.6817226385139261 0.8384361720729577 0.057212713703953 0.10871252678536117
4 0.657343436229934 0.8559958189887027 0.049816293532136416 0.08672843262955965
4 0.7605813008838266 0.8108799622509995 0.04768058344622812 0.07576365909060953
4 0.7922816802370403 0.8028316830300064 0.04661605042954129 0.055451159090609534
4 0.7304910091607125 0.8478890385498936 0.043409163274411536 0.0538341120127086
4 0.7398150995043455 0.8042617694751699 0.057383132066746965 0.08217730032431163
0 0.9531372088427128 0.25513629707131014 0.07865834577069997 0.19026253571381496
1 0.8837919080744872 0.5338692232080482 0.08492163387576923 0.13105117694751697
4 0.20179612110107162 0.8644654691541536 0.06009205223856358 0.10407957386326175
4 0.14110096054019347 0.8438569143656153 0.04611808344622812 0.07573638555165907
4 0.14633069312733896 0.8783546452908919 0.04430992198083885 0.0710216120127086
4 0.17182201605811748 0.8694160219140972 0.04315685775648759 0.0788068384737585
4 0.1105846229100939 0.8143915568171334 0.04357293758467109 0.05695911201270869
2 0.7695822438955646 0.6092901887120492 0.07899918249628843 0.13719208279171563
4 0.8023538003179997 0.6106441830300063 0.07957239258219673 0.14812958279171565
1 0.533855026573567 0.8100502991032001 0.06453389077317447 0.09947389448011287
4 0.5637262330414308 0.8965878169601076 0.04636374491161739 0.08042388555165943
2 0.5487939518337662 0.8681764448011293 0.040611711894930555 0.06002956493480838
2 0.5196077408433468 0.9028554078694982 0.03222600180902226 0.0489556972400564