4 0.9005662626604742 0.5490364660917784 0.07578623986054112 0.1483690334984459
4 0.9099955290041191 0.6614636914846725 0.06989687278026224 0.1309632096771285
4 0.951401779004119 0.6595351643963674 0.0670232450563212 0.11214043507002262
4 0.9748896474217805 0.6848241087720148 0.05022070515643904 0.12434933664159917
4 0.8944041079492265 0.4160784168775667 0.0607732450563212 0.11184933664159917
4 0.919447666615417 0.4603720723780847 0.05052415990702741 0.098912688998964
4 0.8644598818344402 0.40258099710902506 0.06008483020561535 0.1242765620344933
4 0.8923174480421991 0.3189850930562491 0.05132183540139508 0.08804796360606985
4 0.8232396661112139 0.3174996757689069 0.04863387797604233 0.09415241439185813
4 0.8727151422260004 0.3300874129486253 0.03827553218308673 0.07965326674922295
4 0.8672903148703766 0.26371755025217825 0.04663433540139543 0.08782963978475226
4 0.9308607779957129 0.3657851643963673 0.04430701089576346 0.0768193651776464
4 0.9479607966851464 0.3861511683253088 0.050557010895763456 0.07711046360606985
4 0.9168804054675521 0.31157069934255543 0.04266810124083733 0.053381865177646405
4 0.9162137699499411 0.34687249855676716 0.05557229282674854 0.08201628742738745
1 0.8096627572125925 0.5156482313932594 0.07255197921687966 0.14666098428423419
4 0.4475905480225286 0.03381626613005047 0.042056096045057244 0.06763253226010094
4 0.3843092980225286 0.03211037096861469 0.03649451089576328 0.06422074193722938
4 0.40921646287323465 0.022153174111767825 0.03718292574646935 0.04430634822353565
4 0.34614266250491765 0.06304138565092308 0.04496257475773371 0.08619436517764642
4 0.8568273343161147 0.5063973558765307 0.07200567599857095 0.13884848428423419
4 0.8704035152583642 0.5324140463232367 0.07277050050420328 0.14978598428423434
1 0.7210055407330616 0.21174628949881122 0.05397694183801285 0.10374573821317572
4 0.7987263491471503 0.17990978453641251 0.04161905347041017 0.08292381596343476
2 0.767678444940106 0.19546416398208258 0.032167643815484225 0.05912244292790545
4 0.7524469288485625 0.15698386083892943 0.029949579953513706 0.049674668320799586
1 0.4004859550795645 0.06678066170577102 0.05408620248167462 0.10530823821317573
4 0.8339861419738988 0.2582145670014012 0.032823207677454745 0.06849744292790536
2 0.7789858296245378 0.6934307830886703 0.07614687278026225 0.13125430810555194
2 0.7300459490506052 0.6212497220876345 0.06236859604505725 0.0901198858558109