4 0.8747025271667358 0.27637414693648754 0.060212761017916706 0.10784419303247787
4 0.8743589946816664 0.19062796557293935 0.07678331838861112 0.1497446506088232
4 0.8968522437317359 0.16227982496605584 0.09462543502986129 0.17927265394280303
4 0.9195091469421179 0.12690043435917236 0.0811811840799308 0.20468724212409223
4 0.8682304023573607 0.48743919269412206 0.05723323138263865 0.1138391015172088
4 0.891106164325208 0.4091548249660558 0.047567290653194406 0.10057382697140156
4 0.8130694704616314 0.5457457713325136 0.045895687879652855 0.0957587812137671
4 0.8547471709747217 0.5977070129975639 0.03619337955902786 0.08093100666795969
4 0.8426283774717355 0.6158511061798229 0.04418771751493082 0.08938123545613248
4 0.8902865871028816 0.5113710292084213 0.04237064437666689 0.07831618969849785
4 0.921519056517673 0.4760713869345478 0.04862064437666689 0.078826372729036
4 0.8795296186380203 0.5715113037542285 0.040262630508958355 0.0547511439408634
4 0.8765507422131245 0.5319864181483148 0.051854747150208526 0.08376896424430509
1 0.7617420533835411 0.6068584855768187 0.05741506933854161 0.12165160151720862
4 0.40276121799308945 0.9207763039234063 0.03459451196784737 0.07924096091032524
4 0.8250096920606247 0.36776429254434084 0.06878898043270851 0.1412944218206505
4 0.8406717128621871 0.33139635784681276 0.05032861474138883 0.08520391848667064
1 0.7561622409788535 0.7125823270920877 0.049275261017916704 0.10695137272903601
4 0.7883571451391661 0.7029363890605798 0.03939111474138901 0.08431109818322895
2 0.7505766557758331 0.1820178533048849 0.08274237765916688 0.13775483363936133
2 0.6981588641727081 0.25647559042800727 0.05984908510611113 0.09221919303247779
4 0.8246050760849647 0.6196616323926201 0.03582970364722229 0.06530600666795969
4 0.9031502630146871 0.49472566314734506 0.04084451196784755 0.0797511439408634
4 0.8780054458603468 0.4694864181483148 0.05407186379145834 0.11202151000193972
1 0.2718580165300687 0.8495864433223419 0.05741506933854179 0.12165160151720862