4 0.871561912584751 0.330907088988896 0.07929486364988421 0.14759869629109837
4 0.8960234017103362 0.2779525073516902 0.07397069368794007 0.1317280348257091
4 0.911509138858755 0.21607330506769803 0.07014535672980174 0.11437676051544958
4 0.9385836334215476 0.1888180862753625 0.06434102570316255 0.12498671189493056
4 0.8965048572612744 0.46269599954977403 0.06383168973360753 0.11248671189493056
4 0.9188135973754428 0.4145517486452629 0.053947353764052505 0.09949538896415203
4 0.8767016932308295 0.4762605325664609 0.06427735870696835 0.12342421189493055
4 0.8954463760443548 0.5520041610151634 0.053501684790691686 0.08855788896415202
4 0.8490170450177155 0.5653982756690559 0.052193852775469195 0.09472600180902227
4 0.8950126359301865 0.599001991747858 0.05595552273741333 0.11051477611928177
4 0.8859705583635883 0.6268780082562013 0.04881418479069168 0.08831222749876275
4 0.9398993715957304 0.5285356835164006 0.04680601581733086 0.07729284034363318
4 0.9600062831547174 0.503211456922149 0.045978344866803765 0.056980340343633175
4 0.9402787149796594 0.5762738206715303 0.04278967787060921 0.05525406603337366
4 0.9199052065767024 0.5374127165330873 0.05643568380210837 0.08403416327441153
0 0.7764298488211364 0.05493100294067608 0.1403596976422728 0.10986200588135216
1 0.8848683844101306 0.19633069312733895 0.08340936068413426 0.1337818577564876
4 0.5297337817090237 0.914871489711693 0.058889521748829846 0.1059910504295413
4 0.4687472021652592 0.9360747823393183 0.04524351581733086 0.07721095318850324
4 0.4943520386291059 0.9496083378572422 0.04278967787060921 0.05525406603337366
4 0.5094677026595507 0.9362894663059447 0.04224584980971961 0.08017217887824372
4 0.42552378418048165 0.9320766791053863 0.04291701186299814 0.058379066033373304
2 0.8213854990485979 0.3484121715306129 0.07352502471457925 0.12079053482570909
2 0.8367730771094877 0.32255235640175056 0.05844385277546919 0.09505355042954129
1 0.7637427312912818 0.6630345935114518 0.05206651878308044 0.09160100180902227