4 0.87734375 0.51484375 0.034375 0.140625
4 0.9171875 0.55625 0.034375 0.12421875
4 0.95234375 0.609375 0.0375 0.10390625
4 0.98671875 0.62578125 0.0265625 0.11875
4 0.85703125 0.38203125 0.03046875 0.10546875
4 0.89375 0.41953125 0.0234375 0.09453125
4 0.83359375 0.37578125 0.025 0.11875
4 0.8265625 0.2984375 0.028125 0.08125
4 0.778125 0.3015625 0.0234375 0.0890625
4 0.81015625 0.25390625 0.02109375 0.10703125
4 0.79296875 0.23046875 0.021875 0.08359375
4 0.87578125 0.3046875 0.0234375 0.071875
4 0.903125 0.321875 0.03046875 0.0484375
4 0.86015625 0.26015625 0.02890625 0.04609375
4 0.85390625 0.30390625 0.03359375 0.07421875
0 0.9015625 0.8953125 0.0890625 0.1703125
1 0.8984375 0.603125 0.04453125 0.121875
4 0.36328125 0.08125 0.0265625 0.1
4 0.2984375 0.08203125 0.021875 0.071875
4 0.315625 0.0515625 0.021875 0.06640625
4 0.33671875 0.06796875 0.01796875 0.07578125
4 0.259375 0.10078125 0.0265625 0.05
2 0.815625 0.496875 0.034375 0.13125
4 0.846875 0.50546875 0.03046875 0.14375
1 0.66015625 0.23515625 0.03359375 0.0921875
4 0.71796875 0.16328125 0.01953125 0.078125
2 0.69453125 0.18515625 0.021875 0.05546875
2 0.678125 0.14375 0.01640625 0.04609375