4 0.7866867848361515 0.701048917908509 0.09734397881213823 0.14685506784239594
4 0.7552786191640755 0.8232171670039978 0.10212248407381015 0.14866322930778503
4 0.7617869534214121 0.8729272399347764 0.12398207352223149 0.17629026232447192
4 0.8119311665897092 0.8865260724764934 0.11900614718563744 0.19783771370395292
4 0.8334392294474228 0.5710648467867527 0.07668286831702957 0.11305992198083885
4 0.8405923058122517 0.6231596132950962 0.06492632096198285 0.09842421189493056
4 0.8056705452183209 0.5500186844168524 0.07879139988706037 0.1225168091359686
4 0.8623370451477337 0.478543154113699 0.0643802893919517 0.08904921189493056
4 0.7944593004094056 0.4734185628655549 0.06309080517696727 0.0936548247398008
4 0.8372005372552259 0.479576709631623 0.04977175782192056 0.07893722749876275
4 0.8414098951194988 0.44766829036431766 0.0596927893919517 0.08880355042954129
4 0.884197363620055 0.5337595985957752 0.05436825256024882 0.0776203889641522
4 0.8925790110174538 0.5647606151041185 0.06070925782192056 0.07951043758467105
4 0.8882093004094056 0.47833179217333993 0.04840667889684269 0.05549972749876275
4 0.8760509346526248 0.5121745256649965 0.06566977360693613 0.08444359905006031
1 0.7404326820923762 0.5802960046340975 0.0941279735504665 0.14512879353213642
4 0.52957410793486 0.07007007632168051 0.05647678413027997 0.0870772761192818
4 0.4684013895048912 0.057460533694055314 0.04757222099021767 0.06791784034363306
4 0.4976716605515786 0.052725446063955725 0.04840667889684287 0.055499727498762794
4 0.4201613105798135 0.07844141904016275 0.057948278868607914 0.08559666327441158
4 0.7522354611021586 0.646739876185395 0.09220145250377917 0.13879690637700648
4 0.7623616190229011 0.674697779848868 0.09430998407380997 0.1482537935321364
1 0.7655137950065594 0.3245782711424408 0.06988683674699843 0.10335737336031983
4 0.8072385634224108 0.3212795307533792 0.05464126834526439 0.08230788896415202
1 0.4862945447947979 0.08660912313317722 0.06841534200867017 0.10483798620519007
4 0.8376170371846389 0.40515324174379863 0.044447220990217674 0.06775406603337361
2 0.6433323560098959 0.8212684854122205 0.09496243145709152 0.13271068068726627
2 0.6138261375093398 0.7358732179993661 0.07393729991529555 0.09266553482570891
2 0.7775965660532468 0.31894242480591395 0.0426117052052021 0.06298467887824373
4 0.7733031791791916 0.28502112618539494 0.046191731513561506 0.07096095318850333
4 0.8421302319370845 0.4218460967867528 0.04279371572854558 0.06610967887824373