4 0.9375173482190263 0.5273779437856655 0.05113446856846835 0.12631845909205772
2 0.9557494255550008 0.6668807129859955 0.042739771711621445 0.1135911385589445
2 0.9746116448495951 0.6841902334399667 0.05077671030080992 0.1499832796251713
4 0.9328041153825343 0.40938646173235427 0.02980312406898662 0.10385242570596294
4 0.8043258968140655 0.2879553941022347 0.02758565260503394 0.08974446159934021
4 0.8302483879227254 0.2230518081297151 0.019190955748187122 0.07701714106622681
4 0.8139684164587727 0.20944394919594195 0.02580482878371626 0.08501149749271752
4 0.8839620469378999 0.334923670824412 0.040924714639527335 0.14162521034569905
4 0.840860556243525 0.249341523489979 0.02536818114108108 0.0756364974927175
4 0.872382383993784 0.23747200930421403 0.025368181141081435 0.07563649749271753
4 0.31851886765884585 0.06974523251552975 0.019118181141081082 0.07545464106622682
4 0.8627313639347921 0.4669692926903089 0.04223034946188094 0.10265363855894431
4 0.8886774338271681 0.48655436698434595 0.04800946856846835 0.12622753087881228
4 0.7961088283694315 0.21231053642210274 0.024640435070022625 0.0600114974927175
4 0.8986752102963009 0.28129856565156247 0.02536818114108108 0.0756364974927175
1 0.292050566996892 0.12293006848804935 0.02514985731976358 0.07094899749271755
4 0.9369778850272414 0.33103414119924085 0.025659279569504888 0.08188649749271751
4 0.9190990262597356 0.31669049637209035 0.03249147642635144 0.09456835391920829
2 0.7799082094677315 0.5867255147144903 0.06672092721213971 0.09244356426490725