4 0.9041751386060028 0.40452017866439094 0.048347688017181055 0.12874573821317573
2 0.9172029446212747 0.2914743691110971 0.04037155601527189 0.1143193651776464
2 0.9506063379615017 0.23916485236187407 0.04693063868554468 0.14117296360606985
2 0.9834552006285927 0.23451158561265104 0.027853374681726707 0.11217466832079959
4 0.9042922225891399 0.5286661540572851 0.02778064934754454 0.1059246683207995
4 0.7786462379058225 0.6571079853222008 0.026036336012090367 0.09022689371369381
4 0.8052354625636866 0.7206781796978483 0.018078385343726834 0.07736302067816432
4 0.7894468305617777 0.7354684257689069 0.02441929201145392 0.08546661910658777
4 0.8573257685789585 0.6058130049669079 0.03757382001909022 0.1422988159634347
4 0.8083968252307774 0.7174076304836365 0.02276588534372683 0.07758134449948209
4 0.8366854572326865 0.7020351875557311 0.02274770401018138 0.07601884449948208
4 0.29713096654205123 0.9036321524001462 0.01806020401018138 0.07580052067816467
4 0.8408842505967759 0.4753999129486253 0.04024428668045417 0.1033818651776464
4 0.8590893579328668 0.454250504966908 0.045204506683635515 0.127037688998964
4 0.7715144432288684 0.7331803337506242 0.022565890674726852 0.06039384449948208
4 0.8731047625716407 0.6589551215922965 0.02431020401018138 0.07609161910658777
4 0.29774913188259633 0.8505071524001462 0.024255660009545023 0.07140411910658813
4 0.9104144059118677 0.6064636683253088 0.02440111067790838 0.08390411910658777
4 0.892272933243186 0.6221443263070261 0.030778380012726814 0.09513271753501122
2 0.26927014322091425 0.8151347326316045 0.03372156667727229 0.07965326674922305
1 0.9176029339592745 0.2570993691110971 0.04794879336408968 0.22867296360606987