4 0.8839315096867366 0.5769087394421447 0.05058318787965277 0.09359688730530316
4 0.9106414396826047 0.6846446830947963 0.06584581838861112 0.14556856426490725
4 0.9350433340592715 0.7603039126408252 0.08049019984750032 0.17097774122451134
4 0.9546291354460422 0.7632159639736087 0.06399368407993081 0.200165136051662
4 0.8678499551658337 0.4562097945358519 0.049420731382639006 0.11073892319868044
4 0.9102381301277088 0.49960209336135303 0.03975479065319476 0.09796613855894432
4 0.8347646982319794 0.44353629829677566 0.04658667211208325 0.12314799498543501
4 0.8542400904244447 0.37461881373618183 0.03597517401194459 0.06975021034569898
4 0.8081463404244447 0.3732776225908127 0.039645687879652766 0.09327863855894432
4 0.8415582524685419 0.36644260088320035 0.02994337955902786 0.07894335391920829
4 0.8349984747331252 0.319408476510021 0.03637521751493082 0.08693771034569897
4 0.9033685746568754 0.40571570104148497 0.036120644376666886 0.07600021034569888
4 0.9376714926848961 0.43716192933387255 0.04233427678548622 0.07461956677218975
4 0.8888508265567363 0.35220425613519213 0.03710126291777769 0.051045674452321596
4 0.888887847358299 0.38733777408188086 0.04713087955902786 0.07944345909205772
1 0.7843295935585768 0.49047348277822717 0.05647081838861112 0.14529577962517112
4 0.3678064022604514 0.07081758300301873 0.028344511967847284 0.07733538981258556
4 0.32988948138263896 0.11889973033745169 0.03633884992375007 0.08537521034569898
4 0.8366019147969797 0.5560135662434643 0.05781511284152785 0.13596624373179383
4 0.8623831647969796 0.5567637240027385 0.044042247150208526 0.08091503087881229
1 0.7278931831300002 0.24602714931299002 0.0399002610179167 0.10421613855894432
4 0.7601601692622918 0.22354439555206632 0.03310474715020852 0.08059678213245362
1 0.40167290919430554 0.08351381129540637 0.029725174011944543 0.06956835391920826
4 0.8141404608654168 0.2953799431239261 0.026563806420763926 0.06791492570596294
2 0.7817728636945491 0.7495984301918025 0.06232077488562506 0.1282901360516618
2 0.7256124762517366 0.6847259364600087 0.05356271751493065 0.0874378155185486
4 0.7158646553945835 0.19883390056663125 0.026636541603125074 0.07103992570596289
4 0.8321273946610072 0.296684030350087 0.02649107123840295 0.06478992570596294
4 0.9185578167730906 0.4209913600544004 0.0345945119678472 0.07751724623907634
4 0.884601697282049 0.4715309176553902 0.04469686379145834 0.10904003087881228