4 0.898963017851154 0.6394631077295392 0.0740884893354817 0.1483690334984459
4 0.9315171835938173 0.6900645752645505 0.06839993145709186 0.1309632096771285
4 0.9576771361681835 0.7512760570675854 0.06574536831702957 0.11214043507002262
4 0.9793090049440295 0.7760962746025967 0.04138199011194103 0.12434933664159917
4 0.9013383179782111 0.5063423926757272 0.059495368317029576 0.11184933664159917
4 0.9312757179358588 0.5521471983000797 0.04939232622365495 0.098912688998964
4 0.8795620285156721 0.49364118547979813 0.0586609104104042 0.1242765620344933
4 0.8852590206937515 0.41755172042598626 0.05031778939195171 0.08804796360606985
4 0.8371477443853923 0.4075195949092576 0.04755681043863902 0.09415241439185813
4 0.8770146102127601 0.36964075930111573 0.051682868317029576 0.11148546360606985
4 0.8637487707643388 0.34253244974782177 0.045630289391951705 0.08782963978475226
4 0.933135078572142 0.43692245863916196 0.04343075256024882 0.0768193651776464
4 0.9571109048663837 0.4606339404421969 0.04381018415851479 0.056579639784752264
4 0.9249361707219865 0.38979274751429144 0.042065673635170955 0.053381865177646405
4 0.9116773075254546 0.4296900014432328 0.05464126834526439 0.08201628742738745
0 0.8601706175405706 0.943101606491194 0.13364549985882554 0.11379678701761194
1 0.9261009124765428 0.7575966776219152 0.07777493145709151 0.13139985731976367
4 0.4644867052052021 0.08240600909622793 0.054443847270342086 0.10538101282028159
4 0.4004319104809914 0.06617738750844071 0.04186825256024877 0.07674659057054059
4 0.4227318447100933 0.04773775661502857 0.03921368942018653 0.057923815963434724
4 0.4407383920651399 0.062600777293193 0.038925263083592475 0.07972604135632885
4 0.3587904420510225 0.07358747311658256 0.0406851841585147 0.056434090570540586
2 0.8467179783886152 0.6253427956950459 0.06776289462538862 0.12002570967712849
2 0.8660973099445289 0.6503984536767632 0.05371580517696728 0.09288101282028158
1 0.737383691839261 0.3132729811793532 0.04737479991529536 0.09102741439185813
4 0.8011584945265666 0.2578085392849051 0.04066977360693613 0.08292381596343468
2 0.7739435471432852 0.2721235963569996 0.03783319994353036 0.060976041356328815
2 0.7651453998164733 0.22808249792857618 0.029383663111827475 0.049674668320799496