4 0.9547655721396096 0.49438490524111617 0.07477634364130097 0.1316227047222643
2 0.9836964300106683 0.6305178479613279 0.03260713997866347 0.11594316256778665
2 0.990863213495399 0.6439127274498232 0.01827357300920198 0.1550602047222643
4 0.9280121403170195 0.37709741129124036 0.049298111519148334 0.10648634933607007
4 0.7789053474343228 0.2723730289740748 0.04502519970043757 0.09240566861791084
4 0.7913258569772206 0.20450881810349042 0.0345022878817268 0.07828862646343315
4 0.7732455366737787 0.1934713241536146 0.04139001666989941 0.08613748789975158
4 0.8654964227387344 0.30957811318483436 0.06642170970237729 0.14406816256778665
4 0.806647839099373 0.22958608615566717 0.0391897878817268 0.07831589754067195
4 0.8358411315230277 0.2141383481577197 0.039062242124092 0.07675339754067194
1 0.6856657883407686 0.2015514688656162 0.05475088606495575 0.1158886204133089
4 0.2608095674285038 0.11474479781181846 0.03281224212409226 0.07671703610435351
4 0.870151585016487 0.4431355017485158 0.06023561151914834 0.10654998184962738
4 0.8996158154716497 0.459705378211949 0.07152379788366617 0.13004202400410508
4 0.692394278338829 0.1500526013791735 0.03529951333591956 0.06892271682251275
2 0.8878486233572559 0.6408008421075955 0.08077125212603206 0.12853406615858276
2 0.8144910006282199 0.5935213211285525 0.0682076081851684 0.08941702400410509
4 0.7556594239466824 0.198054285024199 0.03466178454774678 0.0611102168225127
4 0.8695622983427084 0.25415936015977225 0.03906224212409235 0.07675339754067192
1 0.19556694682549963 0.19557664129415603 0.038807150608823185 0.07362839754067196
4 0.9169473524352927 0.29894514021400154 0.0428249709122646 0.08458407825883123
4 0.8964595092530336 0.2871127607255063 0.05009533697334127 0.09712043969514968
4 0.8832737251643288 0.3456019715960907 0.05449579454968649 0.11276362041330898