4 0.9318609034876382 0.43960574104835964 0.07554538708777762 0.13535531153562222
2 0.9090399752123144 0.3208359546511651 0.06480337672018521 0.11912953423772628
2 0.9275562378889809 0.2660878978959049 0.07663899538185177 0.1478553115356222
2 0.9611110316684256 0.25891574798818995 0.056854175683425726 0.11706638648947969
4 0.9607951307262027 0.5572135456441515 0.04992067049962934 0.10885336829088246
4 0.8717407755896748 0.6936738749169457 0.04556536116879641 0.09459060919158375
4 0.9159295644681468 0.7547708636581787 0.03496005183796278 0.07992733189368781
4 0.9040836753541189 0.7703260124861595 0.04189355702175916 0.08814035009228505
4 0.9351594351560637 0.6371420751015158 0.06726399538185142 0.14725453423772628
4 0.9179999123946283 0.7517960579826527 0.03964755183796278 0.08022772054263569
4 0.9459102989167579 0.7333860194259897 0.039510850801203645 0.0786652205426357
4 0.46544827672097033 0.9649653192460322 0.03326085080120365 0.07006936150793557
4 0.8765671022153232 0.5090881238372115 0.060858170499629695 0.10955427513842757
4 0.8963232361455546 0.4862711875323019 0.0722836860510185 0.1335925524363235
4 0.8861832758724987 0.7699557726651922 0.03501884043361088 0.06283996144333717
4 0.96531511833236 0.6887942126707296 0.039510850801203645 0.0786652205426357
4 0.45227504198953533 0.9161685271410125 0.03923744872768502 0.07554022054263569
4 0.9830731517674532 0.6350777297895926 0.033853696465093466 0.0866779796419344
4 0.9744659429317581 0.6513139990679242 0.05066296427907382 0.09957849784053163
2 0.4144531217727298 0.8834468622739028 0.0508584539114814 0.08405362739018116