4 0.89453125 0.3244619876928664 0.0640625 0.13498121572854577
2 0.8859375 0.2124625166320616 0.0546875 0.1188101841585147
2 0.909375 0.15484743770698384 0.0640625 0.1474812157285458
2 0.94375 0.14347032195020315 0.046875 0.11679265785015547
4 0.91640625 0.44662541402946054 0.040625 0.10861613680346807
4 0.8265625 0.6104519665755919 0.0375 0.09437162628012441
4 0.8546875 0.6502201218654985 0.028125 0.07976309471009344
4 0.84140625 0.6673999165897093 0.034375 0.08793961575678075
4 0.89765625 0.5172487271695226 0.046875 0.13398015785015538
4 0.80390625 0.5609902928698337 0.0328125 0.08003611049510884
4 0.3828125 0.9222349608903968 0.0265625 0.0781095894484217
4 0.84375 0.40476340869720157 0.0515625 0.109253173635171
4 0.85859375 0.381242608711319 0.0609375 0.1332367052052021
4 0.8234375 0.6692277270989356 0.0296875 0.06266659997176519
4 0.91015625 0.577458185076148 0.0328125 0.07847361049510884
4 0.3703125 0.8714005029837718 0.0328125 0.07534861049510866
4 0.93125 0.521542114043578 0.0359375 0.0864681210184525
4 0.91796875 0.5441906587677886 0.0421875 0.09933214206513981
1 0.83203125 0.33278969815974035 0.0609375 0.1660492052052021