4 0.909458375874258 0.48591821827963544 0.08515677088084708 0.1407685551888033
2 0.9650876984266505 0.6183055884055042 0.069824603146699 0.12263386182749905
2 0.971694234580102 0.6274321346712378 0.05661153083979613 0.1623116684661948
4 0.9871556081166688 0.5911161263728681 0.025688783766662483 0.19744368506293455
4 0.8713084152000652 0.3713578881957228 0.056868144417413904 0.11051237012586893
4 0.7138181020665446 0.28055252159433897 0.05209883118569749 0.09609467261537982
4 0.7196635810875016 0.21149486827499103 0.0395170179539809 0.08108497925407558
4 0.7008635841125637 0.20148032823303472 0.04893746974937905 0.08960787427505375
4 0.8030078670936593 0.30917627429363126 0.07896131303532465 0.14966995850815118
4 0.7377595961146162 0.2347314587318658 0.0457670179539809 0.0815585759347277
4 0.7641993762670414 0.2156504946246372 0.04419542759490121 0.07987767676456467
1 0.6158482346782977 0.2192463234591499 0.06473518657189174 0.12047936597668399
4 0.18844539734428026 0.17670790041956289 0.03950792759490129 0.07952247925407563
4 0.8209680476154266 0.4432911651654246 0.06781473477649377 0.11290366431701
4 0.8507191801289841 0.456478249398522 0.08201359016268803 0.13740675684847722
4 0.6171062076491306 0.16702097262931295 0.03947156615858276 0.07327247925407558
2 0.8580327521412994 0.6397643460791741 0.08982609016268803 0.13799875269929238
2 0.7812748094210876 0.600369036741186 0.07398292154477701 0.09931476099766208
4 0.6845073310875016 0.20883088694632299 0.03942611436318479 0.06545997925407558
4 0.801899364166793 0.2528670747085498 0.0457579275949012 0.07999607593472771
1 0.13273627370951752 0.265414280293694 0.04417724687674203 0.07675267676456468
4 0.8521129876051639 0.29337459815376654 0.04892837939029917 0.08804537427505377
4 0.8309692406302261 0.2831824593565657 0.05681360226293641 0.10113737012586892
4 0.823511264634331 0.3435279635057506 0.06316359621281213 0.11879846680652095