4 0.897674565847753 0.600194284209391 0.0835519490629281 0.13931733363936125
4 0.8801042841110107 0.7230099019374574 0.09043844655564541 0.1617025166698994
4 0.889076118829889 0.7622159231492847 0.09834187476889085 0.1654652454580722
4 0.9316584239235961 0.7454271648143349 0.09166597743445806 0.20389001666989942
4 0.9340857757977405 0.47897311738971043 0.05621655925034226 0.11058655575957417
4 0.8445649715619631 0.3359243611807926 0.05111988229073816 0.09614141848667064
4 0.8891129419367919 0.27903676133057387 0.039773205331134064 0.08118609818322886
4 0.8776526047106312 0.2619608316340156 0.047813025864247294 0.08963632697140156
4 0.9010483037735589 0.39317900966358393 0.07762019780928675 0.14974465060882308
4 0.9078091176427548 0.30256998511777666 0.04446070533113407 0.08156873545613248
4 0.9205591702291794 0.3101433690567005 0.0444152412245117 0.08000623545613247
1 0.7959623355103012 0.28037573390982873 0.0627848079967011 0.12203423879011233
4 0.45040081677218974 0.021883696885842758 0.03972774122451135 0.043767393771685516
4 0.8520545257977403 0.48566926966552354 0.07014266693047447 0.10704696757828494
4 0.8684213233696003 0.5368013349679954 0.06876202335696498 0.11316942182065048
1 0.8030497583132703 0.17407793648520425 0.05143813103709709 0.10707891848667059
4 0.833836757059629 0.18252829421133082 0.04450616943775678 0.08313123545613244
2 0.7653598225116705 0.7088832422447784 0.08819398495630537 0.13813747091226497
2 0.7210582415537158 0.6396707277009109 0.07460284639736088 0.09961710485118865
4 0.8596156585506971 0.26108385784681276 0.03931856426490725 0.06556109818322886
4 0.9366759152146147 0.35268168435917235 0.04446070533113407 0.08156873545613248
1 0.32604332594338975 0.09006805104846846 0.06094952335696498 0.11253169303247781
4 0.9516848012662766 0.41097254541927875 0.047767561757624574 0.08807382697140151
4 0.944866499933493 0.3919514784498169 0.05750627461060631 0.10133910151720871