4 0.8525671852721391 0.5208038709413599 0.05011018268618095 0.14770391848667064
4 0.8688654419557746 0.397015555638888 0.057904501352635404 0.14677914727484326
4 0.8943836099618199 0.35452503776104055 0.07069540268936265 0.17279951333591956
4 0.9458824752944108 0.36420279776298026 0.052309029360271354 0.2025189642443051
4 0.8470700685869128 0.6572037565472735 0.04187951201463562 0.11112868969849785
4 0.8733876679265034 0.6132145115482434 0.033939742679817544 0.09955346091032524
4 0.8133581399188674 0.664617772758131 0.038899962682999244 0.12337359818322877
4 0.8396928259070953 0.7535685735167355 0.03691929201145392 0.08730855242559432
4 0.7695621392425496 0.7322040144231814 0.03386701734563573 0.09330346091032524
4 0.817145663908368 0.7423441600310346 0.024346566677272106 0.08003818636451801
4 0.8089786279042317 0.772175181242862 0.03224997334499946 0.08848841515269079
4 0.8808269032463677 0.7131347632152334 0.03210452267663584 0.0759884151526908
4 0.8998768952498676 0.6888840623068477 0.03833634134309065 0.07493609818322895
4 0.8630212379058225 0.7648567598812535 0.033376121339908596 0.05111596091032524
4 0.8650019085773678 0.729046805638888 0.041515885343726924 0.07987868969849785
1 0.7541382285964577 0.5792385110892015 0.046985182686180946 0.14744882697140155
4 0.37805370253823317 0.966509252355553 0.027580654678544824 0.06698149528889416
4 0.31564460920596044 0.9632727465210881 0.02274770401018138 0.07345450695782389
4 0.3388275705363242 0.9747443282639384 0.024328385343726742 0.05051134347212312
4 0.28017073321136926 0.9221610109200234 0.030651110677908554 0.08523586939505634
4 0.8005683332670486 0.5540948609394203 0.05000109468490814 0.13832891848667045
4 0.8203632126034573 0.533032932909852 0.047021545353271764 0.15057382697140156
1 0.6620394458943685 0.832905902904033 0.03710110534690845 0.10293355242559424
4 0.7296263878899142 0.8712666433611354 0.029052248010817648 0.08198332363742153
1 0.3394002825430057 0.9395077497101358 0.035574968013999356 0.10593100666796004
4 0.7897831852323682 0.8089258821512475 0.021094297342454205 0.06884559484924893
2 0.7503881619589564 0.3638845780586633 0.05614200668363552 0.12946410151720872
2 0.6981620432845477 0.4167068180567236 0.04941929201145392 0.08832891848667064
2 0.7016013852244141 0.8603770697237134 0.022584072008272393 0.06272314060688373
4 0.6848496898870506 0.8887253392685508 0.02269316000954511 0.07209814060688373
4 0.7993218172342773 0.7956286566970548 0.02262043467536312 0.06584814060688356