4 0.8772331030485032 0.4885337328017824 0.05992042154477702 0.0982491684661948
4 0.9214916422761146 0.5387831091514286 0.08052381303532456 0.1497883576783142
4 0.962607000785567 0.5919206871607487 0.0697499394987581 0.177084563487173
4 0.9836007568356913 0.6107065759579496 0.027707885244031873 0.1988877858927715
4 0.7874171450065892 0.3426040809323271 0.060011325135573126 0.11387416846619489
4 0.8521154492613153 0.3725176464940926 0.050563602262936415 0.10066377344521679
4 0.7639887353656688 0.3392655933798817 0.060074957649130664 0.12481166846619499
4 0.7503307563447118 0.2686687508484146 0.036337475799503235 0.07147318091374952
4 0.7087654250608185 0.29287492283909444 0.048973831185697494 0.09585787427505377
4 0.7216563105012421 0.22663461620039857 0.0379545179539809 0.08096658008391255
4 0.7037284671171002 0.21824177574352382 0.045812469749379046 0.0893710759347277
4 0.8010710997288536 0.27954797387871283 0.04418633723582168 0.07831517676456468
4 0.8439625816766767 0.2960852010581959 0.05043633723582168 0.0787887734452168
4 0.7653790394240032 0.23463729296496325 0.04093407220870695 0.056203378424238615
4 0.7800318918833312 0.26857458508151194 0.05359769867214013 0.08527557178554286
1 0.6935671510567134 0.35268763072254566 0.07114881303532491 0.1490779626573361
4 0.18655005747617995 0.17748915041956287 0.03794542759490129 0.0794040800839126
4 0.1612728015242516 0.2232510136969545 0.04580337939029935 0.08780857593472771
4 0.8032188861277947 0.44775352221903886 0.0726658612399266 0.14138386182749904
4 0.8343416211006801 0.47199650562229933 0.052044289031219645 0.08671967261537983
1 0.5827756176828345 0.18484709005588945 0.052162463699254855 0.10703217261537978
4 0.614934132709949 0.16539927304423144 0.042651108313060605 0.08288427759440165
4 0.6756307381943392 0.21142309068058934 0.03320338544042354 0.06967388257342348
2 0.834077479806524 0.6517432052073808 0.07574540944452864 0.1338081601678251
2 0.7569246273471959 0.6130699462843111 0.06145565046753809 0.09368006763635783
4 0.5416420784552229 0.13483451204656932 0.03478406615858276 0.07291728174358654
4 0.6943034701421624 0.22612513072254564 0.03319429508134384 0.06811138257342349
4 0.8197801931129952 0.2880000139206691 0.042642017953980996 0.08132177759440165
4 0.8061353287498104 0.3494936209742834 0.056877234776493514 0.11207487012586892
4 0.12692909690018314 0.34961168153844946 0.07599084913967831 0.1759956601678251