4 0.9379496877561098 0.5173869746362161 0.06861306699689215 0.13270470364722228
2 0.9668088959854961 0.6343387385039245 0.058510320925833526 0.11686149810013902
2 0.9863378761359012 0.6812325755098967 0.027324247728197547 0.1434603656913195
4 0.9168665922231704 0.39983579872441044 0.044011173283197993 0.10715918977951393
4 0.7736366689399722 0.2903672669049312 0.040231201819245756 0.09302395459715278
4 0.7900022235308674 0.2228531117946882 0.030201230355292808 0.07874324905006949
4 0.7722689139775734 0.21073431829170203 0.036815103390822126 0.08670121941479166
4 0.8589770095105127 0.329812933033091 0.05982026385373871 0.14498649810013892
4 0.7932727727450791 0.22605084697704925 0.03488873035529281 0.07885235182361114
4 0.8334440084770554 0.23400947055215346 0.03481595574818712 0.07728985182361114
4 0.2628703351938571 0.11459440254479188 0.03012845574818703 0.07718074905006947
4 0.8558606257216164 0.4639697274860076 0.05494867328319834 0.10741376291777768
4 0.8847497590962279 0.4810305941272577 0.06541529238978612 0.13106946846486114
4 0.7545548751024439 0.21578484099312564 0.03252570967712849 0.06162848423243057
4 0.8658048982618076 0.2753436385801743 0.03481595574818712 0.07728985182361114
1 0.2583498091390092 0.16833699838447935 0.03467040653397531 0.07416485182361114
4 0.9101028618678775 0.3216380635420494 0.03830482878371626 0.08517508700597229
4 0.8907706650110306 0.30870165244788267 0.04506425103345748 0.09625805737069451
2 0.23416960049533805 0.20211193313000023 0.04597177956950453 0.08223192496187506