4 0.868882856491194 0.3023625620891782 0.06537675103345748 0.10028678454774687
4 0.9438336606678046 0.37937173011680686 0.0910702638537387 0.15063747091226487
4 0.973741522745079 0.42286676753949165 0.05251695450984215 0.17774210485118863
4 0.9957256846557379 0.4374873769326082 0.008548630688524383 0.1976083236374217
4 0.7939491689399721 0.20888337118273234 0.06759422249741007 0.1144768303053814
4 0.8606294007430071 0.22618269936208185 0.057637025640563166 0.10121155575957419
4 0.7743451443328663 0.20891519315316404 0.06810364474715094 0.12541433030538143
4 0.7508669489237615 0.14260453800241296 0.04226458271265763 0.0719386439408634
4 0.7168579760120667 0.18694434042800728 0.055856201819245575 0.09639651000193972
4 0.7186152210496679 0.10681043027628641 0.04270123035529281 0.08131364394086339
4 0.7003189853176917 0.10124595648908359 0.0524401033908223 0.0898914184866706
4 0.8019029100486319 0.1439280508792906 0.04880568114108108 0.07869882697140151
4 0.8461987196019258 0.1520755196655236 0.05505568114108143 0.07920901000193963
4 0.7625107702638797 0.10636414906251943 0.04466183664159917 0.05656873545613248
4 0.7803725124059968 0.1362749186073568 0.06003427956950454 0.08584164727484325
1 0.7216589460282774 0.25634804467037275 0.08169526385373889 0.1498721963664577
4 0.1838956186923031 0.15986985226611478 0.042628455748187036 0.0797511439408634
4 0.16271413151258468 0.21022053863063278 0.05080482878371626 0.0882013727290361
4 0.8191011803125117 0.31113152633348334 0.08133139081820957 0.1420596963664577
4 0.8411388461521117 0.29600086284778265 0.05698205417661058 0.08714905575957417
1 0.5804966368892682 0.10475320694812554 0.05949062406898662 0.10758910151720871
4 0.6077290709258334 0.06645611043188662 0.04746150496239867 0.083258781213767
4 0.6712307987999269 0.09969930300532248 0.03750430810555194 0.06999350666795978
2 0.8666975800220612 0.5080066552714373 0.08409251778268043 0.1345022878817268
2 0.7871534751834972 0.48391519315316406 0.06821065260503403 0.09429187606301603
4 0.5318557756405632 0.053828306798344314 0.03921235731976367 0.07324605242559432
4 0.6913442456567738 0.11060498103489078 0.037358758891340216 0.06686850666795978
4 0.8217252584770554 0.1485837289088589 0.048878455748187125 0.08026132697140151
4 0.8175686054577369 0.2108764348182143 0.0643964478903043 0.11265923879011233