4 0.8673841674967392 0.5485043259115058 0.0686130669968918 0.13598596680652086
2 0.8558943957851175 0.6614779225921579 0.058510320925833526 0.11965057178554268
2 0.8775296472328596 0.7151114854546309 0.06755998924663302 0.14680506763635784
2 0.9114679995902243 0.7218817037110444 0.05062504631872784 0.11749607593472752
4 0.894190724154549 0.42424968711430494 0.044011173283197993 0.10920997925407558
4 0.7968341887940762 0.291498231930146 0.040231201819245575 0.09491068091374952
4 0.8370996238640988 0.22928165184623345 0.030201230355292808 0.08013778589277136
4 0.8245825072387103 0.21388179479261912 0.036815103390821946 0.08842388257342348
4 0.8636000037240535 0.3456044688578914 0.05982026385373871 0.14777557178554285
4 0.8400790746498871 0.2321698535059074 0.03488873035529281 0.08049298340326043
4 0.8688568920610639 0.2494515192728099 0.03481595574818712 0.07893048340326043
4 0.3723437268406362 0.033951546053629975 0.03012845574818703 0.06790309210725995
4 0.8123927605484791 0.47560054479261915 0.05494867328319834 0.1100387734452168
4 0.8331761414418913 0.4973804564103368 0.06541529238978612 0.13418666846619481
4 0.8066137572387102 0.21524338524949393 0.03252570967712849 0.06318708423309749
4 0.8909287911514412 0.29371008213528305 0.03481595574818712 0.07893048340326052
4 0.36209327750258996 0.08155119501168936 0.03467040653397531 0.07580548340326047
4 0.9164702925991831 0.34704764707234864 0.03830482878371626 0.08697978174358649
4 0.9024270632773476 0.3309849391888974 0.04506425103345748 0.09839087842423862
2 0.3262263980569199 0.11618722675527589 0.04597177956950462 0.08444677759440164