4 0.9376222020241334 0.44111757067153035 0.06385279238978611 0.1327173247398008
2 0.950914106491194 0.32294742480997324 0.05382282092583353 0.11816350180902227
2 0.9773791181755744 0.2733258830868592 0.04524176364885122 0.14513543758467104
2 0.9991909789075507 0.2721794629150427 0.001618042184898627 0.1147994843961678
4 0.9321791848606257 0.5596595307574386 0.03932367328319834 0.10805151741285464
4 0.8021899319651414 0.6776802696761621 0.037033427212139716 0.0923446302577247
4 0.8271942400706933 0.7437213495043455 0.02707623035529281 0.07935330732694616
4 0.8105889369275403 0.7571221082107729 0.035252603390822035 0.08757524310259512
4 0.8823290421803893 0.6327561940318501 0.055132763853738706 0.14628850180902225
4 0.8301736908564816 0.740432575194086 0.031763730355292806 0.0795989687923356
4 0.8696535678209523 0.7305319527382774 0.03169095574818712 0.07803646879233561
4 0.31375678638942095 0.8849703850074231 0.027003455748187032 0.07779080732694652
4 0.8620443132728383 0.4998994284280179 0.051750898676092304 0.10714411465389251
4 0.888587542594674 0.48127890321324723 0.06065501778268043 0.1309910504295413
4 0.7931831131062227 0.7533353669172002 0.02940070967712849 0.06232958163720568
4 0.8958136534290941 0.6868704839459419 0.033253455748187125 0.07811835594746519
4 0.3136261997478218 0.8317225542747286 0.033035131926869445 0.07343085594746519
4 0.9350366652159184 0.6378254743350034 0.03517982878371626 0.08601274310259513
4 0.9169052493763182 0.6520893701965604 0.041939251033457484 0.09727779172311415
2 0.28070238378438706 0.7974227973773236 0.04433650496239867 0.08181656603337366