4 0.8758611224564123 0.7206824338764705 0.08515677088084708 0.13781301779449712
4 0.8515610801055431 0.8399762619373602 0.09152494554888194 0.15838018577927465
4 0.8580428842620732 0.8800746799221377 0.09935562626704134 0.1618235207602467
4 0.9017247065689761 0.8701386058155807 0.09332379488495235 0.1990688527754692
4 0.9189338907049809 0.6060588597699134 0.056868144417413904 0.10854201186299797
4 0.8383555355151783 0.4496868429639994 0.05209883118569749 0.094288510874415
4 0.885711803665551 0.40006618634792834 0.03951701795398108 0.07971667490485981
4 0.8754510145361353 0.38168360087266484 0.04893746974937905 0.08791117688202617
4 0.8910674450579028 0.5151009373365115 0.07896131303532491 0.14693334980971962
4 0.9030447494108248 0.4257665233060667 0.04576701795398073 0.07997134288963732
4 0.9155992915653025 0.4356508592756218 0.04419542759490121 0.07834517589344295
1 0.7934697615110732 0.3869348335724593 0.06473518657189174 0.11823534684397004
4 0.46585225897699045 0.05803526486592866 0.0395079275949012 0.07815417490485979
4 0.8368844599868215 0.5995913424697079 0.07090337334017534 0.10442751482874754
4 0.8504747821955286 0.6532575119373603 0.06937723477649378 0.11061384783255335
1 0.8069232074527388 0.2828203365382088 0.052162463699254855 0.10522601087441492
4 0.836678885145836 0.29574875946590223 0.04421360831306061 0.08147017589344294
2 0.7381207488216497 0.8080166547132668 0.08982609016268786 0.13487901878308045
2 0.693153161585828 0.7312021453217266 0.0645806504675381 0.09167284684397004
4 0.8574595386384363 0.3770451804164293 0.03942611436318479 0.06409167490485981
4 0.9291396167990715 0.4807232787432742 0.04575792759490156 0.0784088428896375
1 0.3342437106741927 0.12531165368750258 0.0615647347764936 0.11029551285158128
4 0.9318151649054777 0.5378500292375656 0.04892837939029917 0.08634867688202626