4 0.8816849649796594 0.6292002667756306 0.07107118676785759 0.09570338544042371
4 0.9409034560824108 0.5873672907797356 0.0996073636498842 0.144295421544777
4 0.9702010479462839 0.5454343208339649 0.059597904107432244 0.17076701795398092
4 0.9900042119767288 0.5314899955019999 0.01999157604654229 0.19240566861791084
4 0.7907482416714051 0.755203709692234 0.07476918973360736 0.10978406615858276
4 0.8572354047132669 0.7384070951326576 0.06325868676785795 0.0956579336450254
4 0.7672470746752108 0.7535048543060399 0.0767136917107738 0.11916815651766229
4 0.7481415890096668 0.8213463392789251 0.04655134783255317 0.06900453005422946
4 0.7135145796181266 0.7766241917382531 0.06150518577927464 0.09096134328594588
4 0.7159803464240406 0.8563071465587132 0.04843218281352506 0.07682612041330898
4 0.697453180910721 0.8616668122497579 0.0581891847906915 0.08625566256778683
4 0.7988591720134723 0.8200792759490128 0.05305601581733086 0.07529089149054764
4 0.8431039205305975 0.8133071011827818 0.05936968281352506 0.07688975292686635
4 0.7597621799221377 0.8573429266129426 0.04747717787060921 0.05338862041330898
4 0.7773025069944444 0.8277645109218981 0.06424818380210837 0.08160452400410527
1 0.7065350677551285 0.7203469206610142 0.09166752965749528 0.14112496974937905
4 0.18087583456104248 0.7969573341125636 0.04836851581733077 0.07526362041330899
4 0.16005665718472475 0.7460669998036084 0.05649935079830275 0.08312157220870695
4 0.8155161369187697 0.6538093813352069 0.08985036167271758 0.13486587939029934
4 0.8392401384016445 0.6609769867214013 0.06274935079830257 0.0831579336450254
1 0.5795480979069153 0.8625429901392468 0.06507585475263547 0.10191702400410492
4 0.6043226048269975 0.8954918455254411 0.053247016805913996 0.07997839149054756
4 0.6685787644088181 0.862279890606785 0.043299013840164415 0.06586134933607006
2 0.8638077623944707 0.4588241342620732 0.09272069368794007 0.12863406010845857
2 0.7842621838392894 0.4810122307694728 0.07237901878308044 0.08946247579950324
4 0.5290188572984554 0.9067697131100797 0.044988847832553344 0.06899543969514994
4 0.6884774289335546 0.85224181527482 0.04167284684397003 0.06428975897699055
4 0.8189806710248891 0.8155099506170476 0.05311968281352506 0.07685339149054764
4 0.8101521576790163 0.7521923391807293 0.07151685574121851 0.10664088544042354