4 0.859806640077951 0.5990421522159839 0.05948518268618095 0.1454321719450391
4 0.8683014874283593 0.7250279906957859 0.06573518268618095 0.14561402837152998
4 0.8899224961011771 0.7709542561351922 0.08166926535645339 0.17263116943775678
4 0.9414668147676316 0.7708920716537406 0.06637152936027135 0.20030152837152998
4 0.8644657733927245 0.4625052586424746 0.049710193348181164 0.11078438730530316
4 0.8876765540658607 0.5108207381885035 0.04018974267981754 0.09801160266556704
4 0.8315078227243611 0.4490505124033984 0.046730644016544434 0.12319345909205777
4 0.8633385307129069 0.3656302586424746 0.04316929201145392 0.08560253087881246
4 0.7923629593809525 0.3737178917911426 0.04013519867918127 0.09332410266556704
4 0.8399919373806342 0.3727607970431344 0.029034066677272107 0.07894335391920819
4 0.8341595607097252 0.341351672669955 0.03693747334499946 0.0869831744523216
4 0.9013748800524976 0.41281514720141904 0.03681020401018138 0.07604567445232173
4 0.9188714627227702 0.4398777523742684 0.04304202267663584 0.0746650308788123
4 0.8882476240451798 0.3585451843484375 0.036519302673454136 0.051045674452321686
4 0.8870942040499523 0.39365597024181487 0.04623974801081765 0.08100595909205772
1 0.7754674554025878 0.5325473225116705 0.05636018268618095 0.14534124373179386
4 0.42085794000636334 0.05910484468150121 0.03228633601209037 0.08997178213245363
4 0.358403393340227 0.06119253041659398 0.02899770401018138 0.07581835391920826
4 0.38164998933799976 0.04546824201593419 0.02892497867599957 0.06956835391920826
4 0.31977724534531765 0.09755592775102695 0.03691929201145401 0.08542067445232168
4 0.8108873347389967 0.5562265149106808 0.057831776018453594 0.13757420783841656
4 0.829137895408951 0.5809681021368416 0.056396545353271675 0.14846624373179385
1 0.6933522000318166 0.25447013512722505 0.04336928668045381 0.10279003087881237
4 0.7703232326941352 0.22468935840504778 0.03373974801081765 0.08064224623907626
1 0.37983349801081767 0.09071254585600017 0.041824968013999354 0.1043070667721897
4 0.8180800273710892 0.3018345316037282 0.025781797342454026 0.06791492570596294
2 0.748161710097041 0.7363710044858396 0.06397268801718106 0.12838106426490725
2 0.6990242287555414 0.6748053671805364 0.05412497334499946 0.08748327962517113
2 0.7337317520289532 0.23455845189941477 0.027289753341817758 0.06327288981258557
4 0.7193056253580443 0.20289927493981064 0.027380660009544932 0.07108538981258557
4 0.8268374093729982 0.3161470841901529 0.025763616008908842 0.06635242570596293