4 0.8618794071076051 0.29417202342199483 0.08115388939893542 0.138140462657336
2 0.8526953389301951 0.1784053134639511 0.06894093182258984 0.12168666846619489
2 0.8784445090838557 0.11977567466675029 0.08204670970237729 0.1490779626573361
2 0.9129948522661149 0.10551134250824527 0.060873340307320944 0.11796967261537979
4 0.8782860439214668 0.4070621871143049 0.05398561151914834 0.1096835759347277
4 0.7716379469461858 0.562662836909168 0.04971269970043757 0.09538427759440164
4 0.8084525496713425 0.6157752588998477 0.0376272878817268 0.08049298340326061
4 0.7953307963373627 0.6338507526760704 0.04607751666989941 0.08889747925407558
4 0.842556095888019 0.4928463217623209 0.07436175546001174 0.15004846680652087
4 0.8118964140654288 0.6116322105595218 0.0423147878817268 0.08084818091374953
4 0.8478657360358607 0.5894961788159352 0.04218724212409199 0.07928568091374952
4 0.3287021793582025 0.9192162157576138 0.03749974212409226 0.07893048340326062
4 0.7986621878623301 0.3742748431329452 0.06648561151914834 0.11063076929603195
4 0.8210154199844826 0.3477356539208259 0.07790134364130097 0.13634116431700996
4 0.7772345005797282 0.6367748431329452 0.037786784547746775 0.06342388257342346
4 0.8667271774013485 0.5391526366993864 0.043749742124091995 0.07940408008391256
4 0.3187849164813249 0.8695005582890811 0.04193215060882318 0.0761606809137497
4 0.8956013475550091 0.4802861995618596 0.04594997091226496 0.08733497925407559
4 0.880853321342212 0.49926134250824533 0.05478283697334092 0.10042697510489056
2 0.2794193986034775 0.8476381362984011 0.05363492515463033 0.08636447510489091