4 0.9185180214035423 0.48532229783878017 0.059321550684271786 0.1317063569862416
2 0.9409026460852689 0.5955231878573136 0.049782918682362974 0.11731647477225646
2 0.9750024630410437 0.6418699090013731 0.04999507391791269 0.14415179328391084
2 0.996568654041998 0.6411060171687412 0.006862691916003883 0.11455357332097763
4 0.9084788553866794 0.3614036482015999 0.03561133068109044 0.10745040145127885
4 0.7720317307049529 0.255185908453219 0.03386701734563573 0.0917708377489479
4 0.7931249333624987 0.18723451662058693 0.024346566677272106 0.0789434555349628
4 0.7757919826941351 0.17533471734622635 0.03224997334499946 0.08702877404661713
4 0.8545356953771343 0.292946314080849 0.05011018268618095 0.14544147477225655
4 0.7962862960295896 0.19025038921592524 0.029034066677272107 0.07910714664195542
4 0.8253289060311804 0.2009597107228044 0.02901588534372692 0.07754464664195541
4 0.27304769601368123 0.09128716579443108 0.024328385343726742 0.07738095553496285
4 0.8490498587284971 0.42600435074133786 0.0480931493475449 0.1063244110699257
4 0.8695714440642697 0.4432637726110368 0.0561783693507266 0.13003472958158002
4 0.7586590266947715 0.18062241807186577 0.027271572008272217 0.06186508293962456
4 0.8648368487030439 0.237876868164533 0.03057838534372692 0.07759921034428627
4 0.2783442706874536 0.14346722468743853 0.030523841343090476 0.07291171034428627
4 0.9067885387094071 0.28330593005276533 0.032231792011453916 0.08546627404661714
4 0.8878839973742707 0.27067944448073555 0.038609061346272 0.09662202885594055
2 0.2530175540260897 0.18343002577589762 0.04155224801081765 0.08110615626060227
1 0.9444276354232686 0.6297890604526519 0.06671697469763486 0.23036211179556504