4 0.871179183243186 0.597462966783299 0.07810791335136287 0.13861405933798815
2 0.8503570585614593 0.7098804564103368 0.06698860001590816 0.12216026514684693
2 0.866871849220278 0.7663905655385437 0.07823518268618095 0.14955155933798814
2 0.8995298078851416 0.7771854329651201 0.05913973734881743 0.11844326929603195
4 0.9085075552594125 0.4752085358695495 0.051236330681090084 0.1100387734452168
4 0.8243427352800934 0.3293767402285158 0.04638519867918127 0.09562107593472771
4 0.8695012412874112 0.2720961138788696 0.03528406667727211 0.0807297817435865
4 0.8579915766231838 0.2550153576550923 0.043187473344999464 0.08913427759440165
4 0.8852705972708665 0.39266872300707634 0.0704226826861806 0.14895956348717299
4 0.8717995379535477 0.2758247651236251 0.04153406667727211 0.08120337842423861
4 0.8942103399506841 0.2952017271562612 0.03995338534372692 0.07952247925407559
4 0.4299414913271821 0.02613858474594008 0.03526588534372692 0.05227716949188016
4 0.8307365439210945 0.5177880447926192 0.06375451201463563 0.11254846680652086
4 0.84217348325114 0.5411188010163965 0.07496473201781732 0.13681476099766207
4 0.840050098623502 0.2540331981119671 0.036664753341817756 0.06522318091374953
4 0.91628478727723 0.34348493918889733 0.04153406667727211 0.08120337842423861
4 0.41450684798695514 0.06459957073663562 0.03991702267663584 0.07639747925407558
4 0.9374870779360485 0.399639850806615 0.044731792011454274 0.08769017676456467
4 0.9244240039385938 0.38189624375300074 0.05268974267981754 0.10078217261537974
1 0.8261570372374589 0.6430248431329452 0.0784533586887263 0.16830155933798813