4 0.8161941195070209 0.5844653225493202 0.0886698636498842 0.14712435079830274
4 0.8907723082520451 0.47691280772057254 0.0933573636498842 0.14731535178688587
4 0.9294183141835444 0.4472597998119071 0.10856586958138337 0.17601335475263546
4 0.9524910582520452 0.4743979613708941 0.0610197075281043 0.1959146778706094
4 0.7456667608000528 0.7074518363894846 0.07008168973360754 0.11204901384016441
4 0.7906264337277463 0.6759816604960417 0.06019735376405215 0.09916701186299814
4 0.7115782622829275 0.7018212603057613 0.070527358706968 0.1229865138401646
4 0.6930736600017501 0.792269846769608 0.0581891847906915 0.08816584486680376
4 0.6386700028913875 0.7492493586326061 0.0568813527754692 0.0943521778706092
4 0.6774314139560828 0.774188350229649 0.04530718281352506 0.07828150889724875
4 0.6553508255150697 0.7992666046782734 0.053501684790691506 0.08797484387822045
4 0.7493700809522771 0.7696971684047071 0.04993101581733086 0.0769100098858317
4 0.7788493339180267 0.7544568289751108 0.05624468281352506 0.0787271778706092
4 0.7086840725493202 0.8111325933095669 0.04591467787060921 0.05490767589344294
4 0.727144912473208 0.7791822563514286 0.06112318380210837 0.08360567885919253
1 0.6984017830431742 0.6040840972638996 0.08548119665368965 0.145434516805914
4 0.1639299880626398 0.8387892914833124 0.050440351786885926 0.0894100098858317
4 0.11379999547701362 0.8057340523577272 0.04368101581733077 0.07665534190105419
4 0.12271473905122296 0.8357889668824636 0.04524351581733077 0.07671900889724839
4 0.10183850635142855 0.7547445553234768 0.053438017794497125 0.08641234387822046
4 0.7525308675298547 0.5964188358951931 0.08516286167271758 0.137622016805914
4 0.7803202865032153 0.5843671634617912 0.0856085306460784 0.148559516805914
1 0.503501824032195 0.8124735533091293 0.06351335475263546 0.10398184585538672
4 0.53577581315778 0.8626353793928526 0.05012201680591381 0.0815975098858317
1 0.15008766395608278 0.7956759614452562 0.06357702174882984 0.1055443458553869
4 0.6207384035759594 0.8256354450964528 0.04023768083635879 0.06871550790866543
2 0.8066148255522508 0.3984469095074584 0.08803319368794008 0.13149935079830274
2 0.7247454016359741 0.4361007598114696 0.06925401878308027 0.09173651384016442
2 0.5155415676064043 0.842401133841477 0.04004667984777566 0.06402800790866543
4 0.48662073015397433 0.863078389772976 0.04186384783255335 0.07034167490485999
4 0.6351192385569314 0.8172499421307033 0.038547846843970036 0.06552684091247096