4 0.8588362631136934 0.5970573850711798 0.07247338217054278 0.13274107123840295
2 0.8397184184200792 0.7371375244138534 0.062097086674049604 0.11689786569131932
2 0.8578979194998133 0.7577766795240964 0.08491282541528307 0.15643314437666672
4 0.9013871036452545 0.7364822545622214 0.07209145280546388 0.19981946846486132
4 0.885045914562568 0.48021472397701304 0.047433809376153845 0.10719555737069442
4 0.7926452683554808 0.3396098674037493 0.04340764342930985 0.09306032218833335
4 0.8354626264673304 0.2801069276242354 0.03313147748246621 0.07877961664125
4 0.8232327367386482 0.2640098021492701 0.03988212523071262 0.0867375870059723
4 0.8574902159191573 0.3989471933918048 0.06389941856773759 0.1450228656913195
4 0.8466609423218892 0.30012848689479094 0.03781897748246621 0.07888871941479163
4 0.8688165445736427 0.3074136568226729 0.03771884793281686 0.07732621941479163
1 0.7373953662882975 0.26444751966420077 0.05272208667404978 0.11667966014423614
4 0.37925790098744916 0.04655869016076357 0.03146884793281668 0.07718074905006947
4 0.8018236019472116 0.5250564049228118 0.05837130937615385 0.10745013050895835
4 0.822146593927647 0.548766008646284 0.06924825262089351 0.13110583605604162
4 0.7750140846714649 0.18868380024940906 0.036356607032115386 0.08041485182361115
2 0.7311642412144683 0.7147014395920828 0.07852312307124443 0.1297615416031249
2 0.6830259322997398 0.6502947538966314 0.06664488433001133 0.09048083605604162
4 0.8053140515134729 0.26364677944784654 0.03359255243632368 0.06162848423243057
4 0.8864756115079355 0.3483471281373256 0.03771884793281686 0.07732621941479163
1 0.2636445905315611 0.1342788553389928 0.0506589389258032 0.10883079255305557
4 0.9102647624953846 0.40317944529166583 0.04134449568106326 0.08521145459715278
4 0.8965224375415272 0.3863374374078812 0.04839553207825773 0.09785692496187508