4 0.8784452291015283 0.5491353176064043 0.053744555470833434 0.09585101087441501
4 0.937273408813056 0.45602730475482306 0.07209581838861112 0.14655134783255316
4 0.9696436188254516 0.39112254635186605 0.06071276234909675 0.17311384783255318
4 0.98281576605191 0.39526887688421375 0.03436846789618002 0.20015650889724856
4 0.8255040266885769 0.6599892459713053 0.054108231382639004 0.11147601087441501
4 0.8788102114340978 0.6320114846025987 0.044442290653194404 0.09859400889724856
4 0.7910926590973963 0.6598274198875819 0.051274172112083426 0.12384867688202625
4 0.7865337520872923 0.7327383378723594 0.039136541603125075 0.07184050790866543
4 0.7431831423798965 0.7180829302677052 0.04433318787965277 0.09390650889724857
4 0.7725258034740632 0.735655090838109 0.03306837955902786 0.07939833992388792
4 0.7516509122315285 0.7795151787848303 0.041062717514930645 0.08752917490485981
4 0.8433286127446188 0.7202582425112641 0.03924564437666689 0.07652800790866543
4 0.8843348192416325 0.7013835671121127 0.04549564437666689 0.07678267589344294
4 0.8123338390932645 0.7660946659332492 0.038700130508958354 0.05309050790866543
4 0.8232888696784728 0.7328046634617913 0.050292247150208524 0.08166117688202626
1 0.7583515878589935 0.5970382598114696 0.06272081838861113 0.1461693458553869
4 0.2380436603316674 0.8536184540308824 0.03303201196784729 0.07783583992388791
4 0.21789350807121596 0.7942262079852151 0.04102634992375007 0.08596667490485962
4 0.8277003466927088 0.5527669949827221 0.06410148043270851 0.13842051285158127
4 0.8521554860353824 0.561936406541709 0.04720361474138883 0.08309634288963733
1 0.628831661281598 0.8111073714841874 0.04615026101791671 0.10490767589344294
4 0.6514885644919799 0.8438097835374659 0.03782861474138901 0.08271434091247087
1 0.27323627792284794 0.8537484466165086 0.0328501740119445 0.07002333992388791
4 0.7246344705521535 0.7946918512182323 0.029688806420763925 0.06833350593149898
2 0.8370350598392363 0.3490689920169725 0.06860714247680591 0.1307990138401644
2 0.7645249334143406 0.39190509083810887 0.058286585106111136 0.08979201186299815
4 0.6024152848567021 0.8520652939175892 0.029761541603125073 0.07145850593149916
4 0.7419492571212855 0.7994602642600939 0.02965243882958326 0.06677100593149898
4 0.8610791571975354 0.7101510720550286 0.0392820119678472 0.07809050790866542
4 0.8456165049370838 0.6505678250207781 0.0509468637914587 0.10978617688202608