4 0.9016156744090871 0.5186992370024361 0.051758877976042325 0.09588632697140156
4 0.9614055736724529 0.6183482927620103 0.06775521857321784 0.1469066930324779
4 0.9831995381351714 0.6881345053393255 0.03360092372965724 0.17448955909355418
4 0.996606474273201 0.6853761671580364 0.006787051453597925 0.20188123545613249
4 0.846147288387273 0.4030903413945829 0.05128898441265974 0.11138378121376706
4 0.908035283191493 0.4438745801846952 0.04114915990702741 0.09968100666795973
4 0.8262336261344568 0.3960272694241511 0.047475569561953535 0.1235011439408634
4 0.8157935168478481 0.3244871092724303 0.0313699683211162 0.07091827787978708
4 0.7743379903647444 0.3537283280586633 0.04071211733238052 0.09343100666795978
4 0.7908592188253195 0.2789514686655468 0.030463032183086724 0.08016573212215264
4 0.7737427746415182 0.2674559882103842 0.037259335401395435 0.08848841515269071
4 0.8653782536062963 0.34484727775910085 0.03638525025210164 0.0759884151526907
4 0.9074236419738988 0.36847596745759875 0.04419775025210164 0.0766261439408634
4 0.8347020539746133 0.2949589770004965 0.03787134059717552 0.05280600666795978
4 0.8456995381351715 0.33003547866748645 0.04765053218308672 0.08156873545613248
1 0.7814399322027572 0.45529082805866333 0.05848947921687966 0.1477039184866705
4 0.25797602698730665 0.13446982122152568 0.03035377153942509 0.07860323212215256
4 0.23858117080279087 0.19036913485700763 0.037040814114071986 0.0853634151526907
4 0.8511786318344402 0.508367772758131 0.05939641535490949 0.13845646424430508
4 0.8756869589379622 0.5033772548802836 0.04463479282674854 0.0828761439408634
1 0.6567138117682834 0.22683137502424583 0.04158620248167466 0.10593100666795978
4 0.6898487398605413 0.2007949045710229 0.035259792826748536 0.08211086939505616
1 0.29792903763096834 0.13928473804120628 0.03136996832111638 0.07091827787978708
4 0.7465247107795477 0.2559127103305971 0.026573207677454747 0.06897314060688356
2 0.8623121458322967 0.712018931242862 0.06510011213660079 0.13115414727484326
2 0.7887764568442754 0.6601856221493079 0.0559000747577338 0.08845646424430509
4 0.6228579818147697 0.17590673275037239 0.028354228964778017 0.07222568636451805
4 0.7632423172161651 0.27281316790694243 0.02635468639013112 0.06584814060688356
4 0.8840571977900975 0.35647030397189805 0.036603771539424915 0.0791134151526907
4 0.8686778522492433 0.4142509820014664 0.046601484412659745 0.1110011439408634