4 0.8364887466184113 0.3065079192205452 0.09071700135263541 0.14737479991529537
4 0.9042115012730936 0.3907849377069838 0.0827408693507266 0.13285727360693614
4 0.9380961526098208 0.3638283245810391 0.0778533746817267 0.11539675782192056
4 0.9669478586091845 0.3668322272401099 0.057631781349454056 0.12202618942018653
4 0.7596273492998197 0.20246443230413763 0.07158519334818117 0.11347023677523323
4 0.8046762199634108 0.22248152971565402 0.060484061346272 0.09877069994353027
4 0.7283137146324107 0.20975328753757463 0.07325678134945371 0.12293624203690508
4 0.7074386879774102 0.12508986120098053 0.06037497334499946 0.08939569994353026
4 0.6483994953055466 0.16678380851367486 0.05886701734563573 0.09399219468185845
4 0.6962648306413193 0.14603939803268345 0.04620338534372692 0.07920165258848363
4 0.6562489053150917 0.09606178483615155 0.05568747334499946 0.08912268415851472
4 0.7634796026416375 0.13978242178079398 0.05087270401018138 0.07791216837349917
4 0.789179036640683 0.14531208496320844 0.057140885343726744 0.07983868942018657
4 0.7232909546467281 0.10464855858426203 0.04593066534054522 0.05576415258848364
4 0.7416955093093648 0.13324399544419985 0.061882929344363194 0.0847992052052021
1 0.7432563672820024 0.3345789822900202 0.08757382001909005 0.14563028939195172
4 0.17849607531031925 0.15902014227690145 0.05256247334499946 0.08894067363517104
4 0.12884097330522856 0.19938680801956468 0.04460452267663593 0.07598564732681176
4 0.13778925930936475 0.1684175290803695 0.046185204010181335 0.07763915258848364
4 0.11650405796468344 0.25319434748210357 0.054088610677908565 0.08590667889684286
4 0.7772501066200022 0.29824736916407546 0.08593859468490805 0.13928928413027988
4 0.8028768152848658 0.31002703234648993 0.08761018268618095 0.1487552893919517
1 0.5073568719764556 0.1437697846949772 0.06522610534690845 0.1037312157285458
4 0.5550500319860007 0.07072712684482171 0.05092724801081765 0.08259966837349916
2 0.5367358366486372 0.101461187354048 0.038172709341181485 0.0599966262801244
4 0.5034148066518188 0.07998030047999274 0.03493862133990877 0.05043961575678069
1 0.16370632196850146 0.22233918963194807 0.0636817866804539 0.10520271046687393
4 0.6256165233131827 0.1118988874387526 0.04138861600890884 0.06799113680346806