3 0.7818267121938046 0.8771747001865595 0.10350704827463027 0.12440984937994451
2 0.022848002093686957 0.3888014682564135 0.04569600418737391 0.12864706348717309
2 0.2302673821634163 0.2187929311142422 0.060696835401395435 0.09008147095570589
2 0.2864681056803127 0.18189565974361788 0.05135468639013112 0.06761447510489074
2 0.311397049864114 0.169904222606091 0.05415190445914586 0.06316377344521676
4 0.720373940073302 0.35572759790683006 0.07927187278026224 0.1334529626573361
4 0.7389000649472512 0.39084795910962916 0.06702324505632155 0.11387416846619498
4 0.73958312595923 0.4366457111842216 0.06880426634364482 0.11711756763635787
4 0.782896083384583 0.43958053441965694 0.05633711733238069 0.0944137734452168
4 0.7802027721205027 0.46698348400473844 0.05844592055068922 0.10234467261537965
1 0.40319106595565735 0.12409296990679866 0.039761622528160775 0.05741068091374953
4 0.7903372427874075 0.4887517402285157 0.07461722376899793 0.11134116431700995
4 0.6373921952690821 0.39776265517022574 0.07302187278026225 0.13297936597668397