3 0.9216851906826811 0.07510450641465 0.0780533693507266 0.131690955748187
2 0.029555518738042175 0.5246896308934121 0.048274962682999245 0.12249573821317572
2 0.21299636943026828 0.7045290264691327 0.043151110677908576 0.08477741439185812
2 0.26192476543599524 0.744460513648851 0.03820907200827239 0.06268409057054072
2 0.283191238104677 0.758321806452922 0.042842028007636035 0.05821491439185813
4 0.7385407147517233 0.5925039838744588 0.042043144016544784 0.12376713978475226
4 0.76553901941436 0.5615429282501062 0.03404883068109008 0.10777826674922295
4 0.8296191534054511 0.49289778205521306 0.03532042934436319 0.082851041356329
4 0.8041469860757238 0.5206610630724597 0.04018974267981754 0.0986943651776464
4 0.7984424260820872 0.5678271615008832 0.03686474801081765 0.08136131596343468
4 0.052157772079859964 0.5861707863939302 0.03862724267981758 0.09862159057054054
2 0.19872478409449562 0.6872152479330854 0.03517497867599957 0.07035104135632882
4 0.824903834062679 0.42354846857297784 0.037082924013363085 0.10011131596343467
1 0.22792138808876863 0.6436450303980741 0.05003745735199914 0.13975601282028158
1 0.1844799234165871 0.6050213320934852 0.04358746268299925 0.12227741439185813
1 0.1598157307447237 0.5678680885036259 0.048547682686180905 0.14593323821317572
1 0.14010266740926922 0.5531527710924492 0.051654501352635496 0.14451628742738745