3 0.9977914901513494 0.8059678651731372 0.004417019697301327 0.12809076674922296
2 0.053322543040549134 0.6005650802314584 0.05958985870696813 0.12285961124870504
2 0.17443224459997358 0.3769542599247974 0.04556185079830275 0.08477741439185812
2 0.20742381672936427 0.32546668858467925 0.039983012851581276 0.06268409057054054
2 0.22459672927693441 0.3067723465663966 0.044479511862998145 0.05821491439185813
4 0.701923233231267 0.34771860173368313 0.05522069368794007 0.13045378742738745
4 0.7372850716722802 0.373538393090012 0.045018022737412976 0.10970463978475227
4 0.8040242441056819 0.403938676588458 0.03956651878308017 0.09073631596343468
4 0.8211308310638202 0.4218903099630695 0.038386020760246706 0.10003854135632881
4 0.834857750037181 0.4334463941234693 0.038131352775469196 0.09378854135632894
4 0.7191544955885567 0.4070037105011887 0.041129018783080264 0.09080909057054054
4 0.07763679353484072 0.6040368366415991 0.050023857718384954 0.11773546360606986
2 0.16669799904859786 0.39764774958571525 0.03717634783255326 0.07035104135632882
4 0.8425057653602203 0.5063209679447869 0.04989652372599629 0.11461046360606986