3 0.9498434834499946 0.859375 0.07332950668363551 0.125
2 0.02767484540099689 0.4984375 0.0451317813494538 0.11875
2 0.19804024737427084 0.3015625 0.04002611067790855 0.0828125
2 0.2428345793682257 0.25703125 0.036628390674726855 0.059375
2 0.2637465160327712 0.24140625 0.04126134667409058 0.0546875
4 0.7291998880489977 0.3609375 0.035793144016544785 0.121875
4 0.7553084020528157 0.3890625 0.02779883068109008 0.10625
4 0.831344738064906 0.478125 0.0273079346753633 0.0640625
4 0.8255305427275428 0.4484375 0.03239542401336308 0.0984375
4 0.8389936060629971 0.4640625 0.03232269867918127 0.0921875
4 0.7963243007240428 0.42265625 0.035484061346272175 0.0953125
4 0.7903555640515431 0.3796875 0.03215906667727229 0.078125
4 0.04647884205917909 0.4359375 0.03392156134627213 0.0953125
2 0.1842050140435889 0.32109375 0.03204997867599957 0.06875
4 0.8303640407383603 0.528125 0.03239542401336308 0.0984375