3 0.9452301658874361 0.1264169235401728 0.06947722872636959 0.1266001740119445
2 0.019834735267472946 0.49169653751906245 0.03966947053494589 0.11973192496187508
2 0.18659342574818955 0.688531903875972 0.03797269867214013 0.08212282218833344
2 0.2308610553348806 0.7328079275273262 0.034720433645025486 0.060175087005972294
2 0.2518593565645446 0.7487232150463886 0.03938066256778665 0.05559668977951393
4 0.7181343172387373 0.6261669228745828 0.03352154800821019 0.1226387194147918
4 0.7448604437021704 0.5974236738245132 0.0256181444174139 0.10683188145888885
4 0.8036950882177802 0.5546536391552424 0.02708065046753836 0.08968074905006951
4 0.8162859918085765 0.538737698425798 0.030251102262936414 0.09756598423243049
4 0.8296626905789125 0.5220223239007632 0.03021474082661797 0.09131598423243048
4 0.7864575912428424 0.5636474326582285 0.033367011903856714 0.0960762194147918
4 0.7588865822658519 0.6033463655038883 0.030142017953980905 0.07881598423243048
4 0.04207178698811628 0.5559765898557638 0.03180451190385668 0.09603985182361115
2 0.17420705523668475 0.6692915946054165 0.030087475799503195 0.06944098423243047
4 0.8167632356602563 0.456706448425798 0.030251102262936057 0.09756598423243049