2 0.0548379099046837 0.30363746875041187 0.07871710957707687 0.12477390340856669
2 0.1301207333642038 0.5545902682639445 0.0577500446422687 0.08691934740221222
2 0.15252183888409088 0.6135561651796895 0.04799321509696393 0.06488070616851012
2 0.16540762256931094 0.6359805900986115 0.05106366801906326 0.06181025324641087
4 0.6359053088523188 0.7066502313356089 0.06462733603812651 0.12296594155801373
4 0.671320657472347 0.6911928267092262 0.05341710064862308 0.10715002678536116
4 0.7419058928618505 0.674340517456461 0.05001936525911965 0.09147047970746058
4 0.7600382840955524 0.6646518717585321 0.05484323295387146 0.09936480032431164
4 0.7781706753292544 0.6549632260606032 0.05317163879807012 0.09308752678536117
4 0.7231286193229002 0.676230299923865 0.056378459414921166 0.09782957386326192
4 0.6836161059302194 0.7026933883976236 0.04985572402541756 0.08209547970746059
4 0.052842987421393574 0.3731823555198871 0.05481595941492108 0.09780230032431154
2 0.1258423364484589 0.5312345888807956 0.04656708279171564 0.07266593262955982
4 0.7925974139651688 0.5891064009795253 0.05484323295387128 0.09936480032431164