3 0.9718486035650832 0.7964439958275932 0.0563027928698336 0.1321272609976621
2 0.05127740479579653 0.48968946203263614 0.052319905148732374 0.12374607593472771
2 0.2149017470868154 0.2811162549743774 0.04544827886860796 0.08589087842423862
2 0.2584473497600036 0.23387347945456827 0.039395699943530274 0.06209818091374952
2 0.2794577997741211 0.21737214107228592 0.04381018415851479 0.057765878424238616
4 0.746894470707869 0.30750358545927536 0.05424642619541977 0.13011447510489074
4 0.776839575941306 0.3366224003963409 0.04534186305535748 0.11077247925407559
4 0.7630115653473751 0.40907774085321574 0.045523873578701315 0.11389747925407559
4 0.83706371537561 0.37364788110030905 0.03956229991529554 0.09166728174358649
4 0.8500110364081799 0.3938536373240864 0.038545831485326684 0.10092388257342347
4 0.8563366311182732 0.4216234398135973 0.048375857793685736 0.10944677759440165
4 0.7236536627588915 0.36654762135204677 0.04112479991529554 0.09178568091374953
4 0.06913973898254612 0.5134462707459244 0.058933926195419775 0.13046967261537984
2 0.20271256022687761 0.3008726479207632 0.03681673151356133 0.07123638257342346
4 0.8534083231692957 0.47912828649424943 0.05021137357870131 0.11425267676456467