2 0.06105510424841267 0.6506484531885033 0.06917120031656912 0.12531426051544958
2 0.15945418566858574 0.41320708615976154 0.05089256175762476 0.08691350180902231
2 0.18750497783016923 0.35851294210722684 0.04400606426490725 0.06471095318850333
2 0.20173496239076302 0.3381971200809595 0.04855717194503919 0.0602691146538926
4 0.6797773943649321 0.3336080331282284 0.053591664423191784 0.12605788896415202
4 0.7131354636444043 0.3540776633859532 0.043716559250342256 0.10837906603337348
4 0.7817634431904331 0.3802960046340974 0.04326191818411544 0.09275406603337348
4 0.7992919239901032 0.3929155133405247 0.04661423871722885 0.10073034034363308
4 0.816797672736462 0.40475377204695195 0.046432382290738164 0.09448034034363299
4 0.7629225149771879 0.3761883587725404 0.04969377461060631 0.09933161465389259
4 0.7385302687381115 0.3421475514455941 0.04450616943775678 0.08189845318850324
4 0.05558034256993016 0.596537485300679 0.04813127461060623 0.09924972749876275
2 0.15386341521461463 0.4355357875392425 0.042670884798020656 0.07244156603337362
4 0.8250026293212371 0.4722688206674709 0.04661423871722903 0.10073034034363318