3 0.9667647528425973 0.19336900514757893 0.04790542093374768 0.12618206677218974
2 0.01497052253857328 0.4164373422407257 0.02994104507714656 0.12020485141192583
2 0.12665933745287003 0.6374137688046184 0.043885778868608005 0.08394910266556703
2 0.16111066118686307 0.6886663802456742 0.039395699943530274 0.06042067445232178
2 0.17798734804680091 0.7068935430195132 0.043810184158514696 0.05586956677218957
4 0.6575152243269253 0.6555042584462842 0.0414734104104042 0.12287521034569907
4 0.689349053252003 0.6311802083671421 0.032750857793685736 0.10702288981258548
4 0.7835155531814159 0.5543472722363377 0.030293715728545757 0.06483538981258548
4 0.7716757058404866 0.5835490389293853 0.03698333148532651 0.09934678213245363
4 0.7873385031955333 0.5690546299164697 0.036619310438639016 0.09309678213245362
4 0.7410326505929323 0.6008191069552161 0.039926320961982856 0.09631271034569906
4 0.7220327506352845 0.6458277300747544 0.03580026308359248 0.07903428213245363
4 0.014257890996777055 0.48250261144105566 0.02851578199355411 0.09626724623907634
2 0.11851290848543998 0.6165928034443546 0.03525423151356133 0.06965928213245362
4 0.7934589715549151 0.5041426837565357 0.03698333148532651 0.09934678213245363