3 0.9852188407518631 0.2405892601528603 0.027307909444528634 0.12858865016215582
2 0.03057627166641404 0.38380225568204285 0.058521548008210175 0.12288412094116268
2 0.1518689678044714 0.6160362828744412 0.044240879390299345 0.08513865909060954
2 0.18436785041622458 0.669369788556484 0.03941702400410509 0.061619338473758486
2 0.20143717574818956 0.6893822796280303 0.04407725292686619 0.057013659090609535
4 0.6803661516458887 0.677116689939751 0.04289654800821019 0.12261138555165907
4 0.7156405763139236 0.6561905353133685 0.0349931444174139 0.10685001785690744
4 0.8002473804704537 0.6148740142100501 0.03807269262201594 0.09909206493480802
4 0.7642326124182771 0.6287825556059079 0.04118860226293641 0.09758411201270896
4 0.7444468323640479 0.6728734748427871 0.03640110831306061 0.08031479139585791
4 0.036435386225990476 0.4508806615262415 0.0396261022629363 0.09755683847375848
2 0.14340248283158602 0.594311287338668 0.0363465661585828 0.0709397913958579
4 0.813951332167656 0.5419859391289722 0.03807269262201594 0.0990920649348082
1 0.14156779294004462 0.5068521976470935 0.05079995159900634 0.13837275324641088
1 0.10297344643264492 0.42706528612085204 0.05870335518980254 0.1541341209411625
1 0.06565525361423728 0.3964698510556602 0.050836313035324834 0.14462275324641088
1 0.05492228669352869 0.3615045158283126 0.05714085518980254 0.1541068474022123