3 0.9513228681871082 0.1132783398664573 0.08207866061076281 0.12709134890464333
2 0.06268964244305131 0.4993635025072825 0.0534434775802247 0.120022994985435
2 0.2515442036626373 0.6927772187254762 0.04582242515463033 0.08394910266556703
2 0.3004917577552216 0.7359900096334184 0.04078423879011232 0.06042067445232178
2 0.3228609653315669 0.7510012441940123 0.045089101517208796 0.05586956677218975
4 0.777166214872525 0.617967154527076 0.04432356909549391 0.12287521034569907
4 0.8037128683562861 0.5882198185545564 0.035235611519148335 0.10702288981258565
4 0.8657985380509047 0.523764861969781 0.03775483363936125 0.08059678213245362
4 0.8413405430518743 0.5503190017823666 0.042155291215706825 0.09631271034569906
4 0.8365731657809106 0.5974440543687913 0.0376272878817268 0.07903428213245363
4 0.08745026850606726 0.5628577011744988 0.04059279121570665 0.09626724623907634
2 0.23588738169220563 0.6736551456850803 0.03686201333591956 0.06965928213245362
4 0.8601227518361678 0.45423361196978107 0.039285382730975725 0.09934678213245363
1 0.2863817182065048 0.6494758481132206 0.051849026671839125 0.13868206677218975
1 0.25122559714445875 0.6121266122989855 0.04563097758022465 0.11979567445232178
1 0.221330931991768 0.5816722341648823 0.052359209702377285 0.14493206677218956
1 0.19936033714251905 0.5619507675509773 0.05366661818710816 0.14185253087881228