3 0.8514111081118496 0.03296058528977379 0.10282221622369932 0.06592117057954758
2 0.07337545958841059 0.606390899907715 0.07666023442229637 0.1278432001845701
2 0.2957382202288687 0.7466795311554073 0.06019462523071262 0.08944203423772627
2 0.3517471907715045 0.7760375616925057 0.050980311535622214 0.06706638648947952
2 0.37661678284422506 0.7846418036729412 0.053804922886674246 0.06257914558877822
4 0.7874484515688461 0.5363128161683258 0.06874760487264701 0.1257800524363235
4 0.8040957310262102 0.502298761572534 0.056808809376153846 0.10945414558877822
4 0.859445762643043 0.42344377391103516 0.057870661627907084 0.10174177513842757
4 0.8354668445367306 0.4532209114802489 0.05933303207825773 0.10027940468807692
4 0.8408645458010351 0.5007269671557749 0.05208173658176492 0.08425388648947951
4 0.1106239381506108 0.6612693645902545 0.05777053207825791 0.10017927513842757
2 0.2775494247323755 0.7321559562015498 0.0499184592838688 0.07477875693983034
4 0.8338461829088235 0.35448302283130095 0.057870661627907084 0.10174177513842757
1 0.17451645742894226 0.6422702382798077 0.07912390036914027 0.14200582973421944
1 0.08542487661498863 0.5985586135105203 0.0863751958656335 0.15803134793281687