3 0.9564735111478647 0.15394171242270854 0.07749085149293862 0.12539997579950315
2 0.05551085275344654 0.4923102198475748 0.05049130891829186 0.11899543969514959
2 0.23908209546397946 0.6940777738077133 0.043181553470410174 0.08146816861791084
2 0.2867819041301698 0.7396493490414825 0.03852690445914595 0.059574987899751616
2 0.309022890888618 0.7561783188890573 0.04288662252816078 0.05491475897699054
4 0.7668357548668039 0.6471684958947834 0.04133483020561535 0.12206589754067192
4 0.7914315632808927 0.6191980319991369 0.03242972376899793 0.10639544574527378
4 0.8639514194654087 0.5618309595940382 0.03646165990702741 0.0970477168225127
4 0.8333951881548419 0.582738357232906 0.03947739926336595 0.09550339754067191
4 0.827298007464694 0.6295588150784284 0.035150532183086725 0.0782977168225127
4 0.07952178914357767 0.5564863493360701 0.037914899263365845 0.0954943071815924
2 0.22521633741820776 0.6744738009350764 0.034494968321116384 0.06892271682251269
4 0.855691169213307 0.48837527887587895 0.03646165990702741 0.0970477168225127
1 0.17563731847667283 0.579692566060387 0.048677436642232674 0.13772725897699054
1 0.10409581822457128 0.5058687257995031 0.051332543078850046 0.15336134933607007
1 0.05151176760415266 0.4797920391294156 0.04664504307885004 0.15333407825883114