3 0.9410024632537268 0.7165436165785157 0.04413285956551007 0.12852779172311415
2 0.013032308627942182 0.5899732247852294 0.026064617255884364 0.12309666327441153
2 0.14267998643233268 0.3548059294440707 0.04496501922187686 0.08494156603337358
2 0.18214195612917938 0.3005378312985215 0.0390492118949306 0.06125840456798422
2 0.2003121019907364 0.2808870725920943 0.04349105042954131 0.05681656603337348
4 0.676922189620836 0.28473585312239014 0.04232469810012063 0.1237584045679843
4 0.7069848258714545 0.3057543600197951 0.033693326548823066 0.10772396879233552
4 0.7694505263464244 0.3328657366594753 0.034436954997525505 0.09218085594746528
4 0.7866004047951269 0.3475490343754831 0.03797139077317428 0.1001571302577248
4 0.7993084447092187 0.35779049355688025 0.03764384215265544 0.09390713025772479
4 0.7090895584586001 0.3399246421319707 0.03599945499752551 0.09226274310259504
4 0.01327464806706408 0.5380012890095806 0.02654929613412816 0.09711401741285464
2 0.13215856626051617 0.3771722523748492 0.0364155348257091 0.07046963025772471
4 0.7942247970386394 0.42505988071201006 0.03797139077317446 0.10015713025772474