3 0.9330540658822001 0.7957715332191126 0.027773797883666518 0.13109050333398004
2 0.011919023398202328 0.6430323939408634 0.023838046796404656 0.12710437606301603
2 0.11663080892437623 0.41139936985409814 0.05532497091226492 0.08832891848667064
2 0.15162743332040224 0.35841776212797155 0.047289330305381405 0.06594373545613248
2 0.16897430104846847 0.3385994697043169 0.050031693032477786 0.06151132697140156
4 0.6496024187765347 0.356598494419302 0.05851361485312836 0.12739141848667063
4 0.680820596806103 0.3788082053296272 0.04773561151914833 0.1094386439408634
4 0.7460311375627677 0.40851142290791226 0.04646015394280312 0.0938136439408634
4 0.7652594986228741 0.4234507677571612 0.05022288273097573 0.10188123545613248
4 0.778556724077067 0.4339736795758721 0.04971269970043757 0.09563123545613247
4 0.6858270901381432 0.41382093411779997 0.04802265394280312 0.09394118969849785
4 0.01892631021691315 0.613902874396026 0.0378526204338263 0.12165160151720862
2 0.10775014543867545 0.43348166394474275 0.0448020590935541 0.0735011439408634
4 0.7777597564987818 0.5015438168487757 0.05022288273097573 0.10188123545613248