3 0.8945369784896446 0.1054305775101193 0.08663870373287814 0.13116027110331835
2 0.03632642694422171 0.5598386501621558 0.055252336038126515 0.12280230032431164
2 0.23391231330665976 0.7382342057614731 0.04991027110331832 0.08522047970746058
2 0.2845805150109431 0.777388209007884 0.043278441558013546 0.06323638555165925
2 0.307468590092021 0.7910649253226639 0.046321620941162586 0.058603432629560005
4 0.7504940669601078 0.6230702706929859 0.05059210957707698 0.12428297970746058
4 0.771823596181101 0.5922021002382907 0.040917100648623084 0.10693183847375849
4 0.8386195840062364 0.5262009991826305 0.043905732953871277 0.09917388555165907
4 0.8101497106294417 0.5506964387120492 0.047003459414921164 0.09766593262956
4 0.8086378035674272 0.5983117784036237 0.04201595048646718 0.08039661201270895
4 0.06315770819380981 0.6204449135548364 0.04544095941492108 0.09763865909060954
2 0.21720605437820603 0.7207603336024946 0.04028980925276533 0.0709943384737585
4 0.8240701144450455 0.45331292410155266 0.043905732953871277 0.09917388555165925
1 0.12147872280430641 0.6058426712654741 0.06023984496658023 0.14007162094116268
1 0.038356531246292805 0.5419108104705813 0.060512580356083666 0.15569662094116268