3 0.8666795669378846 0.041045874072811475 0.09898413387576924 0.08209174814562295
2 0.06224428821661108 0.5895861447665631 0.06896908525525039 0.12707771046687383
2 0.2769696087725404 0.7392922002258789 0.057628793532136326 0.08903167889684287
2 0.33193706976295984 0.771354271329036 0.04858798620519007 0.06513915258848364
2 0.35594777984886805 0.7809266924039584 0.05154921189493056 0.062196163111827116
4 0.7773336996820003 0.552638737551692 0.07390224672063965 0.1320382262518894
4 0.7981065451140161 0.5153816612574502 0.06198210085908258 0.11265118942018652
4 0.790017406149864 0.46570017967330174 0.0637083751693421 0.11586719468185844
4 0.8446639625722991 0.4617337455147871 0.0531869549975255 0.09344616311182748
4 0.8520703488229178 0.43857696657559186 0.05359639077317446 0.1012586631118273
4 0.854543573608147 0.41100570342141224 0.06954893939369348 0.10841871572854575
4 0.7148403437345351 0.5265004427568941 0.0547494549975255 0.09353716837349921