3 0.96953125 0.81953125 0.0609375 0.1203125
2 0.0203125 0.54140625 0.040625 0.11640625
2 0.178125 0.32890625 0.03203125 0.0796875
2 0.21953125 0.28046875 0.03046875 0.05703125
2 0.2390625 0.26328125 0.0359375 0.0515625
4 0.71171875 0.3421875 0.02421875 0.1203125
4 0.74296875 0.36796875 0.01796875 0.10546875
4 0.815625 0.42421875 0.02421875 0.078125
4 0.78671875 0.4015625 0.02578125 0.09375
4 0.77421875 0.35546875 0.025 0.0765625
4 0.0375 0.47578125 0.02421875 0.09375
2 0.16640625 0.34921875 0.02578125 0.06640625
4 0.821875 0.49375 0.0234375 0.09609375
1 0.2203125 0.36796875 0.0296875 0.13515625
1 0.19140625 0.40859375 0.02578125 0.1171875
1 0.1671875 0.4421875 0.028125 0.14140625
1 0.1484375 0.4640625 0.03046875 0.1390625