3 0.8730082532773201 0.9568828217177276 0.10946211733238051 0.08623435656454462
2 0.06671651450205951 0.35102668969514966 0.09144409084927707 0.12391928903121982
2 0.2854450991471503 0.21797888212077385 0.06694683540139543 0.0862920240041051
2 0.3405096575612391 0.1901856802271799 0.05447968639013112 0.06435339149054772
2 0.36496335434293037 0.18251862597245377 0.057386165102807675 0.06124657220870704
4 0.7868429802252859 0.4418997337945349 0.07716306956195354 0.1207124757995032
4 0.805652964385844 0.47637018256487096 0.06513296312533612 0.10502384328594587
4 0.8569419487985037 0.5844372126191002 0.048338947033792934 0.06587953005422928
4 0.8595534965689307 0.5547769836963392 0.06614915990702741 0.09722043364502539
4 0.8678958742928715 0.5735678903121973 0.06269637797604233 0.09251475292686635
4 0.8387821746611888 0.5257616493873837 0.0677116599070274 0.09722952400410492
4 0.8417543553513365 0.4789230108237022 0.058697292826748536 0.07999657220870696
4 0.10435327229572966 0.29736133421075955 0.06603989926336581 0.09565793364502548
2 0.2677330752619368 0.23271354781181844 0.05502598960843983 0.07216589149054775
4 0.8438681484301866 0.6319980138487642 0.06614915990702741 0.09722043364502539