3 0.9397795916039978 0.06752926541211332 0.07933224317557439 0.13169775025210156
2 0.046344384612956584 0.5070094706669048 0.05091614474715102 0.12348105866619044
2 0.23044121050118874 0.6900847785767905 0.0444820541766104 0.085653276735205
2 0.2785726495001527 0.7306115895887693 0.03870293507002263 0.061887994804219915
2 0.30113900826765844 0.743925690577505 0.043172111248705035 0.057528276735205
4 0.756926627788531 0.5842954203754623 0.04161391935425698 0.12438799480421991
4 0.7805802975570726 0.5536410000768746 0.033073673283198345 0.10821669158591121
4 0.8519972251834972 0.48829486950294215 0.03739730024766885 0.10073197351689629
4 0.8217660696829793 0.5123550823761769 0.04037675103345748 0.09782549480421991
4 0.816136807896155 0.5597763855944855 0.03645123035529281 0.0804194735168963
4 0.06885939350429673 0.5697062126211332 0.0388142510334573 0.09771623416055811
2 0.21628666521591847 0.6722634940479153 0.036014582712657714 0.07104447351689647
4 0.8431080686495218 0.4152397817557582 0.03739730024766885 0.10073197351689647
1 0.13597411889719088 0.5634455049436785 0.050154165425315436 0.14055929802252862
1 0.058662448095191944 0.502229135517611 0.054079686103479886 0.15796531930985208