3 0.9487674871752091 0.9172051366803131 0.08729029238978611 0.13157861474138882
2 0.04632295988201622 0.45839438145888883 0.05567641935425688 0.12303876291777774
2 0.2253447181541838 0.2807272424005557 0.04924232878371626 0.08542966014423622
2 0.27267132836943153 0.24124782152274324 0.04346320967712849 0.06188305737069442
2 0.2947089942090318 0.22849390159486135 0.0463698858558109 0.057268292553055565
4 0.7536945041338292 0.3983791354460423 0.05106169396136266 0.12449216014423622
4 0.7785511089723934 0.42939339931375065 0.040886173283198345 0.10708645459715278
4 0.833895734489122 0.4782861474138896 0.04015842721213971 0.09146145459715278
4 0.8480866670779452 0.4981265219389243 0.04364730024766885 0.09934668977951393
4 0.8581166385418981 0.5124072274860076 0.0433562018192454 0.09309668977951376
4 0.7640369987571457 0.4696365396063548 0.04172092721213971 0.09149782218833344
4 0.06714272807898128 0.4362472777354167 0.05538532092583346 0.11678876291777787
2 0.2113378761359012 0.29835050028434046 0.04077485731976358 0.07118532218833344
4 0.840787897433238 0.5759969488006604 0.04364730024766885 0.09934668977951393