3 0.8792312342887435 0.9424025407785134 0.08253001778268043 0.11519491844297321
2 0.013794864558473893 0.47599473755244537 0.027589729116947785 0.12386447510489074
2 0.1913697468996281 0.3014477912913561 0.046044554176610485 0.08600927759440165
2 0.2417721612914862 0.26293066556640987 0.04033820967712849 0.06377908008391256
2 0.26355727005899193 0.2496853043636107 0.0448073858558109 0.059446777594401645
4 0.7138568689017001 0.4288483116362952 0.04630141935425698 0.12495337842423862
4 0.7375105386702417 0.4596489483589036 0.03776117328319835 0.10873638257342363
4 0.7677566567433722 0.5340695305174086 0.037033427212139716 0.09311138257342347
4 0.8010058043860073 0.5271809130908321 0.04052230024766894 0.1011606809137497
4 0.8119604210113959 0.5444751568670548 0.040231201819245756 0.09491068091374952
4 0.774899222706807 0.49854642761297924 0.04357452564056317 0.09983497925407558
4 0.772994274402218 0.45528167968757166 0.03964900496239885 0.08241068091374952
4 0.018238365799073578 0.42532023132866803 0.036476731598147155 0.09971658008391256
2 0.17647033891791072 0.3183509487598889 0.037577082712657715 0.07135478174358649
4 0.794768612905844 0.6105970643355876 0.04052230024766903 0.1011606809137497