3 0.8254748438782205 0.08835221794478684 0.10407468775644099 0.10465757485477485
2 0.06409821695682574 0.6353767278740936 0.08159219269935691 0.1270034557481871
2 0.2925163301124182 0.7871533593866781 0.061314184790691506 0.08863016046291676
2 0.3500078365382088 0.820241995242489 0.051047846843970034 0.06631851282028159
2 0.3746085885153752 0.8307450016526298 0.05404551285158128 0.06333906203449331
4 0.7771765371090501 0.6062074979285763 0.070527358706968 0.1233690334984459
4 0.7929951966908707 0.5734142686067406 0.05895318874502422 0.10723461124870504
4 0.8344213513297752 0.5184207076057047 0.055255185779275 0.0930265620344933
4 0.8414698473754427 0.5000345806412339 0.06026102076024671 0.10105738585581073
4 0.84851834342111 0.48164845367676323 0.05844385277546919 0.09473461124870504
4 0.8216812707974277 0.5310833734453049 0.06175985376405215 0.09956766046291676
4 0.7923240346375922 0.5952164939996348 0.053247016805913816 0.08201628742738745
4 0.10926347832553225 0.6912842795695046 0.06019735376405229 0.09949488585581072
2 0.27394274364857146 0.7714727014049607 0.051366181824942014 0.07413101282028159
4 0.8140677475657231 0.4207815742310931 0.06026102076024671 0.1010573858558109