3 0.8215120833936813 0.9839257938351548 0.10665134992375017 0.0321484123296905
2 0.05329518626413223 0.34613730866619036 0.087248039703264 0.1293375747577336
2 0.2807272424005557 0.2317845036062962 0.06293771751493064 0.09019866510280768
2 0.33712205955489594 0.20842876709994956 0.05305357123840278 0.06766810124083725
2 0.3619402215989932 0.20236443739853732 0.05457970364722229 0.06621486188449896
4 0.7681045283040976 0.49517891217594145 0.07311280452090277 0.125229228964778
4 0.7869097329012504 0.5323729095780514 0.06177526101791671 0.10727690445914603
4 0.8325508476426393 0.61668220760058 0.05501611474138883 0.08496486188449914
4 0.8145996282278476 0.582667840520301 0.0631922906531944 0.10113616510280768
4 0.8205398504924309 0.5362845134167787 0.05654224715020852 0.08351162252816077
4 0.0942461881639933 0.29596234604505717 0.06315592306201397 0.09957366510280767
2 0.2615233007211807 0.24448124556052453 0.05167290919430556 0.07537134059717551
4 0.8114220364722229 0.6807229282674848 0.06319229065319468 0.10113616510280768
1 0.30461999050069466 0.2864937829393914 0.08597648043270852 0.141728314114072
1 0.2622331219595836 0.30848911523869366 0.07460256933854179 0.12221348960843983
1 0.2267865844405211 0.3270698704344738 0.08608558320625012 0.14641581411407198
1 0.20129627516996554 0.33776706981405513 0.08761171561506957 0.14496257475773372