3 0.9013701393986789 0.8441715235323597 0.07173513527271566 0.12296594155801373
2 0.0023750257203018687 0.5323858060063544 0.0047500514406037374 0.11789661201270896
2 0.15674137177625402 0.3266012305182394 0.0388508576783142 0.08026024431795716
2 0.20254004646622628 0.27968136606989863 0.03563076929603186 0.05835797077900686
2 0.22337368733801952 0.2628347853067779 0.04140717261537983 0.0522170649348082
4 0.6878370838088902 0.35855775730030537 0.035679236102552817 0.12077615016215582
4 0.7140084975012003 0.3848299310014115 0.028363643571085718 0.10660455600635448
4 0.7889241418974786 0.4698419050268292 0.026610966806520864 0.06288182954530477
4 0.784142476130576 0.44003167410155264 0.03234074855010753 0.09731137662320535
4 0.7962989340140272 0.45510724918263057 0.031867151869455414 0.09106137662320535
4 0.7574974657576138 0.42000950040044654 0.03522895020978147 0.09424092370110611
4 0.749271491277423 0.37371119885831894 0.03236405933798814 0.07702615016215572
4 0.00982696182053252 0.4686369517042833 0.01965392364106504 0.09421365016215581
2 0.14270218256413472 0.34669554220663673 0.03165366431701004 0.06765115016215581
4 0.7874791184522618 0.5198828153352547 0.03234074855010753 0.09731137662320535