2 0.022105214835606648 0.6474555750381249 0.044210429671213296 0.12340243882958327
2 0.1264065332438294 0.4020320126334374 0.052859406377006576 0.0855023953265972
2 0.15904197082850047 0.3450910284010068 0.04546298620519007 0.06348192496187507
2 0.1749911974227521 0.3236517862847915 0.049904824739800804 0.05890352773541672
4 0.6554533033702173 0.2828176195879508 0.056469085255250386 0.12460126291777787
4 0.6872831575086604 0.3008039001731591 0.04619332654882306 0.10719555737069442
4 0.754064543759279 0.3218781599568049 0.0453744549975255 0.09157055737069442
4 0.772899752940676 0.33470481506704797 0.048908890773174285 0.09945579255305556
4 0.7872521800098975 0.3437343229508326 0.04858134215265526 0.09320579255305557
4 0.724377043759279 0.3225691441892355 0.05195200361804453 0.09796602773541671
4 0.6242851905253471 0.28198247141156196 0.03625176051544958 0.06638871941479171
4 0.02164653041672462 0.5777788546734028 0.04329306083344924 0.09792966014423606
2 0.118969169494448 0.42483373299815963 0.04430992198083884 0.07125805737069442
4 0.7899810323393182 0.41077635258611045 0.048908890773174285 0.09945579255305556