3 0.7210332005700298 0.9904840477854624 0.11157497091226495 0.0190319044290753
2 0.032270881812891825 0.3469330800660185 0.06454176362578365 0.13081935598499986
2 0.2584350269617032 0.23662773298800874 0.0679525166698994 0.09126884043361097
2 0.31769832772030754 0.2142735708297216 0.056791876063015945 0.06857363421305544
2 0.34333605650848026 0.20864828741786967 0.05822683030538141 0.06714783524981469
4 0.7217170505894265 0.5084875028282393 0.0801335233378591 0.12646404665416658
4 0.7367522481638321 0.5459970647509708 0.06779302000387943 0.10831963939685174
4 0.7794661645244709 0.6299906474088873 0.06884533697334128 0.10220634043361106
4 0.7593608296771617 0.596758482375878 0.06884533697334128 0.10220634043361088
4 0.7702184524061977 0.5504986370412948 0.06119233363936125 0.08447203628657399
4 0.06384026195879369 0.29749900805851837 0.06871779121570665 0.10064384043361096
2 0.23775586514299238 0.248981470028518 0.05586710485118864 0.07624943317629622
4 0.745856696946186 0.6947175287472207 0.06884533697334128 0.10220634043361088
1 0.21084280771642822 0.3087864055138884 0.09390898091420459 0.14318265494824053
1 0.14091307392728572 0.33650201093324045 0.08612843182259015 0.12388585080120355
1 0.1011012748356713 0.3519028355326387 0.0942916181871082 0.14787015494824055
1 0.059790748622874146 0.3663857090952776 0.1028693927329154 0.15792866013203694