3 0.96953125 0.81953125 0.0609375 0.1203125
2 0.0203125 0.54140625 0.040625 0.11640625
2 0.178125 0.32890625 0.03203125 0.0796875
2 0.21953125 0.28046875 0.03046875 0.05703125
2 0.2390625 0.26328125 0.0359375 0.0515625
4 0.71015625 0.33984375 0.034375 0.12421875
4 0.74140625 0.36796875 0.028125 0.10546875
4 0.75 0.41796875 0.028125 0.109375
4 0.803125 0.403125 0.025 0.08671875
4 0.8171875 0.42265625 0.0234375 0.09609375
4 0.82890625 0.44765625 0.0390625 0.0984375
4 0.66171875 0.38515625 0.0265625 0.08671875