2 0.027066154497583223 0.6932117974602621 0.054132308995166446 0.12611112141421188
2 0.10886835752189812 0.4380852986413884 0.06225933540139543 0.08790179328391083
2 0.13645776198104403 0.37789184310642554 0.05135468639013112 0.06569941106992569
2 0.1513232913141392 0.3547718016366133 0.05426116510280767 0.06268353847458741
4 0.6287159538190569 0.25938731353269484 0.07102233020561535 0.12405754809323426
4 0.6660138580261012 0.27211300282558887 0.05899222376899793 0.10805060217691817
4 0.7541640680493444 0.2931943399415647 0.06000842055068922 0.10029266587924912
4 0.7171557409458221 0.2874726187975052 0.06146165990702759 0.09878472958157998
4 0.6933247570373655 0.24933770173712974 0.05411905347041035 0.08294147477225655
4 0.020384465761663587 0.62543402041842 0.040768931523327175 0.09873016587924913
2 0.1025419478669721 0.46168648974838095 0.05033848960843982 0.07345734736759475
4 0.775137849728228 0.3610440388531055 0.06000842055068922 0.10029266587924912
1 0.10307218956909887 0.5544097030878922 0.08148993664223267 0.1400099303072194
1 0.07189896320221083 0.6435639723251858 0.09195754307885004 0.15596231252120454
1 0.036061419164130804 0.6792757830322917 0.07212283832826161 0.1446974303072194
1 0.03444161192293628 0.726287192288119 0.06888322384587256 0.16835318511654282