3 0.9598375852067195 0.9484511699276984 0.0803248295865611 0.10309766014460316
2 0.05433795804725109 0.4597068867226084 0.05781010487264704 0.1256637734452168
2 0.23017286551310517 0.29188353714217125 0.050719495681063355 0.08780857593472771
2 0.27678824722222284 0.25498811100230656 0.044530052436323506 0.06401587842423861
2 0.29859339605020363 0.24342364896967034 0.04735466378737563 0.05956517676456467
4 0.7603691101144344 0.43701600914678423 0.05322273442229637 0.1268710759347277
4 0.7857591363325961 0.4692607466992296 0.04274630937615385 0.1089731809137497
4 0.854758262643043 0.5390180622609951 0.04537066162790708 0.10139747925407558
4 0.864052919490588 0.5506067576968918 0.0407437183831675 0.07772318091374952
4 0.828256319398303 0.5136861755383868 0.04839553207825773 0.10007177759440164
4 0.8212961181339988 0.4657339276129792 0.042606607032115204 0.08252908008391255
4 0.07382034083610291 0.39976412427505376 0.04683303207825791 0.09995337842423861
2 0.21648060533407237 0.3087274950256226 0.042005829734219444 0.07315408008391255
4 0.8532143514765611 0.6119819655803431 0.04537066162790708 0.10139747925407558
1 0.09807866363049203 0.4264809122424175 0.061936400369140256 0.14152557178554273
4 0.812369305980068 0.593337786741186 0.05724890036914028 0.14117037427505358