3 0.8816548660086296 0.9537070215070601 0.10400582654882307 0.09258595698587975
2 0.05633072365357557 0.374859678165333 0.07990658525525038 0.12471935633066603
2 0.26824646822650866 0.23337911038785575 0.06231629353213641 0.0869466209411626
2 0.3220774751239136 0.20309732102059286 0.05179487336031983 0.06490797970746057
2 0.3458049021931351 0.1941450608743231 0.05475609905006031 0.06183752678536121
4 0.7744123383074681 0.4342259590045887 0.08171474672063965 0.12943412986961622
4 0.7959088800305822 0.472066878241468 0.06823210085908275 0.11046594155801355
4 0.7509106405460317 0.5368463985340075 0.06995837516934209 0.11361821509696383
4 0.8448277368825586 0.526777697640503 0.057874454997525505 0.09155230032431164
4 0.8523060442095047 0.5503242917963044 0.05984639077317411 0.09939207386326192
4 0.8562908593383673 0.566785088874205 0.05795634215265544 0.09311480032431163
4 0.7538818323145744 0.48928560592033354 0.05943695499752551 0.09157957386326174
4 0.07577676447217846 0.38846821063273707 0.07324714947960162 0.1167977621748646
2 0.2510965897778062 0.24869046468992684 0.05064180913596861 0.0726932061685102
4 0.8347710634313816 0.6327549622509995 0.0746458751693421 0.11370003571381489