3 0.9192833212532296 0.17979287280224243 0.08311049352159508 0.13093075256024872
2 0.008037335751199115 0.5177258262942418 0.01607467150239823 0.12295165258848365
2 0.15610368445920822 0.7211146787556686 0.047494366131414 0.0852696420651398
2 0.2002251218438519 0.766813586605824 0.04140505243632353 0.06312162628012423
2 0.220417705897008 0.782104657638394 0.04579216378737554 0.05870714206513998
4 0.6875224676172003 0.6760022019390817 0.05821062307124443 0.1310371683734992
4 0.7169188733850114 0.645563544018339 0.047533938925803196 0.11017863680346807
4 0.7201230189737896 0.595563544018339 0.047834327574751076 0.11486613680346806
4 0.776653621225543 0.6066977360693615 0.041644884330011324 0.0911556210184525
4 0.7897241201458088 0.5862865255319004 0.04068316162790708 0.10043961575678076
4 0.8000200724898473 0.5602245544710955 0.056608550276855144 0.10603716837349922