3 0.9856309627994417 0.30482342886237906 0.02873807440111662 0.12940408008391255
2 0.04875724106643011 0.41066573547785284 0.05943031094499089 0.12433807178554272
2 0.1950877657153739 0.6489730641118729 0.04496501922187686 0.08589087842423862
2 0.23454973541222057 0.704099194610704 0.03904921189493056 0.06209818091374952
2 0.2527198812737776 0.7241515854824974 0.04349105042954129 0.057765878424238616
4 0.7293299689038772 0.7314754815523827 0.04232469810012063 0.1245981809137497
4 0.7593926051544958 0.7111872149556431 0.033693326548823066 0.10838118506293437
4 0.8422560148108627 0.673889969729528 0.03797139077317411 0.10092388257342347
4 0.8079186363621602 0.6868509884008599 0.04093261646291495 0.0980356809137497
4 0.7930649202833582 0.7300798475290666 0.03690685775648746 0.08061138257342364
4 0.06243463873700944 0.47862283008391254 0.03937011646291486 0.09791728174358649
2 0.1845663455435574 0.6263876690908948 0.0364155348257091 0.07123638257342346
4 0.8478232620973293 0.6019441147505061 0.03797139077317446 0.10092388257342363
1 0.13940325248639085 0.5070214398368192 0.05095606965141819 0.14081517676456468
1 0.080703281885033 0.42631496888111337 0.054981828357845444 0.15823947510489073