3 0.9067741599070276 0.11258455843539583 0.09188113342392405 0.13113299756436803
2 0.06424099656893073 0.5504500133926806 0.06008483020561532 0.12277502678536116
2 0.2674309705900303 0.7334648851446222 0.05277507475773362 0.08519320616851012
2 0.32016248668157365 0.7734001383910329 0.0449954257464694 0.06320911201270878
2 0.34374745215269836 0.7870768547058129 0.049355143815484226 0.058603432629560005
4 0.7798767042463852 0.6300469736150853 0.06677187278026224 0.12913412094116267
4 0.8033088504076581 0.5969032370077659 0.05608574505632129 0.11022047970746059
4 0.7599469804773873 0.5235787853034826 0.056304266343644827 0.11334547970746059
4 0.8539919114196369 0.5517504241015526 0.04696211733238087 0.09133411201270877
4 0.8618372624083726 0.5300390653352547 0.047508420550689226 0.09914661201270895
4 0.8669400256499242 0.513741909491056 0.04707137797604233 0.09289661201270896
4 0.7617169301090703 0.5712077617645323 0.04852461733238052 0.09136138555165907
4 0.08088219335062205 0.5429375223211343 0.05964778763096841 0.11652502678536117
2 0.2513307231879203 0.7152370365245939 0.042416728964778015 0.0709670649348082
4 0.8472888073288078 0.4447328108710278 0.060991766343644824 0.11342730032431163