3 0.9266119760940906 0.07176962719775758 0.07573631908544912 0.13093075256024875
2 0.021329057574375813 0.5150866737057582 0.042658115148751626 0.12295165258848365
2 0.19743547697785355 0.6976353212443314 0.042669289031219734 0.0852696420651398
2 0.24406049210316408 0.7378739133941761 0.03785452400410509 0.06312162628012423
2 0.2650724288714475 0.750707842361606 0.04251475292686617 0.05870714206513998
4 0.7244388593932151 0.5911852980609182 0.050745409444528634 0.1310371683734992
4 0.7519689617543472 0.557561455981661 0.041252234776493604 0.11017863680346807
4 0.7273825730924697 0.4879237901684106 0.04127950585373234 0.11486613680346806
4 0.809245651449497 0.5120522639306385 0.03645565046753836 0.0911556210184525
4 0.8210871212970717 0.49027597446809956 0.034947692622015934 0.10043961575678076
4 0.8282092748878679 0.4742414507905764 0.03491133118569749 0.09418961575678075
4 0.7036996333973201 0.5314763690934883 0.03801815046753809 0.09124662628012441
4 0.03542233206946022 0.4891766210890397 0.053861319085449035 0.12965667889684288
2 0.18348206128680897 0.6797043685993781 0.03477497579950315 0.07075211575678075
4 0.8192433410464506 0.40447498236060736 0.04596700585373261 0.11513915258848365