2 0.07080770684427538 0.5998915504368403 0.0631005695619536 0.1215853656913195
2 0.18521514222600033 0.37324074430041676 0.04797831411407194 0.08379442496187509
2 0.21665653034150134 0.32093401510197933 0.041761165102807675 0.06181032218833336
2 0.23325952229572966 0.3018209924005557 0.04612088317182241 0.05723192496187508
4 0.7111331500196705 0.33166310771062557 0.05895937278026224 0.12928876291777786
4 0.7472016899964273 0.3566819447165978 0.04816398441265975 0.10875805737069451
4 0.7654325199499411 0.4054649368328132 0.048491766343644827 0.11344555737069446
4 0.8147387512605079 0.3855531335461812 0.04216535668871879 0.08989895459715277
4 0.8323468683407867 0.403122493253577 0.04125842055068958 0.0992375870059723
4 0.8488295279957129 0.42690548536979234 0.05721120248167466 0.10428876291777786
4 0.6724966209386769 0.3814624327487505 0.04372785668871888 0.08993532218833336