2 0.030816726279274547 0.7156357076774545 0.061633452558549094 0.12900979282674854
2 0.10643177237260423 0.4651383169640635 0.06382183540139544 0.08998014381548422
2 0.13173205715358102 0.406457085653497 0.05291718639013112 0.06744957995351371
2 0.1458163364866762 0.38467492080279087 0.055823665102807674 0.06454310124083715
4 0.6220671160718728 0.3214139942231422 0.07403806956195354 0.12490144703379294
4 0.6562400202789173 0.33793485870553125 0.062007963125336116 0.10851162252816068
4 0.7256238048077925 0.35613283767030934 0.05789961733238069 0.09423060124083733
4 0.7467886106239913 0.3678187366815736 0.06313342055068923 0.10237088317182241
4 0.7610860574056826 0.3766692127963601 0.061133877976042326 0.09601162252816069
4 0.6603212329000504 0.38061403160200913 0.06258711733238051 0.09455838317182241
4 0.04123918906489577 0.7125871173323807 0.07683528763096839 0.1204324683211162
2 0.10088661271767822 0.4883026653549091 0.053463489608439815 0.07526207995351371
4 0.7741380784409044 0.4482382101984701 0.06858574505632138 0.11363616510280768