3 0.828316388115501 0.10158530184025963 0.10586722376899793 0.1119833314853265
2 0.017051834140887696 0.6263573736492885 0.03410366828177539 0.1277147472985769
2 0.2023298723529338 0.7860186129141833 0.06382183540139544 0.08930469468185845
2 0.25561340947969907 0.8204992997035339 0.05291718639013112 0.06688366311182747
2 0.2791765956177287 0.8312848812594476 0.055823665102807674 0.06394067363517095
4 0.7128624528106506 0.6196457861258312 0.07258483020561535 0.12560621572854574
4 0.732399056649378 0.5870530940042216 0.06044546312533612 0.10778167889684287
4 0.7897741500965451 0.48449651237772073 0.04521394703379293 0.06799113680346806
4 0.7907685675451412 0.5151472729010644 0.061570920550689225 0.10162268415851479
4 0.7998921952690822 0.4968522992094237 0.059571377976042325 0.09528167889684287
4 0.7685440062810609 0.5413079544993303 0.06302415990702759 0.10015118942018653
4 0.769117806649378 0.5891917176535101 0.05568155347041035 0.08416216837349921
4 0.02826534465849866 0.685527247298577 0.05653068931699732 0.10006018415851478
2 0.1854537287895511 0.7693470524049569 0.05190098960843983 0.07460515785015538
4 0.7790987300500589 0.4352399650226741 0.061570920550689225 0.10162268415851479