2 0.0770469729032401 0.3334399417685426 0.07954938190398124 0.1270405348257091
2 0.19545238619282296 0.574456688150498 0.05908105702175907 0.08863977611928178
2 0.22863532455291544 0.6307952193581624 0.049218041470370275 0.06479284034363317
2 0.2445432885491654 0.6511519849619947 0.05363213939685174 0.06191350180902226
4 0.7251384691335634 0.6722701526474204 0.06535018086722211 0.12474105042954128
4 0.7580097577292116 0.6532811352345658 0.054608170499629335 0.10862472749876276
4 0.8209889198874988 0.5926877939864216 0.051678660132036924 0.092917840343633
4 0.8412132369940266 0.6175273417024295 0.055487165315832955 0.10089411465389268
4 0.8574438297367116 0.6056890829960022 0.05337786116879641 0.09456222749876275
4 0.8064376958064802 0.6326919962704137 0.056912964279073816 0.09941350180902227
4 0.7895427217254616 0.6728190292871006 0.05072175287472227 0.08198034034363318
4 0.0762260581530548 0.3868515468114967 0.056912964279073906 0.09941350180902235
2 0.18800147115981375 0.552087043193452 0.04833904665416657 0.07252345318850324
4 0.8649152856744433 0.5385867921773994 0.055487165315832955 0.10089411465389268