3 0.8131795570789089 0.10463567566959482 0.10489088584218216 0.10241444183801277
2 0.029722183217626243 0.6441923964133742 0.059444366435252485 0.12900979282674854
2 0.23842499438806836 0.797480559422495 0.06237600362819702 0.09008940445914586
2 0.2936382840437821 0.8311014425943174 0.052237111795565117 0.06755884059717551
2 0.3183381836809624 0.8414433628929052 0.055252984390903405 0.06465236188449915
4 0.7356621260538994 0.6200150212104489 0.07138890507947586 0.12501070767745476
4 0.7532687775051782 0.5867872579688971 0.05990576805616747 0.10862088317182242
4 0.7974751344914198 0.5319247953477639 0.05623513103285873 0.09277736188449896
4 0.8076140263240518 0.5107053592097344 0.06125001324684405 0.10248014381548423
4 0.8136556951985258 0.4946815214625504 0.05790675843752062 0.0960116225281606
4 0.741914615254126 0.5531006728196032 0.0578521947351895 0.09444912252816078
4 0.047249412081416 0.6877838592866089 0.06114088584218221 0.09935514381548423
2 0.22016606770904606 0.7821069316985542 0.05094743030721938 0.07526207995351371
4 0.7828620521847675 0.4345745479456539 0.06125001324684387 0.10248014381548418