3 0.7681518035343518 0.9785225446153485 0.10591534200867017 0.04295491076930311
2 0.02940823698699472 0.3693070296689941 0.05881647397398944 0.12923905933798813
2 0.24783274231925373 0.24477266141722503 0.0628177893919517 0.09031826929603193
2 0.3058573449218548 0.21856628154309385 0.052168715728545756 0.06773287427505377
2 0.3306221264918859 0.21102646868062075 0.0551117052052021 0.06484467261537982
4 0.7289253056710774 0.48603384960365903 0.07263240514873245 0.12528526514684693
4 0.7441561925451327 0.5209299904754523 0.060784852532014 0.10883147095570589
4 0.7864053347514469 0.6308503647505062 0.046009720990217676 0.06882177759440164
4 0.791304937354048 0.6006184130908322 0.06198333148532651 0.10269987012586874
4 0.7980253742139858 0.6199604089416473 0.060056810438639016 0.09633147095570589
4 0.7733662794333054 0.5717946734637943 0.06345482622365459 0.10125576929603178
4 0.7808294399142968 0.5244936209742834 0.05464126834526439 0.0834762734452168
4 0.05840695029646611 0.31752030933798814 0.061892326223654634 0.10113737012586892
2 0.22899944233337116 0.25825482096035024 0.05262374203690508 0.07554537427505377
4 0.7680046742704556 0.6773226230488758 0.06198333148532651 0.10269987012586874
1 0.037512651449533585 0.35264067054078735 0.07502530289906717 0.13982136182749913