3 0.848559014603906 0.946875 0.10029210064862326 0.10625
2 0.043250762578606425 0.37421875 0.07559210957707686 0.1234375
2 0.2602455734562248 0.22890625 0.05931254464226869 0.0859375
2 0.315168852677218 0.19765625 0.04955571509696392 0.0640625
2 0.33922396144351596 0.18828125 0.05262616801906326 0.0609375
4 0.7605297658250173 0.42421875 0.06618983603812652 0.121875
4 0.7783036469124497 0.4578125 0.054952327109672794 0.1046875
4 0.8327377767820661 0.5328125 0.05640573295387128 0.0984375
4 0.8399872150936687 0.5453125 0.04821140340856687 0.0765625
4 0.811947989850435 0.50546875 0.05794095941492117 0.096875
4 0.8150223969124497 0.4578125 0.051418224025417555 0.08125
4 0.07900130194586936 0.31875 0.056378459414921075 0.096875
2 0.2425495588457282 0.24453125 0.04812958279171564 0.071875
4 0.8152287228043065 0.60390625 0.05640573295387137 0.0984375
1 0.09747461241645064 0.34765625 0.07583757142762992 0.1375
4 0.7781417800284768 0.5828125 0.07268529788867965 0.1359375