3 0.849020034669271 0.042294998974235776 0.09804006933854197 0.08458999794847155
2 0.0485401767648269 0.6071930760837233 0.07162303970326399 0.12623884783255335
2 0.26462238449611175 0.7524406146012861 0.056687717514930645 0.08816584486680376
2 0.31929235391090344 0.7830566032325796 0.04836607123840277 0.0659725098858317
2 0.34374749325357706 0.7922260147915666 0.051381968464861136 0.06141234387822063
4 0.7636014791015283 0.5538148418266922 0.06377417211208343 0.12435801285158128
4 0.7815877596867365 0.5202383378723594 0.05247299620027786 0.10828734387822045
4 0.827189893995417 0.4636408279865277 0.048984320288472105 0.0925350098858317
4 0.8368551815144796 0.4421332425112642 0.05385365824437507 0.10053851087441497
4 0.8435227556026739 0.4262217410283894 0.05214568787965277 0.0942248438782205
4 0.7596393712939935 0.4843790923209836 0.05367182028847228 0.09272601087441501
4 0.06545491983097272 0.5947739891255851 0.06679006933854177 0.11979784684397003
2 0.24707120858430617 0.7375159515594245 0.04698540919430565 0.07372134288963732
4 0.8115083829775003 0.36105699745417996 0.05883209897381967 0.11322951186299805