3 0.9920471203151131 0.2966923061345847 0.015905759369773877 0.1298874946689999
2 0.04115782776785189 0.3606107833386361 0.0647715480082102 0.12262043467536321
2 0.15271399306611302 0.60251756735359 0.04892837939029935 0.08493862133990877
2 0.18350545081343944 0.6583408533577261 0.042551114363184706 0.06299089600572713
2 0.19925317066101428 0.6796164166931806 0.04564884328594587 0.05833975867281786
4 0.678282140508589 0.7062827454248595 0.049155638367289714 0.12400112133990895
4 0.7109810110200939 0.6871333034293137 0.0396806444174139 0.10670453333863605
4 0.7780276104543599 0.6636963507717679 0.03958974082661779 0.09107953333863605
4 0.7982628424021831 0.6506514581078587 0.042760192622015934 0.09892839600572714
4 0.8122708002477053 0.6414400901097677 0.04272383118569749 0.09267839600572714
4 0.7185935231203423 0.652849210097041 0.041152240826617795 0.0910977146721816
4 0.04458280961747927 0.41220964600572696 0.044313602262936305 0.09738407733927237
2 0.14555093285945855 0.5797795013526355 0.03947156615858276 0.07076703333863606
4 0.8165674148072817 0.574307134110404 0.042760192622015934 0.09892839600572714