3 0.9762136956279253 0.21185533561265105 0.03178319368794007 0.12936216832079958
2 0.02426984089388048 0.38284673325077695 0.04853968178776096 0.12456766046291676
2 0.13025661950702097 0.6115089265929672 0.04718801779449713 0.08641268899896418
2 0.16087260813831444 0.6638869098437442 0.04154551285158128 0.0627568651776464
2 0.1772324371877874 0.6833988891655798 0.0460420118629981 0.05828768899896399
4 0.6546398541839817 0.6596037466947403 0.05834569368794007 0.13059933664159917
4 0.6907511091268976 0.6345288180348585 0.04814302273741298 0.109850188998964
4 0.7165615340317574 0.5943383116247177 0.04989652372599629 0.11461046360606986
4 0.758176031066008 0.6064358972328596 0.041129018783080264 0.09080909057054054
4 0.7709134530051183 0.5808900876795656 0.04151102076024671 0.10018409057054072
4 0.7918307894689649 0.5651002677871896 0.058889521748829665 0.10567211124870504
4 0.6114111190127294 0.5914380976043632 0.05053319368794007 0.13023546360606986