2 0.027066154497583223 0.6998708680512764 0.054132308995166446 0.12923905933798813
2 0.10886835752189812 0.4535654757295907 0.06225933540139543 0.09019987012586875
2 0.13645776198104403 0.395966463282036 0.05135468639013112 0.06761447510489074
2 0.1513232913141392 0.3743166062284217 0.05426116510280767 0.0647262734452168
4 0.6287159538190569 0.33116690561765494 0.07102233020561535 0.12661096680652095
4 0.6660138580261012 0.3481301852866491 0.05899222376899793 0.11015717261537983
4 0.7506566557965282 0.3843888392306969 0.05411905347041035 0.08492037427505376
4 0.7171557409458221 0.3692840574871103 0.06146165990702759 0.10101897095570589
4 0.6933247570373655 0.328208771594339 0.05411905347041035 0.08492037427505376
4 0.020384465761663587 0.6314877209557059 0.040768931523327175 0.10090057178554268
2 0.1025419478669721 0.4766477782191016 0.05033848960843982 0.0753085759347277
4 0.775137849728228 0.44986047387871275 0.06000842055068922 0.10246307178554286
1 0.1595731978669721 0.48096934793005197 0.08148993664223267 0.14294636182749904
1 0.14217824823528918 0.5275600053985847 0.07080380891829186 0.12348596680652087
1 0.12767335182191492 0.5665157616223621 0.08181771857321789 0.14763386182749905
1 0.11565967087966542 0.5923086670163024 0.08327095792955613 0.14618976099766207