3 0.9923610762236545 0.32104431060354627 0.015277847552690816 0.12982720234403847
2 0.05519979437127487 0.38647772054263574 0.06491091041040423 0.1255797933370249
2 0.19150683362205223 0.6287128901901075 0.04866428413027988 0.08717862739018098
2 0.22745901514973102 0.6847218607327432 0.0426117052052021 0.0634407387412331
2 0.2458295835514651 0.7061357857788857 0.04702618942018653 0.05905362739018098
4 0.7245083203972854 0.7329192427464026 0.0492859104104042 0.12457849784053163
4 0.7553109993647155 0.7138781485142138 0.040563357793685736 0.10845285009228504
4 0.84588352048199 0.6519672362679977 0.03507222099021767 0.06762759099298635
4 0.8350216151920833 0.6792911998708031 0.04323333148532669 0.10084060919158375
4 0.8506998230987085 0.667842560142121 0.04286931043863902 0.09459060919158375
4 0.80537191254713 0.6914011736526413 0.04626732622365459 0.09947836829088245
4 0.7883888098739418 0.7338995542820248 0.040578768345264395 0.0819904796419344
4 0.06536302062316438 0.4540657387412331 0.04470482622365464 0.09937823874123311
2 0.18163900995864635 0.6062871776670362 0.0400327367752332 0.0726154796419344
4 0.8539543547393269 0.6034493931155429 0.04323333148532669 0.10084060919158375