3 0.9324298059050461 0.8850093714592215 0.07573631908544912 0.12743520401018102
2 0.02546062577606207 0.4822948793364089 0.04601245764913057 0.12083975867281786
2 0.20325330678880887 0.29297039202736236 0.042669289031219734 0.08330339600572696
2 0.2498783219141194 0.2505470820337257 0.03785452400410509 0.06137385200509069
2 0.27089025868240285 0.23673003003658924 0.04251475292686617 0.05674089600572696
4 0.7318373699223295 0.3780219327657227 0.039771548008210186 0.12232953333863605
4 0.7562242915653025 0.4072099934356771 0.0318681444174139 0.10661362667090887
4 0.8127333667990715 0.45239577144331317 0.031777240826617884 0.09098862667090887
4 0.8269049511080271 0.47130940344522215 0.034947692622015934 0.09883748933799978
4 0.8371430143397436 0.48549008211326755 0.03491133118569749 0.09258748933799979
4 0.7845447342855143 0.44113100743949507 0.03806360226293624 0.0973113520050907
4 0.7186015717177276 0.38567989143058645 0.034838608313060605 0.08008748933799978
4 0.05087826141287736 0.42009487133990875 0.03649201190385669 0.09573067067154532
2 0.1892998910977643 0.31155676002545335 0.03477497579950315 0.06914998933799979
4 0.8211140142415477 0.5501429281110404 0.034947692622015934 0.09883748933799978