2 0.048250213240004294 0.6884818474022122 0.07643632535009014 0.1247466298696164
2 0.13554331727404817 0.4391733685055306 0.05568747334499946 0.08689207386326192
2 0.16122511728200237 0.3810159951287361 0.04762043467536321 0.06488070616851012
2 0.1747699966184113 0.3585915702098139 0.05069089067472694 0.06024775324641087
4 0.649034747294729 0.2957617025117669 0.06235564401654479 0.12293866801906325
4 0.6840091839592746 0.3120003571381496 0.05123633068109026 0.10712275324641088
4 0.7533404392902747 0.3304015296214397 0.04792951734563573 0.0914432061685102
4 0.7743069199554565 0.3417072223972693 0.052707924013363085 0.09933752678536116
4 0.7890506726209565 0.3505600710172975 0.05107269867918127 0.09306025324641087
4 0.6953370352880475 0.34579865868027715 0.04949201734563573 0.09147047970746058
4 0.04650644724700397 0.6368784370937867 0.052689742679817575 0.09777502678536117
2 0.13059218793763921 0.4617477978886796 0.046148841343090476 0.07266593262955982
4 0.8007870566120479 0.41640325932890027 0.052707924013363085 0.09933752678536116