3 0.8764263060946005 0.7985203428439033 0.08237142619541978 0.13268469636645772
2 0.010370539674300376 0.48018183651429924 0.02074107934860075 0.12401132697140156
2 0.18463552132903607 0.27417159726514495 0.04701077886860801 0.08625623545613248
2 0.2340131660250119 0.22737647453610887 0.0410492052052021 0.06399859818322887
2 0.2559259633800585 0.21159210680804263 0.045463689420186526 0.05969373545613248
4 0.7067842661379513 0.3069699269423065 0.05746243145709151 0.1322064642443051
4 0.7322624082736786 0.33676912618370214 0.04690436305535748 0.11112868969849794
4 0.7093716688676093 0.4093934252753166 0.047177378840373055 0.11581618969849786
4 0.7868365162085386 0.37430120603004163 0.041124799915295183 0.09199605242559432
4 0.7973266951759685 0.3944383628477826 0.04010833148532651 0.10124350666795978
4 0.8003761004658753 0.422180725574879 0.04993835779368574 0.10982128121376693
4 0.6761188240869289 0.36623322770091093 0.04268729991529554 0.09212359818322877
4 0.019453625211761506 0.5054688789379538 0.03890725042352301 0.13089905575957417
2 0.16948095818897388 0.29406950908385576 0.038379231513561374 0.07155600666795978
4 0.789196405784017 0.4806309543630517 0.05186487884037305 0.11619882697140156