3 0.8554056626750451 0.12648309607917413 0.09518632535009033 0.13054145020978142
2 0.039803222748223524 0.6032676325734234 0.06706132535009013 0.12841026514684692
2 0.25100544676954073 0.7761643713752687 0.05568747334499946 0.09008147095570589
2 0.3053116861075405 0.814624142745893 0.0460579346753633 0.06749607593472788
2 0.32886736477558587 0.8265563802983383 0.05069089067472685 0.06316377344521688
4 0.7552918627466326 0.6457757025080885 0.059230644016544785 0.12625576929603194
4 0.7744413047421783 0.6144431921351263 0.049673830681090256 0.10992037427505377
4 0.8214702987348605 0.5641481168250986 0.04636701734563573 0.0940585759347277
4 0.8298549633990879 0.5468305622609951 0.05114542401336308 0.1022262734452168
4 0.8390117873965426 0.5287909572819733 0.04951019867918092 0.09585787427505377
4 0.806771999403224 0.5755233247085497 0.05268974267981754 0.10078217261537965
4 0.7715708434118145 0.6360813937948002 0.04782042934436319 0.08480197510489074
4 0.07718559142263226 0.6630812630722546 0.05112724267981759 0.10066377344521679
2 0.23362704276731355 0.7584557305034754 0.04456816000954502 0.07362767676456468
4 0.8109589653882703 0.46578147180412033 0.05114542401336308 0.1022262734452168