2 0.04904642878483039 0.7300570330322917 0.08940469269935693 0.12638393992586625
2 0.11736398315690497 0.4702256760460502 0.06443918479069152 0.08806548439090349
2 0.13784757950658344 0.4078794434692453 0.054172846843970036 0.06586310217691818
2 0.14974008444949932 0.3840599975529293 0.05567167984777566 0.06435516587924912
4 0.6179236931564674 0.24756935981183054 0.07521485870696817 0.12276786660488855
4 0.6541331071869123 0.2587871128070554 0.06357702174882984 0.10519842068857255
4 0.7610396817877609 0.2964011854950609 0.04798651384016441 0.06720734736759475
4 0.743276520228774 0.2728371999230312 0.06488485376405233 0.09900298439090331
4 0.7617081852478021 0.27999493549506094 0.061568852775469196 0.09420635698624161
4 0.7099056047154544 0.2685415695231446 0.06488485376405215 0.09900298439090341
4 0.6809648626241198 0.2321055617185963 0.057934516805913994 0.08159722958157992
4 0.040846609621189224 0.6632514789486077 0.06482118676785789 0.0974404843909035
2 0.11331581171208631 0.4929910534507118 0.052928681824942016 0.07362103847458741
4 0.782694505894318 0.33933272996009806 0.06488485376405233 0.09900298439090331
1 0.0400500553048862 0.7249702289486077 0.0801001106097724 0.13554068511654283