3 0.8021687873788668 0.022616469923989305 0.11058757475773362 0.04523293984797861
2 0.09125660065975957 0.6546565225012373 0.09300659084927707 0.1278594063770065
2 0.33084861440551444 0.7730469171195988 0.06694683540139543 0.08913109905006031
2 0.3897919256695948 0.7974017859573628 0.05604218639013112 0.06676477611928178
2 0.4153382288879035 0.8039040914752867 0.057495425746469306 0.06528416327441144
4 0.7962558210745628 0.5212631733396351 0.09020937278026224 0.13238313206674696
4 0.8107664353048504 0.48208116463320794 0.07628898441265974 0.1114155348257091
4 0.7948247250295057 0.433517511874246 0.0780700056999832 0.11462242198083886
4 0.8489112914893662 0.4220577114447047 0.06404035668871906 0.09209232473980081
4 0.8519598818344403 0.39837454997931543 0.0677116599070274 0.10006859905006031
4 0.8508290705703597 0.37098985640175053 0.08242972376899793 0.11018058344622803
4 0.7290465417414678 0.5020461838550848 0.06571211733238069 0.09373671189493056