3 0.8611853933922765 0.9399895897139231 0.08890378729346118 0.12002082057215376
2 0.019933010166801015 0.4417073389353046 0.03986602033360203 0.12403967787060925
2 0.21181792060375448 0.27463387996150634 0.05138393992586623 0.08634867688202608
2 0.26315473131086053 0.2383899738397269 0.04437004809323426 0.06421900889724856
2 0.28627477278067276 0.22603189528454562 0.04733135698624169 0.05965884288963732
4 0.7255579836731132 0.41683323919994714 0.06384922359113006 0.1305443458553869
4 0.7485763322218343 0.4521950776409602 0.05381945916315978 0.1114123438782205
4 0.7707315852170592 0.48986883258387603 0.053928586567821665 0.11453734387822045
4 0.8000644211519088 0.5012347555115696 0.04535219473518959 0.09234400889724856
4 0.8014260245099531 0.5294552560058612 0.04562501324684396 0.10015650889724856
1 0.36043152459477124 0.18602366060758482 0.033105165879249124 0.05439833992388783
4 0.8147519145284867 0.5511220089716107 0.06303076805616721 0.10710684585538673