2 0.1048446757828502 0.6677935357556949 0.08195111485312831 0.12930460485118864
2 0.17837867319777637 0.4124845402976227 0.06014001666989945 0.09027405575957421
2 0.19944073016529856 0.35256753529665297 0.05041433030538141 0.06619882697140156
2 0.21171758955841505 0.3295446234779421 0.05328423879011233 0.06332891848667063
4 0.6838159880412064 0.23595566739940885 0.06619856909549374 0.12646664727484327
4 0.7195939913751863 0.25033716073144907 0.05554811151914833 0.11007637272903603
4 0.8257481386500295 0.29829668648520424 0.042856921820650484 0.06868609818322877
4 0.8079548607702425 0.2730096440615496 0.056472882730975726 0.10239141848667063
4 0.8267526581948669 0.2816991178487524 0.054400199700437565 0.09601387272903601
4 0.7709332218303488 0.2626619464871439 0.05790783697334127 0.10095646424430509
4 0.7467146007683028 0.22610256421521013 0.05194487939699588 0.08494882697140156
4 0.0977339353257479 0.5999523315133294 0.05634533697334119 0.10082891848667046
2 0.1739780866834771 0.4356509733281609 0.049489559093554104 0.07388378121376707
4 0.8467620113790655 0.34376868315122433 0.056472882730975726 0.10239141848667063