2 0.04697428092257902 0.2882807026575459 0.08831909084927705 0.12436474801081765
2 0.10020391568388534 0.5429222019812281 0.06382183540139544 0.0866102093411815
2 0.11709113090290854 0.6028330039783646 0.05291718639013112 0.06462612133990878
2 0.1280068515698134 0.6253438033100011 0.055823665102807674 0.061537484006999675
4 0.5908185719846166 0.715974062579595 0.07403806956195354 0.12107611600890884
4 0.6269581677775723 0.7015024825748224 0.062007963125336296 0.10532384667409059
4 0.6981993832486971 0.6874030725652773 0.05789961733238051 0.09122498400699967
4 0.7207845774324984 0.6769922838956411 0.06313342055068923 0.09909202800763595
4 0.736174630650807 0.6690070612269594 0.061133877976042326 0.09282384667409058
4 0.6425338912944687 0.6685354412396862 0.059462117332380514 0.09124316534054522
4 0.05561730740568258 0.32096593332272777 0.0768352876309684 0.11642497867599957
2 0.09793657533881137 0.5195301553150917 0.05346348960843983 0.07243862133990878
4 0.756333947362769 0.603981497891505 0.06313342055068923 0.09909202800763595