3 0.9799149655007057 0.814451970798812 0.0401700689985887 0.12249316534054522
2 0.03159801663579621 0.5572857886696362 0.0457955154212755 0.11769657733927233
2 0.17860188149117412 0.34263403735677167 0.035793224025417646 0.08164998933799979
2 0.21679162824476322 0.2930885706954077 0.03382162094116259 0.05819430800445442
2 0.2360092325468343 0.2753470873647258 0.03842730032431154 0.05356135200509069
4 0.7121001741048479 0.34337421276254104 0.030225062499176225 0.12063976400381797
4 0.7414291639585782 0.3679293174331318 0.023729600648623082 0.10650453866963616
4 0.804556455354436 0.4045940707749495 0.024992091720169272 0.0893352200031817
4 0.818864417204989 0.4188202027768586 0.02825345941492117 0.09718408267027248
4 0.8339536290555423 0.43305542544554027 0.028144365259120008 0.09093408267027261
4 0.7864513376596843 0.39657248543917695 0.0313511858759707 0.09565794533736352
4 0.7569314330333017 0.3610798807685862 0.02948867694751698 0.07845226400381797
4 0.04997014123040675 0.4911068053389543 0.029788685875970743 0.09563976400381798
2 0.16801893749752855 0.3628192680219535 0.029297762174864593 0.06751476400381798
4 0.8288763912304067 0.5001702001113586 0.02825345941492117 0.09718408267027243