3 0.9211347927995618 0.9183287181972549 0.0936130669968918 0.13175906010845856
2 0.048664555829240286 0.4240505783570271 0.06356169396136273 0.12377384328594587
2 0.2408412855653606 0.25491826239483595 0.05392982878371626 0.08466589149054773
2 0.2914384449948201 0.21711373536566883 0.046660984284234354 0.06275453005422929
2 0.3135488854415261 0.20526317515901438 0.04964043507002262 0.05964771077238853
4 0.7623075248119937 0.394110489078102 0.05880141935425698 0.12218407220870695
4 0.7848567669541108 0.4252377692305272 0.04713617328319834 0.10649543969514963
4 0.8372583289886041 0.47650937773997926 0.04640842721213971 0.09087043969514959
4 0.8499231488809802 0.49675370004688213 0.04989730024766885 0.09870112041330899
4 0.859208257648486 0.5115474530719444 0.0480437018192454 0.09244203005422928
4 0.8100408575246514 0.46260141384433284 0.05294952564056317 0.09715680113146821
4 0.7495892009906762 0.3894957119507389 0.035869033498445904 0.065815897540672
4 0.0787116207592177 0.36448468081635516 0.05138702564056317 0.09714771077238851
2 0.2251991689399721 0.271419961165172 0.04389985731976358 0.07054884933607006
4 0.8371192419327201 0.5741928988172182 0.04989730024766885 0.09870112041330899