4 0.7908542098820162 0.4399014613435758 0.07068498924663302 0.14367857123840277
2 0.12427679362813124 0.619656576937986 0.055419554176610444 0.08401263050895835
2 0.047727102147967874 0.537753919927882 0.049024004962398726 0.08074216014423605
1 0.26932392803620003 0.7281204275273262 0.05312930810555185 0.06835126291777786
1 0.25454649048497807 0.6291380668699998 0.07159251778268025 0.12965243882958327
2 0.33020792410725863 0.7423452752668748 0.05327485731976358 0.07147626291777769
4 0.6573033093438969 0.544682493163055 0.04248290653397539 0.07434668977951393
4 0.6242360982190265 0.5399774625778467 0.0446276033908223 0.08688305737069442
4 0.6391890101296853 0.5419757204616313 0.04655397642635144 0.09473192496187507
4 0.7728213014860141 0.5732776590068743 0.051314251033457305 0.09640352773541672
4 0.7856466331652145 0.5463878506862494 0.05273120181924575 0.0933148953265972
4 0.8194736695591447 0.5002388960890964 0.04470037799792799 0.08844555737069441
4 0.8288293988809802 0.48281500674642297 0.051969222497410074 0.11046602773541672
4 0.8544265583104396 0.4446785739007632 0.05778257485477489 0.10123649810013897
4 0.8246619755977818 0.37654682295083264 0.056292849461880845 0.10276263050895836
1 0.3112673713783902 0.6043549659963192 0.057637025640563166 0.09811149810013901
4 0.18312740880577766 0.6573916598598958 0.06185364474715103 0.12162173328249999
4 0.204276816787495 0.6748876311745484 0.061053124068986594 0.10443423328249998