4 0.7553223508261558 0.47370239547243476 0.03303573320977691 0.14226309471009327
2 0.05941957378431386 0.5087764895472434 0.037048621414211926 0.07856461575678075
2 0.04267850708675812 0.47466680005646983 0.04157243030721937 0.07415013154179632
1 0.24484860917885837 0.7357730870999342 0.02345734736759475 0.046586573663405774
1 0.32079355028585094 0.7266718319088495 0.020714293283910834 0.057342063140062294
4 0.6875668772350256 0.6055131085701446 0.02671132213985139 0.09511507892507769
4 0.7819642071794254 0.5368625481315055 0.021751003628197197 0.0870295631400623
4 0.798725121244576 0.5257507428839511 0.020605165879248943 0.05421706314006212
4 0.8065227522774346 0.43641522709893554 0.03194445916316004 0.11101309471009327
1 0.35724940545799405 0.709734960890397 0.02389385698624169 0.05908657366340577
4 0.6336407798674308 0.6538742848361515 0.018080366604888452 0.07122255261671846
4 0.7118501146211539 0.5799292796450668 0.0312896947351895 0.09226309471009327
4 0.7694642071794254 0.5375905902248803 0.021805567330527964 0.0885920631400623
2 0.21737093912325803 0.6742209370716994 0.03644842068857253 0.06137711575678075
4 0.7630405923886354 0.5652528586407317 0.02093254809323426 0.0635920631400623
2 0.19633175282558885 0.6738870081042693 0.026909729581579934 0.056143584186749605