4 0.8093981074156327 0.6109178993873836 0.06102950135263541 0.1425329336450254
2 0.09001975672340648 0.4184641745698392 0.050963610677908576 0.08310339149054773
2 0.08019931405154308 0.38012838241536145 0.05561474801081769 0.08000566256778666
1 0.18052822008272346 0.6103840298578376 0.049673830681090256 0.10653180113146803
1 0.253947538749178 0.6092487767345796 0.048129512014635625 0.1080852107723885
2 0.19944185208463247 0.624555614166793 0.039844297342454114 0.06741475897699054
4 0.6823003527609502 0.698453739942855 0.044859061346272 0.09556703005422928
4 0.7771492287555415 0.6591645018467117 0.040080654678545005 0.08772725897699055
4 0.7886588934197687 0.6412639295398088 0.04504087468172653 0.11119203005422928
4 0.8174196927514051 0.6289321011827818 0.05116360534690863 0.10029089149054773
4 0.8259492607415421 0.5563303933372594 0.04960110534690827 0.10028180113146803
1 0.32725776941435986 0.5987385236113216 0.044859061346272176 0.09556703005422928
4 0.12204246339908789 0.48505223175143153 0.05125451201463567 0.10810339149054773
4 0.6208270507638136 0.7191884207592102 0.04167951734563573 0.09086134933607007
4 0.7078179734245412 0.6759474808676688 0.04954656134627218 0.0955943011314682
4 0.7655213854232686 0.6669088241536146 0.03855451734563573 0.09084316861791084
2 0.2321276300922685 0.6809919665279252 0.04286020934118149 0.05805793969514959