4 0.8170738164943971 0.5299754095416409 0.07650229434509229 0.14405152837152996
2 0.12839415089574002 0.37535168949601644 0.058807654948240584 0.0843128155185485
2 0.10436062007578625 0.40503082930860207 0.06322175287472205 0.08132420783841643
1 0.3592457352970829 0.1939723427029442 0.03874943317629622 0.051000210345698974
1 0.431979897738194 0.21065372585161218 0.03956963939685174 0.06037521034569897
4 0.7767140737044436 0.3909500134608491 0.05521376324231468 0.09667642319868044
4 0.8576017802078232 0.47396945044958316 0.0482802580585183 0.08868206677218957
4 0.8713320895386565 0.4876682375966016 0.037733737323333114 0.05720474623907634
4 0.8609502470787952 0.5749098248227625 0.06622917568342572 0.11569920783841656
1 0.4644991632895829 0.2332046757724699 0.04283134043361088 0.06202863855894432
4 0.7334432358627309 0.33503263407310485 0.040663247690925886 0.07287521034569906
4 0.7957176434028694 0.420160140341311 0.059901263242314685 0.09681281551854841
4 0.8448283781343047 0.47120816330256454 0.04855366013203692 0.09180706677218975
2 0.32122761691824026 0.24285612358175657 0.054178943543888816 0.06703438730530316
4 0.843930259472638 0.4430376991959418 0.0384172425071295 0.06501724623907634
2 0.2997237638079625 0.23878238902116275 0.04425713939685174 0.06051160266556703