4 0.7693823616259291 0.5951281641072222 0.07527779691210768 0.14300566000954512
2 0.08987594401739944 0.35822212734722664 0.05914187622353535 0.08346702800763603
2 0.06079607922660947 0.3852386133434086 0.062212312521204495 0.08194089067472685
1 0.32094987314349244 0.2092868300445434 0.03768353847458741 0.050418170671545234
1 0.39442208947822854 0.2539095340547248 0.04275298439090332 0.06141021467218159
4 0.7304711729660072 0.4336724961011772 0.05489088584218216 0.09591248400699967
4 0.7953297919331485 0.523525884110404 0.04836806733052797 0.08802725867281787
4 0.8073114367610053 0.5385150847787676 0.036339293283910834 0.056649989337999786
4 0.7993873201561168 0.6087639501113585 0.04718751324684387 0.09894657733927233
4 0.7816541831328083 0.6241889554423586 0.06492065027015244 0.11477157200827222
1 0.43659966579443105 0.2770657707272245 0.04124504809323426 0.06295453333863606
4 0.11021572586856487 0.3576772346833174 0.06313989546082906 0.10850339067472695
4 0.6942633436545798 0.3738520534293138 0.0400099303072194 0.07231135200509069
4 0.7442509307705555 0.4643139687698589 0.059578385842182155 0.09596702800763594
4 0.7837474511889756 0.5194832741088131 0.04842263103285873 0.08958975867281786
2 0.3479116772271765 0.2205425033815887 0.048948420688572546 0.05992044000636332
2 0.29265125835270245 0.23631240670749812 0.0360119110699257 0.047274989337999784
4 0.787854597830931 0.491394636775904 0.03817461179556503 0.06448067067154532