4 0.8028469415613089 0.4046086700542487 0.0790171185055307 0.1419614034085667
2 0.0985649959461055 0.662139715504001 0.060820497564368026 0.08384889448011297
2 0.06934114610826128 0.6360954127440575 0.06391822402541766 0.08234094155801355
1 0.27872800852800717 0.7659935982162864 0.06279210064862309 0.10731366801906325
1 0.34367689854389327 0.7140941331193225 0.06281937418757337 0.10887616801906326
2 0.3005484614501065 0.7687367686709816 0.048075035713814884 0.06956820616851012
4 0.7394139127473528 0.5486410880733119 0.0563511858759707 0.09626707386326191
4 0.8018241838506711 0.4632024200542487 0.049964818181219076 0.08834547970746058
4 0.8014111266265008 0.44212230682372394 0.059694374187573375 0.10882162094116263
4 0.8198435267886565 0.415246161125795 0.06424550649282175 0.10109094155801354
4 0.7875043595803721 0.3439575422132273 0.0675886948044246 0.11364548863591431
1 0.40134907670922626 0.6763798989476351 0.0563511858759707 0.09626707386326191
4 0.16375361932290006 0.6859942268680868 0.06594437418757346 0.10893071509696384
4 0.7033030888840909 0.6039422426996947 0.05311709172016936 0.08996252678536117
4 0.7524593835263597 0.5171728997617093 0.0610386858759707 0.09634889448011279
4 0.796109972000118 0.47736037744057497 0.049992091720169364 0.08990797970746059
2 0.35785640097952526 0.7966338977298191 0.04947389448011297 0.060220479707460584