4 0.8112417101974501 0.6978877297316111 0.09010045680654803 0.1429195541766104
2 0.12640420624072105 0.34490158519385705 0.06692190637700658 0.08728598428423436
2 0.12201327736247722 0.3057299232831983 0.06996501922187685 0.08586903349844599
1 0.19793612675122182 0.5945056329603268 0.033706614653892554 0.048330492142117085
1 0.27877004692303836 0.6200921379227256 0.048506099050060314 0.06304796360606986
4 0.6697402849372507 0.7489685785743193 0.06428822930778502 0.09651543507002244
4 0.7720054698083884 0.7373654526433059 0.057628793532136416 0.08841183664159917
4 0.7860712918346556 0.7232130614108115 0.06815021370395283 0.11072348428423417
4 0.8169527996365717 0.7176373035529287 0.07078389077317446 0.10149403349844607
4 0.8396256597679086 0.6446557218737283 0.07620837516934209 0.11577485731976367
1 0.3394995070089466 0.633831460296301 0.04702548620519007 0.06453768899896399
4 0.14202256218818632 0.3752440566578098 0.07275582654882311 0.10937930810555185
4 0.6027951243763726 0.7653341331652145 0.04743492198083885 0.07235018899896417
4 0.7003351876962126 0.7379240707164365 0.06749511646291495 0.09822348428423436
4 0.7590517684289073 0.7429968684829061 0.05771068068726617 0.089974336641599
2 0.22798547489677098 0.6325343258882322 0.05311171189493056 0.06170378742738745
2 0.22257095657940526 0.5738314139775734 0.03995661465389251 0.04862159057054054