4 0.7693232943251058 0.49416681391652106 0.06682673111680745 0.14564569994353035
2 0.07085257406243228 0.38686369219219685 0.054340019221876854 0.08572466837349921
2 0.043515468114966996 0.4180527790097823 0.05886374491161735 0.08287268415851479
1 0.2156029093176827 0.2553722265342382 0.05195864767057934 0.0700086631118273
1 0.2153362364323327 0.34963046074922266 0.0675703595655099 0.1301117052052021
2 0.27316642582602607 0.24189428448321565 0.0520405348257091 0.07157116311182729
4 0.6068409837187992 0.3992623795462448 0.039786196291098364 0.07553062101845258
4 0.5715209594085398 0.4044349979338614 0.042003793532136416 0.0881216262801244
4 0.5919562901412343 0.4009081795321274 0.04397572930778502 0.09602513154179633
4 0.7204021947092187 0.3575992533367076 0.04874511646291495 0.09786064732681173
4 0.7346351130720128 0.38325170071998915 0.05014384215265544 0.09482665258848363
4 0.7698422727283798 0.42481757443986473 0.04364818068726599 0.08977513154179632
4 0.7799199575995174 0.44058678760816183 0.049563988014212336 0.11348564732681185
4 0.8061206094539684 0.4756674428980686 0.05524077792830404 0.10291216837349922
4 0.7782578810506943 0.5466092744539821 0.05367827792830404 0.10282116311182747
1 0.2777986148810352 0.3615697476515128 0.055077003618044615 0.09978716837349921
4 0.1263523015611951 0.338457013295354 0.05786781094499088 0.12331567363517096
4 0.16212270522466823 0.32469064490773736 0.05852955223856364 0.10621917889684288
4 0.6766831722079815 0.3149714085560272 0.04537445499752568 0.09299113680346807