4 0.7474316841937692 0.4574246712285503 0.06213923111680728 0.1428238466740906
2 0.05638288105069429 0.5927318453214551 0.0511331320667471 0.0817954400063634
2 0.03380187415328933 0.5617636559914094 0.0556568577564876 0.07872498400699968
1 0.2820025995043456 0.7868614639560929 0.033788501809022264 0.048801126670908704
1 0.34125144674538355 0.7736796639481387 0.032799211894930555 0.059720445337363516
4 0.7027256145423509 0.5953610232336409 0.04562011646291495 0.0957852146721816
4 0.7850268594539683 0.5147644565563687 0.04052318068726599 0.08791817067154514
4 0.7997854002725712 0.5013195745544596 0.03255355042954129 0.05503294533736351
4 0.7926932745374021 0.41317468455605055 0.054415262324472025 0.11462612133990877
1 0.3954409797620704 0.7527489986075937 0.03600609905006032 0.061319308004454245
4 0.6568908141128096 0.6505485099061407 0.03345430913596843 0.07222044533736352
4 0.7221683333346863 0.5670269378978683 0.050225729307785016 0.09427725867281786
4 0.7731852787212736 0.5172445665579595 0.040686954997525504 0.09104317067154533
2 0.24354428708901663 0.7310932692950473 0.048669873360319825 0.06458975867281787
4 0.770930059928938 0.5453786572247322 0.033044873360319825 0.06440794533736352
2 0.22232770635632199 0.7336824672979108 0.0374048247398008 0.05821248933799979