4 0.773668101459128 0.35022709811738806 0.06434029691210803 0.14564569994353027
2 0.06483127088175619 0.5770714632388841 0.05289187622353535 0.08572466837349921
2 0.05411946017465023 0.6158987448089153 0.05747024881887364 0.08287268415851479
1 0.14232633222183436 0.4119477212019792 0.058125013246843917 0.10162268415851479
1 0.21203863149619492 0.42503998442674595 0.05645338584218225 0.09840667889684288
2 0.18919389773826373 0.36477731861349555 0.05083830290255764 0.07157116311182729
4 0.6635515461943177 0.2661999795885971 0.04707838584218216 0.09786064732681173
4 0.6879786273198437 0.2811501454018476 0.048531758437520625 0.09482665258848363
4 0.7451090810407079 0.2973142007199891 0.04211806733052796 0.08977513154179624
4 0.7563367577197303 0.31069416125745025 0.04762402286549072 0.11348564732681181
4 0.7970336795894293 0.32859502182314626 0.053492076949174815 0.10291216837349922
4 0.8038714674310443 0.40070524025311516 0.05192957694917481 0.10282116311182729
1 0.2840401170682247 0.439558239759005 0.0533829495445131 0.09978716837349921
4 0.09441213267732129 0.5114163711596269 0.05576390507947591 0.12331567363517096
4 0.12059268676100529 0.5208067817112054 0.05672620435383648 0.10621917889684288
4 0.6025694061757843 0.24870093742463517 0.0437896947351895 0.09299113680346807
4 0.6905307084453697 0.2973743848785039 0.051765885842182155 0.0981336631118273