4 0.7888372142894804 0.6011661998708031 0.057169392044480814 0.14569203423772628
2 0.0804088798729116 0.41185725478036195 0.04829322402541769 0.08425388648947969
2 0.0556446590939048 0.44155524676079755 0.052926176947517 0.08142927513842757
1 0.28495783238797384 0.2536802166851244 0.032095479707460586 0.05044009099298643
1 0.35794531899529325 0.28416755551864253 0.03541139448011297 0.061577850092285044
4 0.7274611578760888 0.443154638335181 0.0422886858759707 0.09791586829088242
4 0.8041952073896214 0.527848615817647 0.03746481818121907 0.0898029796419344
4 0.8180258823085435 0.5420310317644909 0.030642073863261742 0.056589961443336986
4 0.8199235730557783 0.6125437908637895 0.03299550649282175 0.10200259099298634
4 0.8047661773578494 0.629561310142121 0.05042846834337489 0.11716651603912887
1 0.41218280560261256 0.3134533397563687 0.033876168019063256 0.0630402205426357
4 0.109587865262415 0.3980846514488744 0.04875687418757346 0.1108163864894796
4 0.6831168685088259 0.3847821313953506 0.03094208279171564 0.07377746144333708
4 0.7449389841749827 0.4724311281561481 0.04694891233702041 0.09665375693983033
4 0.792517367698047 0.5247538941952771 0.037519365259119655 0.0929279796419344
2 0.3171799971606262 0.24479537245293548 0.04160684740221221 0.05885336829088228
2 0.28121917776159117 0.28863620758582575 0.03204093262955983 0.04731509099298643
4 0.7922270413991532 0.4965788294204524 0.030805715096963837 0.065964961443337