2 0.09897861119863464 0.3858432415624795 0.05613299756436803 0.08472222958157997
2 0.07516718993316052 0.27566963339511147 0.06079322402541769 0.08332342068857254
1 0.1679485738599666 0.5303992842134182 0.06265573295387146 0.10056548439090349
1 0.2006462512145207 0.43310513276213924 0.07098643019392785 0.1305258029025577
2 0.20504519926535608 0.5955505690598084 0.05278980925276533 0.07211310217691817
4 0.5967241846548594 0.5975073616259291 0.04190685633066593 0.07485615626060227
4 0.5682582654179802 0.5789582582678845 0.04368754464226861 0.08741071996293322
4 0.5762344066516822 0.5880604397562301 0.04692163879807012 0.09376984736759475
4 0.6724838896055536 0.6831968357652134 0.0516636858759707 0.09705853847458741
4 0.6988009277550006 0.6682067528255888 0.05317163879807012 0.09398810217691818
4 0.7523662585181213 0.6467930550951744 0.04527731818121907 0.08902778366526398
4 0.7693901172844193 0.636817854369535 0.051909147726523844 0.1111210384745874
4 0.8120588583559656 0.6181298525554364 0.057995506492821744 0.10196429328391084
4 0.8248531387947746 0.5449825292344587 0.05646028003177213 0.10347222958158006
1 0.24853432629559863 0.4447221898410483 0.0469761858759707 0.0968948473675948
4 0.12820818952612342 0.44814234492052407 0.061475062499176183 0.12238592068857254
4 0.13568945291880405 0.47367805826003523 0.061175053570722414 0.10519842068857255