4 0.7765625 0.5248940571832632 0.040625 0.14313305737069443
2 0.078125 0.47474412044097214 0.040625 0.08063305737069441
2 0.06328125 0.4383708625571874 0.0453125 0.0776171601442361
1 0.23359375 0.7008130451185067 0.0265625 0.047493249050069505
1 0.31171875 0.6966509155594789 0.0296875 0.05850348423243048
4 0.696875 0.6486238043334717 0.03125 0.09603985182361115
4 0.79375 0.5909002636802771 0.0265625 0.08811824905006951
4 0.8109375 0.581906470177291 0.0234375 0.05367051386770836
4 0.83359375 0.5141916401051729 0.021875 0.10050914627652788
4 0.8234375 0.49333427944784647 0.0375 0.11337282218833344
1 0.36171875 0.6806434026417011 0.028125 0.06002961664124999
4 0.63828125 0.6898313390027425 0.021875 0.07238414627652787
4 0.721875 0.6253856728745827 0.0359375 0.09302395459715278
4 0.78125 0.5904099544097215 0.0265625 0.08968074905006951
2 0.25625 0.6987232150463887 0.0359375 0.05552395459715278
2 0.2125 0.6638040075994442 0.0265625 0.04436824905006951
4 0.7734375 0.6171542923656244 0.0234375 0.06304551386770836