4 0.7409095271843957 0.4543820323010287 0.07757473370266403 0.14818215060882314
2 0.07790810735092756 0.6328440640945239 0.05865959765100211 0.08740414727484343
2 0.07130275468536053 0.6714601539428031 0.06330163354437943 0.08622428454774678
1 0.18995243243638749 0.3616383569772205 0.03739235141192578 0.05293355242559432
1 0.2670377696625483 0.3499193491013127 0.04239810015828453 0.06425368969849794
4 0.6422567300082473 0.346091558054784 0.0558983105039836 0.09964905575957417
4 0.7492054119824163 0.38457971533156693 0.04942098997087019 0.0913263727290361
4 0.7678417517158597 0.39001651442318136 0.037574207838416564 0.059183552425594324
4 0.7990259040648575 0.4755712482123238 0.06581887978345566 0.1191643303053814
1 0.29658887734268025 0.35703021849636896 0.04244356426490725 0.06581618969849785
4 0.5789443877675214 0.315080931991768 0.0411538489046432 0.0750636439408634
4 0.6722935709953318 0.3634224503286574 0.05902331050398359 0.09990414727484324
4 0.7373730017158596 0.38752937214930794 0.04946645407749291 0.09288887272903609
2 0.20358302342347198 0.37763001879593133 0.04860263605166191 0.0632013727290361
2 0.17505720665128227 0.41602296803732697 0.03730142319868044 0.04980855242559432
4 0.7240151953685112 0.36216271033059705 0.03936402837152997 0.06712359818322886
2 0.16292927969167814 0.429128874855068 0.043915136051661904 0.06281873545613248