4 0.7521933480340075 0.6231895294398132 0.07151423111680746 0.1429329346753633
2 0.06715436397652401 0.4041522453453176 0.055902519221876855 0.08341248400699967
2 0.06056684927720294 0.3657709980108177 0.06042624491161734 0.08034202800763604
1 0.1292029053609538 0.5924885866884081 0.06297139077317437 0.09911020934118149
1 0.20440430122251083 0.5746022000318167 0.06132700361804462 0.09752952800763595
2 0.1655155416115724 0.6155811886934988 0.05368492198083885 0.07089430267345413
4 0.6304611109243062 0.7085446794239049 0.05187011646291495 0.09585794000636341
4 0.7157744911820311 0.6767048807685863 0.04521068068726599 0.0879727146721816
4 0.7290114755781989 0.6627878314369499 0.05260710085908258 0.1099204400063634
4 0.7729628714397558 0.6445378181094495 0.05836577792830422 0.10061816534054521
4 0.7877081241532893 0.5720088374442677 0.056885165083433796 0.10216248400699968
1 0.2560520104039079 0.5884925247055891 0.05820200361804453 0.09749316534054522
4 0.08949635346107444 0.47007723734881746 0.0625553109449909 0.12096702800763595
4 0.10684430574506658 0.45229939135104463 0.06165455223856364 0.10377952800763594
4 0.5669784650627493 0.7265674260820871 0.048499454997525504 0.0911340773392725
4 0.6581700310961228 0.6869787620941775 0.05655761646291495 0.09591248400699967