4 0.8423882522073128 0.43184332589844737 0.07390647881213823 0.14333298863591432
2 0.13428586782291924 0.6272016538156038 0.057948278868608004 0.08373980032431164
2 0.10530402311282598 0.5995539407472347 0.06254477360693614 0.08225912094116268
1 0.2993332861258312 0.7486657763816194 0.0651083314853265 0.09947389448011279
1 0.3594748545981524 0.6936549480541305 0.05940436305535757 0.10873980032431163
2 0.33471704928001084 0.7519583717552367 0.04610072625188959 0.06792388555165925
4 0.7810019731269433 0.5729007483817374 0.053988820961982854 0.09615797970746058
4 0.8403321995200074 0.49053253328477353 0.0472837946536238 0.08823638555165925
4 0.8406661284874373 0.4694115097458232 0.05480786831702957 0.11022047970746059
4 0.8587412943006877 0.44407059050894393 0.06051183674699843 0.10095457386326193
4 0.8266120627871263 0.3758115142100501 0.059040342008670164 0.10248980032431154
1 0.4163927125330125 0.6504310535740178 0.05242632096198285 0.09613070616851012
4 0.2011695309347466 0.6745209387186397 0.06481990514873237 0.12132162094116268
4 0.7400731362387708 0.6221019074723471 0.05059080517696728 0.09141593262955983
4 0.7908551152626705 0.5406649468396099 0.05867632096198285 0.09623980032431163
4 0.834074494244218 0.50393651421005 0.04746580517696728 0.09136138555165907
2 0.39214241240595565 0.7845839111224997 0.04867969468185844 0.058603432629560005