4 0.7976318323145742 0.48555316943822247 0.038619843961677704 0.1409886266709089
2 0.10322009102100158 0.49464997601049954 0.038387470601357866 0.07696248933799979
2 0.08791599558898588 0.5303874813414996 0.04447369629109832 0.07391021467218159
1 0.26766329206179834 0.2654544667011348 0.025812227498762753 0.0455852200031817
1 0.3472655828804012 0.2796538740451798 0.027947937584671047 0.05654090133672707
4 0.7261142791714995 0.3574548940960865 0.029913229307785016 0.09404090133672707
4 0.8223175717991247 0.4202554334420404 0.024816293532136057 0.0861738573360908
4 0.8392560883074681 0.43060258744426766 0.023096663274411712 0.0533613573360908
4 0.8501736561498638 0.5197378127784494 0.03550148801421216 0.11128294533736352
1 0.38550256727656895 0.29415272605027043 0.0264673247398008 0.058085220003181705
4 0.6706964388278666 0.31308672875554133 0.02087242198083885 0.07051249466899989
4 0.7508210300760106 0.3819463640992682 0.03599945499752551 0.09098862667090887
4 0.8098585153766896 0.4208912327736769 0.024980067842395925 0.0892988573360908
2 0.28571060719066066 0.28206071137013466 0.03551477611928178 0.051944308004454334
2 0.24898521313812597 0.3113027686982713 0.02564845318850324 0.042460220003181705
4 0.8021754901619189 0.3934747574394951 0.022025486205190247 0.06271817600254534
2 0.2338515360689045 0.3204959553628168 0.02942855042954129 0.05499658267027261