4 0.7854664193712496 0.5879856739014028 0.06663723370266403 0.14546298620519008
2 0.1041756522824909 0.3900285357302202 0.05397209765100208 0.08551477611928178
2 0.07925822030832183 0.4183648976705793 0.05856866943775674 0.08263543758467104
1 0.34623981716790114 0.21082014981828592 0.03426735141192579 0.05171963025772479
1 0.4045978864473733 0.23259997455808673 0.03454013605166186 0.06109463025772479
4 0.7509513638818311 0.4473263743763726 0.0480858105039836 0.09768722749876275
4 0.8276024435861444 0.5348097642450359 0.04160848997087001 0.08954717887824373
4 0.8420513884924373 0.5488279986412037 0.032886707838416386 0.057887743102595125
4 0.8274326105166189 0.6362084899347764 0.058006379783455575 0.11692855042954128
1 0.4584503121533362 0.2603841378324983 0.037710600158284535 0.06282090456798431
4 0.7102294239901032 0.3882479454981288 0.034903848904643195 0.07359463025772488
4 0.7689799498543508 0.47713338308279984 0.052773310503983595 0.0979328889641522
4 0.8157927653728991 0.5310706105815627 0.04169941818411545 0.09267217887824372
2 0.301941899379497 0.27012322874195827 0.0487844924781526 0.06808161465389251
4 0.816536911453691 0.5030274977366924 0.03467652837152997 0.0657821302577247
2 0.2807344891129403 0.26511150214770657 0.03922763605166191 0.06134029172311406
4 0.7870994640401157 0.5100653917892272 0.04973923871722885 0.1008941146538925
2 0.039375017880181655 0.4685386380596409 0.053744777117888685 0.07770227611928178