4 0.8404639560785334 0.45323941330256456 0.047416618187108385 0.14167067445232173
2 0.11885989411004125 0.5063432767221773 0.043877287881726755 0.07921613855894431
2 0.10538719653563558 0.5427581498417154 0.04830969636645771 0.07622753087881229
1 0.25693462364711994 0.27914061605990914 0.028826372729036008 0.04760242570596294
1 0.344083808344648 0.2914838401956617 0.031281693032477874 0.05858538981258565
4 0.7302762709219632 0.3217513840731049 0.03577774545807202 0.09456835391920819
4 0.8303717368332583 0.3775718235691213 0.03058006242753386 0.08818196159934022
4 0.8483245113790655 0.3864467183962718 0.02621155575957417 0.053761497492717504
4 0.8734040018361678 0.4538471670634882 0.026912928488610533 0.10054556927947225
4 0.8641245966854167 0.47447791580984705 0.04343074879205204 0.11193771034569906
1 0.39303149137518617 0.29632445289035864 0.029846738790112327 0.060102425705962935
4 0.13697216532186857 0.497985207442705 0.041358065761513886 0.10564224623907634
4 0.6698012854658307 0.2812233239648327 0.02605205909355419 0.07090353338609487
4 0.7564082072864813 0.3444841904204533 0.04190019970043757 0.09318771034569898
4 0.8179355097120755 0.3787167864221027 0.030707608185168312 0.08974446159934021
2 0.28668589652593723 0.27905804803407824 0.03871155575957417 0.05412521034569906
2 0.24502442607271427 0.3155100250728246 0.02844373545613248 0.042914925705962934
4 0.8086722089534712 0.3515776249019048 0.02697683030538158 0.0631364974927175