4 0.7389275620972595 0.5724228637142115 0.04577095792955603 0.14376912384546295
2 0.041484479545855754 0.5420596523563425 0.042963032183086745 0.08140582488222207
2 0.02361854441623235 0.5066887888784721 0.0472370888324647 0.07869092799249984
1 0.23123612235293373 0.7960416892085643 0.02827781930985207 0.04906221658814793
1 0.29217362235293376 0.8013730296421752 0.025917643815484226 0.05972631451462966
4 0.6727184180296739 0.6986832758724987 0.03468063861970414 0.09621061866166655
4 0.7665337560289593 0.6385064849677763 0.029556096045057247 0.08955051555138879
4 0.7829235805345915 0.6289359953353688 0.025589861884499143 0.055038814514629664
4 0.7892060675451412 0.5390922453353688 0.04213250569998319 0.11394492280870364
1 0.3559301197550437 0.7888723211125456 0.02915190445914586 0.061562216588147936
4 0.6201672183979909 0.7420334432145821 0.025229228964778017 0.07208961347787035
4 0.6971774686500926 0.6748841909055078 0.04082137797604233 0.09519492280870363
4 0.7540337560289594 0.6374128766737022 0.02966535668871888 0.0911130155513888
2 0.20250447099588098 0.7235713669182402 0.041761165102807675 0.06421832488222208
4 0.7481608144430482 0.6651961240818041 0.02624542574646931 0.06441381451462966
2 0.18146535131771185 0.7209446529219903 0.032058383171822455 0.05871061866166656
4 0.7218004102360037 0.648741355938517 0.03646165990702741 0.09947231969842588
2 0.010405491323974447 0.4428122165881481 0.020810982647948895 0.07298773213953691