4 0.7524602456540127 0.5380798422057913 0.059652796912107856 0.14250566256778666
2 0.07331343739397748 0.4067590601084586 0.04971231252120449 0.08152271077238851
2 0.04800341334736037 0.43786815954272457 0.05429068511654278 0.07842498184962739
1 0.301009395376011 0.2189828459182245 0.03294147477225655 0.048619307181592394
1 0.3742459987340556 0.24753963797450637 0.03644842068857255 0.059574987899751616
4 0.720543101459128 0.40036621876742035 0.043953385842182155 0.09554884933607007
4 0.7958853526402544 0.48050823672140125 0.038993067330527965 0.08770907825883115
4 0.809484061170442 0.49387129995311774 0.0315972295815798 0.0548602168225127
4 0.7946824619887488 0.5820843722600206 0.052420650270152434 0.1143443011314682
1 0.4078571069014236 0.2696146258742579 0.03494048439090345 0.06112839754067192
4 0.679484081040708 0.3454287338927308 0.0321974303072194 0.0720477168225127
4 0.7375297048171726 0.4285957578968359 0.04858632213985139 0.09401362041330899
4 0.7842484481937507 0.47809630902830413 0.0391021947351895 0.09083407825883114
2 0.31363588094804074 0.23781011397040125 0.04258929328391083 0.056486349336070066
2 0.26914927096657426 0.258649333916172 0.03283234736759475 0.0454943071815924
4 0.7844493448357062 0.4499667638487643 0.03192461179556503 0.0642352168225127
2 0.2517435161572508 0.2647993399662962 0.036393856986241604 0.05801248789975162