4 0.829075452080256 0.5750605072284746 0.08787797355046649 0.1410886083130606
2 0.13248336021276014 0.3290284489667277 0.064198278868608 0.08315793364502548
2 0.10429744703034567 0.35498241578924045 0.06879477360693613 0.08162270472226432
1 0.2779863050357929 0.2375262293155446 0.0729208314853265 0.09882838544042356
1 0.3296089891943076 0.2919319281840765 0.07126732622365459 0.09725679508134402
2 0.33984926820408995 0.2262251149523599 0.06043624203690499 0.07220225292686626
4 0.7795242311606255 0.43545765174408446 0.061801320961982854 0.09563975292686618
4 0.7928810758707188 0.46351447405098734 0.06318181043863902 0.09252384328594587
4 0.831685241613382 0.5125241457921561 0.0550962946536238 0.08779089149054772
4 0.8343398047534443 0.5312650554330764 0.06565436305535784 0.10815793364502539
4 0.8593166889260765 0.5709769952264221 0.06832433674699842 0.10036361436318479
4 0.8279826599162939 0.6368065283057135 0.06832433674699842 0.10036361436318479
1 0.3813226786144942 0.3479001270526083 0.0681423262236546 0.0972386143631847
4 0.18971973656347169 0.2919642653217022 0.07566639988706055 0.11914997579950323
4 0.20670981548854944 0.31531086173090606 0.07163134727034208 0.10350679508134393
4 0.7381943048946186 0.3833366155415351 0.058312299915295365 0.08937157220870695
4 0.7867598784874372 0.47918038066684565 0.06648882096198286 0.0956670240041051