4 0.7671419874634718 0.4537639395920827 0.03764808320625015 0.14142508700597217
2 0.06566975323104125 0.4997623042365625 0.03775587955902784 0.07896145459715279
2 0.04764579863388844 0.5360998477395486 0.04389677678548618 0.07441942496187508
1 0.24209135533899281 0.26687380300229147 0.02605466014423614 0.04589438145888893
1 0.31999814979190944 0.2744304234432636 0.027908100873680654 0.05843074905006951
4 0.6966320785535067 0.32969196637756887 0.028744555470833433 0.0943682490500695
4 0.7897631762930553 0.3876479771111451 0.023875217514930647 0.08644664627652779
4 0.8059512207459718 0.3966411174037493 0.023111498100139016 0.05363414627652778
4 0.8239004805296176 0.4641552725139924 0.019515025835555377 0.10040004350298623
4 0.81169076804868 0.48552177944784647 0.033832098973819405 0.11166485182361115
1 0.3640929886977428 0.2921439470946178 0.026345600873680652 0.058394381458888936
4 0.6437441211065622 0.28719664827329805 0.020386541603125075 0.07074891109416673
4 0.7203053146857983 0.35256576871427026 0.03495818787965277 0.09295121941479163
4 0.7772631762930552 0.3879389178405896 0.023947952697291795 0.08957164627652787
2 0.2606049659963192 0.2765936419081248 0.03561149810013893 0.053925087005972296
2 0.21451056278593725 0.31124205205236094 0.02598192496187508 0.042769381458888936
4 0.7716496091387149 0.3607406382053118 0.02176720364722229 0.0629727786853472