4 0.7536963754086848 0.36608065932078065 0.0821421185055307 0.14573160703211538
2 0.10158090179030414 0.6630531076504242 0.060820497564368026 0.08661742288667433
2 0.07234341518298476 0.6391743190937613 0.06548072402541767 0.08535531153562222
1 0.37072854789527016 0.8018805660114424 0.03837275324641087 0.05240310919158375
1 0.4274558348269011 0.7709321522240667 0.040126168019063255 0.0634407387412331
4 0.7402633465947286 0.5097503161683259 0.0579136858759707 0.09891716378737563
4 0.803618508931749 0.41204519895717767 0.05152731818121907 0.09070414558877822
4 0.8156099943212525 0.3956692273348078 0.03848184740221221 0.05865310919158375
4 0.7873952654245707 0.3131966887781449 0.06915119480442442 0.11680557063492074
1 0.47488994237538307 0.7358970157345872 0.043278441558013546 0.06520349784053163
4 0.7071684285756653 0.572740471936137 0.043442082791715644 0.07457849784053164
4 0.7533088173737355 0.4776992797711313 0.0626011858759707 0.0992175524363235
4 0.791817938314898 0.4174836705795476 0.051554591720169365 0.09226664558877826
2 0.3170092585280072 0.7499163502491686 0.054297762174864594 0.07059190468807693
4 0.7968094013832671 0.4444769671557749 0.04018071509696384 0.0665657387412331
2 0.2973552776027307 0.7581992196197851 0.04478639448011297 0.062178627390180985
4 0.7554440616916926 0.444786650221482 0.058131874187573374 0.11141716378737558
2 0.027149286527889144 0.596384844232189 0.05429857305577829 0.08223031153562203