4 0.8388619548080486 0.572710532844225 0.044949159468438894 0.1429279796419344
2 0.11320062075489248 0.5402127922572907 0.04250647748246604 0.08052810919158375
2 0.09073533543743209 0.5053173581118495 0.04699371838316742 0.07770349784053181
1 0.2489948257198246 0.7045232210040611 0.0466327729789592 0.09635336829088245
1 0.32042973472683817 0.677979309837579 0.04497014342931003 0.0946907387412331
2 0.29256435301772055 0.7166517836194174 0.04170544108527148 0.06802810919158375
4 0.7620467358065723 0.6852722871631617 0.034132772978959204 0.09555233189368764
4 0.8279232572443721 0.6326968021225564 0.02904475478036197 0.08900194324473994
4 0.8346343321982296 0.6160099498708032 0.032009068475452554 0.1109770727943891
4 0.867056805980068 0.5877440499630882 0.04058303207825773 0.09907785009228505
4 0.8506319671465498 0.5135555783407183 0.03912066162790708 0.1005402205426357
1 0.38607571868770924 0.6339475100221492 0.04038277297895929 0.09595285009228505
4 0.1604050902177941 0.5969226696474716 0.0404223457733484 0.1208527205426357
4 0.1383310286821719 0.5317086798265045 0.042345791177556526 0.1023029796419344
4 0.710543594998156 0.7193178177002602 0.03226988433001132 0.09076470234403847
4 0.7789443391380599 0.6575675917589535 0.040282643429310025 0.09439035009228505