4 0.813313846588138 0.3671358027333776 0.057169392044480814 0.14473461124870504
2 0.09272643140844858 0.5641116958233896 0.04829322402541769 0.0834332382131759
2 0.08244349634325673 0.6021211180731305 0.05292617694751702 0.08052656203449331
1 0.18631496996493263 0.37131842018282646 0.04560460064862313 0.10828768899896399
1 0.26774224796810986 0.3776903906133218 0.04563187418757346 0.109850188998964
2 0.20327064488385474 0.35723664950466194 0.038672762174864594 0.06893409057054053
4 0.6836342548679687 0.28404082051605795 0.0422886858759707 0.09720463978475227
4 0.7811910933417272 0.31859129487549476 0.03746481818121907 0.08917381596343468
4 0.7924422390396562 0.3360506226257537 0.04256142126547395 0.11282963978475227
4 0.821593950890209 0.34876679239429537 0.04862050649282175 0.10218323821317572
4 0.8323326278377262 0.42645514475166024 0.050428468343374534 0.11631851282028158
1 0.3357109979681098 0.37452469520421705 0.0422886858759707 0.09720463978475227
4 0.13393208400623635 0.5058967814315314 0.04875687418757346 0.10999573821317572
4 0.6245632179363378 0.25942611828252754 0.03908186525911965 0.09237159057054053
4 0.7121001741048479 0.30226212758815246 0.04694891233702041 0.09586046360606985
4 0.7693223388775003 0.31054335442878866 0.037519365259119655 0.09229881596343467
2 0.23667743425111762 0.3001668581483331 0.04160684740221221 0.058142139784752266