4 0.7588124295333936 0.4937650238387853 0.05413723370266403 0.1433512629177777
2 0.06753054849629665 0.58087009992375 0.04767663354437941 0.08230466014423624
2 0.045783580628750264 0.5490927698516319 0.05227320533113407 0.07928876291777769
1 0.2758418390085275 0.7835087099154864 0.031096887305303154 0.04912848423243048
1 0.3569925506078677 0.761944140861285 0.03454013605166182 0.06013871941479163
4 0.712646820203909 0.6295018488769104 0.0402733105039836 0.09618532218833345
4 0.7961472934817317 0.5540492136182993 0.03535848997087001 0.0882637194147918
4 0.8113547563347131 0.5418947057345146 0.029716243731794025 0.055342116641249994
4 0.804571210412206 0.4526140001874312 0.048585915676833125 0.1135546601442361
1 0.3863079775674718 0.7485544412981253 0.03302310015828454 0.061664851823611144
4 0.6665925226320492 0.6808091225282645 0.028653848904643377 0.07249324905006951
4 0.7329964241231173 0.6018314437666673 0.044915346397360875 0.09473192496187507
4 0.7835790973217976 0.5561020228888548 0.03544941818411544 0.0913887194147918
2 0.29123115828799967 0.7651042020317017 0.04069920783841656 0.05715918977951393
2 0.24814038783402853 0.741429659478646 0.031005959092057722 0.04600348423243048
4 0.7820022254559008 0.5834275890932645 0.029989028371529967 0.06471711664124999
2 0.2319387263138306 0.7340165497712502 0.03449467194503919 0.05857621941479163