4 0.790079429210911 0.49006290178041834 0.036160733209777085 0.14117047077900685
2 0.09458587993655045 0.4951000401780418 0.037048621414211946 0.07716251785690745
2 0.07865334509016013 0.530737531249588 0.04318949400955021 0.07414661201270896
1 0.2715848564380875 0.26473820454365715 0.02501984736759475 0.04572160308425506
1 0.3499553930985764 0.27313313149117413 0.026964293283910833 0.056686376623205435
4 0.7200074874709463 0.361573663144504 0.02827382213985139 0.09418637662320543
4 0.815131503713015 0.4249151887120492 0.023313503628197195 0.08629205600635448
4 0.8318924177781657 0.4353578108710279 0.022167665879248944 0.053479556006354304
4 0.8412525488110244 0.5245294050268292 0.0335615228654909 0.1114556972400564
1 0.3777629345683886 0.28689166842280506 0.0254563569862416 0.05822160308425506
4 0.6653547038056823 0.31689636282019246 0.019642866604888454 0.07061250892845372
4 0.7442907248570745 0.3862015162287591 0.034414694735189676 0.09117047077900686
4 0.8026587855641806 0.4254782504004465 0.023422631032858732 0.08941705600635434
2 0.28083337086605775 0.283638209007884 0.034613102176918174 0.05213524431795715
2 0.24358883121034403 0.31265750730360065 0.024910719962933127 0.04259660308425506
4 0.7954539207733905 0.39802540624464516 0.02093254809323426 0.0628272824674041
2 0.22829121342432918 0.32175977191409727 0.028472229581579977 0.05515115016215581