4 0.7490885024358869 0.4283306747323755 0.08050563231716552 0.14573160703211538
2 0.10688386347942194 0.6527023002768552 0.059856789031219736 0.08661742288667433
2 0.10398612245641237 0.6915645411775566 0.06453519867214012 0.08535531153562204
1 0.19263396935659552 0.3575283050572172 0.037790891490547776 0.05240310919158375
1 0.2518953398681003 0.34180197794389133 0.03941702400410509 0.0634407387412331
4 0.6415027405320302 0.326159300581397 0.05680451190385653 0.09891716378737563
4 0.7510186410977643 0.3573871190568495 0.05050906010845857 0.09070414558877822
4 0.7697868218159236 0.36171367365264134 0.03782725292686635 0.05865310919158375
4 0.807754975308524 0.4445855328442251 0.06784200585373261 0.11680557063492078
1 0.30730500253408277 0.3352003269564423 0.042551114363184706 0.06520349784053163
4 0.5757459303253758 0.29929760949612555 0.04260565651766246 0.07457849784053164
4 0.672048758584207 0.34139307679955877 0.06149201190385654 0.0992175524363235
4 0.7393271621750032 0.3613236474344796 0.05051815046753809 0.09226664558877821
2 0.1923026921310366 0.43482199028239255 0.05351588544042354 0.07059190468807693
4 0.7235658067888089 0.33688485193798634 0.03943520472226432 0.0665657387412331
2 0.1736072342855143 0.44299543568660066 0.04409543364502548 0.062178627390180985
4 0.6963993187908615 0.36560133481912327 0.056877234776493604 0.11141716378737554
2 0.09892189343545535 0.760745337753784 0.06607951795398088 0.08233044108527157