4 0.7861536627588915 0.3840536290358945 0.08475297355046649 0.14419095574818694
2 0.14883348621053585 0.6589318901990371 0.064198278868608 0.08557793507002245
2 0.11759889676211444 0.6337521077340483 0.06723227360693615 0.08416098428423417
1 0.4356417834244081 0.8085143974377473 0.040412168373499216 0.05174659057054072
1 0.48946473343852565 0.7911235361890423 0.0426117052052021 0.0627568651776464
4 0.7819351415710297 0.5268233258927413 0.06023882096198285 0.09785961124870504
4 0.8398470811323907 0.4316884543049541 0.053533794653623804 0.08975601282028159
4 0.8473942706231643 0.41331944396587195 0.04748121572854558 0.066100188998964
4 0.8120112364928845 0.3303635488044362 0.07217737884037305 0.115556533498446
1 0.5395333518967294 0.7496230868509961 0.04582771046687384 0.06446491439185813
4 0.7526718467762319 0.5892890926419644 0.04481124203690499 0.07376713978475227
4 0.7926150363375928 0.4949911290358945 0.06492632096198267 0.09807793507002263
4 0.8284013469174063 0.4369217638582481 0.05362479991529554 0.09131851282028158
2 0.3705558387425497 0.7535764944184288 0.0570382262518895 0.06966183664159917
4 0.8346814389966635 0.4640471900369305 0.04279371572854558 0.06588186517764641
2 0.3505618571584012 0.7599913143108049 0.04564569994353027 0.06133991439185813
4 0.821081670580812 0.45919702419733033 0.06354583148532633 0.10113016046291676
2 0.06555898365028709 0.5876070078578829 0.06705026308359245 0.08103598428423417