4 0.7828289395625234 0.5073944307670225 0.04476223370266404 0.14502827673520519
2 0.06425844748008226 0.47109946781691325 0.04294366943775674 0.08252827673520499
2 0.05048310398571526 0.4354186939316998 0.04754024122451137 0.07973105866619039
1 0.1528853752976162 0.6138172095190401 0.04652331050398355 0.09837179802252863
1 0.20493962028305127 0.5665162386000336 0.044915346397360875 0.09670003737886682
2 0.20255275468536055 0.6485474886000336 0.0409719924781526 0.06835651609154336
4 0.5865389612701358 0.5546457612247394 0.028653848904643196 0.07373243094224939
4 0.5540219779631832 0.5467839847416359 0.02906302586424747 0.0877949309422494
4 0.5740162292168245 0.5563010963740332 0.029244882290738163 0.09404493094224939
4 0.6797601123654925 0.6198558619613735 0.03402331050398359 0.09749771287323465
4 0.702984663698276 0.5987403326282784 0.03701191818411544 0.0930287341605581
4 0.7584905176174843 0.5667912101001177 0.029108489970870188 0.08935743094224939
4 0.7691014086837111 0.5504560159163164 0.03286998746358769 0.11145095222957302
4 0.8081100843896738 0.5227791301466039 0.04031877461060622 0.09949725544788172
4 0.8087071294542513 0.4486696407902656 0.03880173871722903 0.10095049480421991
1 0.2693658331360328 0.5495365522099025 0.0402733105039836 0.09793475544788173
4 0.09846831142842036 0.5279614730126934 0.03939277210332377 0.12126299480421991
4 0.12830056393570283 0.5477058904612895 0.04201766693047428 0.10429401609154336
4 0.6210837943396615 0.6535860057768577 0.032278954077492726 0.09113845222957302
4 0.7042660188711254 0.5814982023064476 0.038619882290738164 0.09470049480421991