4 0.8183108730786053 0.6205996377133285 0.05579369665368965 0.14451628742738726
2 0.09867751091159596 0.4506228922659517 0.04862318380210835 0.08336046360606986
2 0.08464950300293057 0.41254069540910476 0.053183349809719574 0.08045378742738744
1 0.18782487703293793 0.6099486964425621 0.05238485376405229 0.09913101282028158
1 0.24254686912427253 0.575068582298373 0.052321186767857866 0.09756851282028159
2 0.2379495524320893 0.6536109592628436 0.04648768083635879 0.06922518899896399
4 0.6214822940291324 0.6317061499144375 0.034242348821136304 0.07489299214211709
4 0.5889417080595771 0.6177142704687675 0.0347516847906915 0.08739299214211708
4 0.6089504605310351 0.6303427030575908 0.036632519771663395 0.09527826674922295
4 0.7145093938388518 0.7140156898230243 0.041383686767857954 0.09705909057054055
4 0.7379959733826164 0.6971749462331651 0.04431768577927464 0.09251713978475226
4 0.7932909684397005 0.676357332088976 0.036377851786885886 0.08902826674922296
4 0.8036236319758538 0.662023004338717 0.04045785672980173 0.11261131596343468
4 0.8425123770329378 0.6404412568199163 0.04776102076024671 0.10047518899896417
4 0.8434262782118015 0.567185693337681 0.046262187756440906 0.10196491439185813
1 0.3156660341433006 0.5706764888323483 0.04769735376405233 0.098912688998964
4 0.13325544075937162 0.5146147717116217 0.05021485870696818 0.12242296360606986
4 0.1631166957022875 0.5393986019430801 0.051013354752635465 0.10374573821317572
4 0.6554036492760593 0.7369951174494489 0.03963018577927464 0.09229881596343467
4 0.739639386424478 0.6800966081438239 0.0460075197716634 0.09571491439185813