4 0.76953125 0.44786674815328825 0.0625 0.1425511143631848
2 0.09296875 0.6143028736347628 0.0515625 0.08311248184962743
2 0.0671875 0.5847653645595765 0.05625 0.08001475292686636
1 0.3390625 0.7972461420797229 0.0328125 0.050190897540672096
1 0.4109375 0.7741717355620605 0.0328125 0.05956589754067192
4 0.7390625 0.5871065101553408 0.0453125 0.09557612041330898
4 0.81328125 0.503080968099059 0.0390625 0.08772725897699037
4 0.82734375 0.4897179048673424 0.03125 0.05643180718159222
4 0.81015625 0.4015366488172182 0.0546875 0.11438066256778665
1 0.4421875 0.7505524283804682 0.0359375 0.061146578258831144
4 0.7 0.6443650191323312 0.0328125 0.07206589754067191
4 0.75625 0.558100266205465 0.05 0.09560339149054772
4 0.8015625 0.5062741457921561 0.0390625 0.09085225897699037
2 0.29453125 0.7435989673134921 0.046875 0.06589771077238851
4 0.803125 0.5343900554330765 0.0328125 0.06425339754067191
2 0.2734375 0.7476279371610669 0.0375 0.05959316861791084