4 0.7765059609609841 0.47104984902047475 0.07234397881213823 0.14330571509696402
2 0.05909240585460407 0.6235386858759707 0.056385778868608 0.08371252678536116
2 0.034213503195533276 0.5941687857138149 0.0608912683452643 0.08066934740221221
1 0.1981787507058717 0.7464012617678275 0.06354583148532651 0.09944662094116268
1 0.2575229296027145 0.6942581091700397 0.06189232622365459 0.0978568474022122
2 0.25167547702834836 0.7543734488616143 0.054095236775233244 0.07118525324641087
4 0.7109125110880411 0.6036344780793123 0.05242632096198285 0.09613070616851012
4 0.7265221005364625 0.5773174399298652 0.05380681043863902 0.09303297970746058
4 0.7713032504941102 0.5335225754815245 0.04572129465362344 0.08820911201270895
4 0.7762560610033364 0.5156220093289002 0.0532453683170294 0.11019320616851011
4 0.8057839372834608 0.4785992962605312 0.058949336746998336 0.10092730032431163
4 0.7832256687970223 0.40938564609837547 0.05747784200867016 0.1024625267853612
1 0.3109811295462448 0.6357558624164505 0.05876732622365459 0.09780230032431163
4 0.1112317585277923 0.6682432597392326 0.06325740514873238 0.1212943474022122
4 0.13047458219119817 0.6466819054371615 0.06225634727034204 0.10410684740221221
4 0.6628243506070497 0.6504997954497523 0.04902830517696728 0.09138865909060953
4 0.722790155784017 0.5608293693130142 0.05711382096198285 0.09621252678536116