4 0.7902748035740178 0.313076663606387 0.06810689204448081 0.14754442182065047
2 0.0793025271956936 0.5965723689360142 0.05457049756436803 0.08714905575957417
2 0.07160307549141028 0.6354275748453697 0.059230724025417694 0.08596919303247788
1 0.16318046956448612 0.39469126241783564 0.05497960064862308 0.11058655575957417
1 0.2474191018697344 0.39561629150557076 0.05500687418757346 0.11214905575957416
2 0.1798594549539895 0.377727031962673 0.04336026217486459 0.07063123545613248
4 0.6581129143689106 0.24195057588413976 0.0501011858759707 0.09926641848667062
4 0.7559367597425279 0.26907144315316406 0.04371481818121907 0.09094373545613248
4 0.7673555008140742 0.28530234997090503 0.05034664772652384 0.11332891848667064
4 0.7968520860414218 0.29381648057584886 0.05643300649282175 0.10446410151720871
4 0.81268954586338 0.36975722724186894 0.05980346834337462 0.11878169303247788
1 0.3084111489476351 0.3875170069578239 0.0485386858759707 0.09913887272903601
4 0.10861392614003337 0.5263077952985926 0.058131874187573464 0.11240414727484324
4 0.5959129232973643 0.22986490618952118 0.04689436525911965 0.09432382697140154
4 0.6850748348236058 0.26159352512553535 0.0547886858759707 0.09964905575957417
4 0.7427782406678045 0.2631243320930576 0.043769365259119654 0.09406873545613248
2 0.2097748258951521 0.31755493544643415 0.046321620941162586 0.06151132697140156