4 0.8434184377561097 0.4387319120775891 0.05193498924663302 0.14535605866619025
2 0.10833927046876746 0.5591075662077589 0.045899004962398716 0.08263753737886681
2 0.08493600371954443 0.5278247152190232 0.050440955748187036 0.07984031930985207
1 0.2941248748930469 0.727956483152152 0.02249573821317572 0.0482953883676025
1 0.37034061848290617 0.698329331290896 0.03401543507002262 0.061560212873234835
4 0.7554540190210254 0.5695063006972931 0.0388142510334573 0.09771623416055811
4 0.8320122109154735 0.49674650787054475 0.03376287799792799 0.08957595222957301
4 0.8357536410230975 0.47610622593955954 0.03797949710451576 0.11323197351689629
4 0.8581722965236154 0.4525923162846334 0.04520980024766885 0.101278276735205
4 0.8397262034718753 0.37628654239942 0.04586477171162144 0.11534077673520508
1 0.42446303825144777 0.6655443284409046 0.03245293507002263 0.061450952229573017
4 0.15269073800377875 0.5857903985070612 0.0455736732831983 0.10909077673520517
4 0.7086368310555187 0.6245105109726379 0.028347631926869354 0.07362317029858775
4 0.7744929633966728 0.5407421623296906 0.04342897642635144 0.09648151609154336
4 0.8239642704687675 0.5090661914106842 0.03390842721213971 0.09270095222957302
2 0.3378577582676584 0.7413580654514543 0.04004711124870504 0.05730975544788173
2 0.30357049544737685 0.6951604086465198 0.030162688998963995 0.045716691585911205