4 0.8336831014765611 0.6105019759533052 0.06379928901808825 0.1463314709557057
2 0.11353368290882349 0.41288035352912933 0.052081736581764695 0.08480197510489074
2 0.09131752390180992 0.4422951663916025 0.056568977482466073 0.08203217261537983
1 0.30413199722222284 0.2570600964801594 0.03435401603912895 0.05080548340326043
1 0.37922163479143667 0.2884061074778216 0.038179922886674156 0.061979781743586496
4 0.7597578408361029 0.4517413599766213 0.04673290252860855 0.0983908784242388
4 0.8429894478682183 0.5373488184847725 0.04154475478036197 0.09022318091374952
4 0.8579030490402374 0.5516956610162397 0.03319203423772592 0.0569370842330974
4 0.8655338787744569 0.6222449593565658 0.03765829117755644 0.10236798340326043
4 0.8518416185954241 0.639088917240017 0.05574695712440061 0.11773287427505377
1 0.43556127236065045 0.31833132843352735 0.036717552436323506 0.06342388257342346
4 0.1414386374123303 0.39944573817714524 0.0537839389258032 0.11136447510489074
4 0.710890741823552 0.3928390340418936 0.0342934592838688 0.0741245842330974
4 0.7795289227297907 0.4812279504334961 0.05132027297895938 0.0971835759347277
4 0.8311205035437442 0.5341170747085497 0.041745013879660675 0.0933481809137497
2 0.3354623403746776 0.24854977946850143 0.04422966378737554 0.05932837842423862
2 0.30325991208933256 0.2919795481398334 0.03415375693983034 0.047680483403260435
4 0.8285369216500567 0.5059328751234682 0.03379281153562204 0.06631208423309758