4 0.80234375 0.4921875 0.02890625 0.13984375
2 0.07734375 0.48671875 0.03359375 0.0765625
2 0.059375 0.521875 0.0390625 0.07265625
1 0.2421875 0.28046875 0.02265625 0.0453125
1 0.31953125 0.29140625 0.02421875 0.05625
4 0.71015625 0.353125 0.0234375 0.09296875
4 0.80234375 0.41640625 0.01953125 0.0859375
4 0.81875 0.4265625 0.01953125 0.05234375
4 0.83515625 0.4953125 0.01328125 0.09921875
4 0.8234375 0.515625 0.028125 0.11015625
1 0.378125 0.30625 0.02265625 0.0578125
4 0.10234375 0.465625 0.028125 0.10390625
4 0.65546875 0.3078125 0.01640625 0.0703125
4 0.73359375 0.37734375 0.02890625 0.090625
4 0.78984375 0.41640625 0.01875 0.08828125
2 0.271875 0.26328125 0.03203125 0.0515625
2 0.24609375 0.315625 0.0234375 0.04140625
4 0.784375 0.3890625 0.01796875 0.06171875