4 0.8170452060325735 0.6208381903043844 0.09034342531467203 0.14340774881887378
2 0.12994241204192494 0.3503050456461635 0.06565015601864026 0.08488592068857255
2 0.12385743278784933 0.31135167305082523 0.07021925684847723 0.08348711179556512
1 0.1858050161957542 0.5293005756832304 0.06001546265733611 0.07222222958158006
1 0.24212494855939629 0.46623509129232704 0.08771533278320494 0.12929068511654282
2 0.23034884420507434 0.5692608875714628 0.06169636182749914 0.07383929328391084
4 0.6182758193099651 0.6027132167980722 0.05087726099766208 0.07501984736759475
4 0.5879487792680088 0.5849726452911931 0.054949454358966324 0.08762897477225665
4 0.605539020969639 0.6000247264167191 0.058548051039618444 0.09398810217691818
4 0.6959290678600725 0.6971328501931836 0.0634723493799445 0.09727679328391084
4 0.7223256244987684 0.6836779854023938 0.06479805103961844 0.09420635698624161
4 0.7817122798927088 0.6714210328626558 0.05663035352912935 0.08924603847458741
4 0.794886786116486 0.659211209541678 0.06754454274124874 0.10988592068857254
4 0.8376303931701002 0.644402175876414 0.07007754689043359 0.10218254809323427
4 0.8525557309276828 0.5725990977461131 0.07007754689043359 0.10218254809323427
1 0.30713464192070045 0.4764979794967619 0.06984074855010754 0.09905754809323426
4 0.15228027594401647 0.41767359492052414 0.07774833693238983 0.12115080290255764
4 0.17712691059203242 0.44578867123672666 0.07343934523075957 0.10541667549789598
4 0.6326953620512137 0.7103074619887487 0.05987375269929238 0.09091766587924913
4 0.7172353827971382 0.6681893946582209 0.0681598493799445 0.0974404843909035