4 0.837920018503139 0.5476411945669235 0.07317428901808824 0.14256020472226433
2 0.11954385101513572 0.3786795119038567 0.056869366131414 0.08311248184962734
2 0.09483374768364815 0.40743122579950325 0.06135660703211536 0.0800147529268663
1 0.2676833574935407 0.2530260478118184 0.06412066162790726 0.09877384328594588
1 0.3249940121816176 0.3064646652000652 0.06245803207825791 0.09720225292686617
2 0.311383292718716 0.25249932786604773 0.05450582973421945 0.07060339149054773
4 0.7715464420081222 0.41371110128097766 0.05298290252860856 0.0955852107723885
4 0.8323523365171663 0.4851321042078439 0.046232254780362324 0.08773634933607007
4 0.8374100763381336 0.5031235801055429 0.05388406847545255 0.10964771077238851
4 0.8671569355297173 0.5407826613894363 0.05953329117755644 0.10030907220870695
4 0.8450001357142873 0.6093781252850827 0.05807092072720579 0.10186248184962743
1 0.388054019121448 0.3521271440246306 0.05933303207825791 0.09718407220870695
4 0.1714277236249547 0.3352476744716433 0.06395997532299776 0.12063975292686617
4 0.17844848164451918 0.35949824072842196 0.06285855027685523 0.10345225292686618
4 0.7231799907438179 0.36579123086766874 0.049557513879660675 0.09087953005422929
4 0.7853679125507578 0.44659177897407476 0.057670402528608555 0.09561248184962742