4 0.7733208700013126 0.6535940742310931 0.06985619665368965 0.14517125889134022
2 0.07185516498184699 0.4072367653014809 0.05493685079830275 0.0852140620344933
2 0.06482125638860958 0.3685552549623987 0.059497016805913974 0.08230738585581081
1 0.15090470053366023 0.6379110306029618 0.02847250988583174 0.048112168320799495
1 0.23577444905078546 0.6489084966902311 0.039983012851581276 0.06268409057054054
4 0.6364801031953986 0.7270593453235423 0.050758686767857955 0.09749573821317573
4 0.7370040266173836 0.6996492828747642 0.044190351786885886 0.08939213978475227
4 0.7494231135755219 0.6830075924280582 0.051331689733607536 0.11155823821317572
4 0.7803693660469799 0.6727079472666224 0.05719968775644091 0.10247433664159918
4 0.7983646323586022 0.5960555560341281 0.06089769072219049 0.11668238585581073
1 0.298688284526049 0.6416632309744654 0.039983012851581276 0.06268409057054072
4 0.0992188196207517 0.4656507328364922 0.05908052273741302 0.11035961124870504
4 0.5712079302677051 0.7537630864322022 0.037303681824941926 0.07347604135632899
4 0.6660866901535369 0.7112181755550007 0.05544618676785795 0.09771406203449332
4 0.7241856916364118 0.7068795860179173 0.04431768577927464 0.09251713978475226
2 0.19146869213070322 0.6797196949948201 0.04610567885919248 0.059850188998963993