4 0.7895787254956245 0.529762741928784 0.06893445079743081 0.14371493882958325
2 0.08901894709461775 0.3688207755512152 0.0550524823325695 0.08404899810013902
2 0.06102058045336771 0.3975822083968749 0.059703614741388966 0.08259560087368065
1 0.2321169432948956 0.2592976923449651 0.06166615824437507 0.09981946846486114
1 0.2753753276035761 0.31294871599631924 0.060067290653194584 0.09822060087368065
2 0.2934544867978818 0.2406918562889234 0.05163654160312507 0.07147626291777787
4 0.6191227147620483 0.4392501107542356 0.04077177678548623 0.07434668977951393
4 0.5792971485576385 0.4393962343293397 0.04262521751493065 0.08688305737069446
4 0.6014449054914927 0.42716833805281196 0.045932055470833434 0.09476829255305556
4 0.7372375883371525 0.39667879141569384 0.05065592306201392 0.09643989532659729
4 0.750681839287083 0.4229139830950688 0.05214568787965277 0.09335126291777787
4 0.7902521791428467 0.46728092572437435 0.04422408510611113 0.08848192496187508
4 0.7937402018442704 0.4851587567464229 0.05098323138263901 0.11050239532659738
4 0.8194298796559369 0.5220405076963535 0.05701502583555547 0.1012728656913195
4 0.7897047056439925 0.5914451243376035 0.055488893426736394 0.10279899810013901
1 0.3368024836637497 0.35758776234909695 0.05694229065319458 0.0981478656913195
4 0.14470655585208309 0.32457915985989566 0.060612804520902855 0.12165810087368065
4 0.1808622613991664 0.3143677052627429 0.0602127610179168 0.10447060087368065
4 0.6946149836637497 0.34925958396874945 0.047421820288472284 0.09167966014423623
4 0.7448312295796871 0.43944751966420076 0.05534342306201392 0.09654899810013902