4 0.7140084975012003 0.4281146058274364 0.093350026144509 0.14533765601864027
2 0.058570100606122374 0.6683849923263301 0.06889355518880329 0.08911096680652086
2 0.053266371352046774 0.7072698935710856 0.07190015601864026 0.08778526514684692
1 0.1518161508205482 0.3918001041538293 0.042851273445216755 0.052959979254075584
1 0.23322043878791204 0.3751822118321435 0.04993006763635792 0.06437107593472771
4 0.6107785989557372 0.32836121433094323 0.06647895020978148 0.09824916846619489
4 0.7193956597436179 0.35702085582743637 0.05963695435896632 0.08996307178554286
4 0.7379680609883733 0.3607853958693926 0.04332487012586874 0.05920997925407558
4 0.7725547033100592 0.4435512742936313 0.07883724025173784 0.11782796265733606
1 0.27167928754315657 0.3757392415011376 0.04848596680652095 0.06581517676456468
4 0.5459115381678565 0.3030167495990147 0.049077962657336015 0.07362767676456468
4 0.641081405594433 0.3432291977342037 0.06972234937994451 0.10004846680652095
4 0.7073217122331288 0.3608203620512137 0.05975535352912935 0.09152557178554277
2 0.17388040496973306 0.40132939212119306 0.05449916846619489 0.0631637734452168
2 0.14646487737533143 0.44168170498366627 0.04105197510489074 0.049716580083912734
4 0.6934135002004927 0.33698012034958347 0.047041865976683896 0.06725927759440165
2 0.1351838352587827 0.45575586037760657 0.04981166846619489 0.0628085759347277