4 0.7386269133380969 0.39475420910962916 0.05369271857321785 0.1455026767645647
2 0.040976381155010094 0.5253300414918488 0.047759792826748484 0.08288427759440165
2 0.025230320899335912 0.563114384023316 0.050460641798671824 0.08011447510489074
1 0.22653609478454945 0.26103963069932373 0.02984031930985207 0.04888778589277143
1 0.29968401768102726 0.24850281928674312 0.02915190445914595 0.0612693867226084
4 0.6705321132218813 0.27946201844761737 0.03947739926336595 0.09779888257342355
4 0.7652547513373824 0.32512787072734683 0.034243596045057244 0.08963118506293437
4 0.7818413177972428 0.3324192298555536 0.0288241225281606 0.0565818867226084
4 0.7897305914303547 0.4196348873240864 0.046929266343644825 0.11545997925407558
1 0.3356379431753951 0.2566579387879121 0.03227690445914595 0.06150618506293437
4 0.6162870096352556 0.24393983815856773 0.028463489608439828 0.07365098755244537
4 0.694783714210617 0.29938343213992746 0.04405563861970414 0.09659158008391255
4 0.7526454906937206 0.327637564088651 0.03435285668871888 0.09119368506293446
2 0.19967331000357263 0.32291266866668755 0.0449954257464694 0.06557837842423861
4 0.7459091716359701 0.3017262595245477 0.02937042574646931 0.0643943867226083
2 0.1783064083944183 0.3284173074638884 0.03518338317182246 0.05861798340326052