4 0.774022586728179 0.502388738427466 0.06727950135263541 0.1463929410852714
2 0.10497423675204151 0.6351643468530825 0.054088610677908565 0.08621690468807693
2 0.07730322274822352 0.6052870797342195 0.05875792934436315 0.0849547933370248
1 0.25085999610117715 0.7608325801956448 0.05079997867599957 0.07195414558877822
1 0.24897877542167776 0.6662512654208201 0.06867836935072642 0.13243057063492075
2 0.30797306210213166 0.771518558757845 0.05081816000954502 0.07351664558877821
4 0.6392941454089511 0.597583717607975 0.03991702267663584 0.07594073874123311
4 0.605636760741542 0.5899621822905147 0.04162497334499946 0.08854086829088229
4 0.6205168734086329 0.5940384130121832 0.04484088001272664 0.09655362739018099
4 0.7536930000795418 0.6337994247323755 0.04954656134627218 0.09841651603912886
4 0.7674464174092692 0.6081380906792194 0.05107269867918127 0.09539164558877822
4 0.8012850680696786 0.5642471907715045 0.043205654678545 0.0902034978405318
4 0.8112413234006788 0.5477105328442251 0.049710193348181164 0.11247901603912887
4 0.8373674713955881 0.5119127351882635 0.055851105346908625 0.10350453423772628
4 0.8084424927195885 0.44136040329457576 0.054306786680453814 0.10496690468807693
1 0.30253048941754157 0.6392369848837217 0.05581474267981754 0.10037953423772628
4 0.16016172342454124 0.6816376310908089 0.05921246268299925 0.12401729333702498
4 0.1962083114258139 0.6933156107327433 0.059012468013999356 0.10682979333702498
4 0.7105066214194506 0.6794332973421945 0.04636701734563573 0.09352875693983016