4 0.7496637822601009 0.4579184956257378 0.08005998924663302 0.1451798488211365
2 0.07441326344396333 0.6542656887450242 0.06010705417661044 0.08510451186299814
2 0.04756181906831582 0.6257759328135252 0.06472177956950458 0.08373301285158127
1 0.3065985630724598 0.811662989162766 0.03826628742738745 0.051464340912470964
1 0.3754234917323416 0.779244419999125 0.04346320967712849 0.06259284190105419
4 0.7203122684063621 0.6007453241809191 0.0575642510334573 0.09747717787060921
4 0.7909030583149489 0.5136074215191808 0.05095037799792799 0.0894100098858317
4 0.8033131670824545 0.4992411739906387 0.03855738585581072 0.05771434091247087
4 0.8003380244022182 0.42867400600586114 0.04989730024766894 0.10028384288963732
4 0.7830970204732767 0.4123168355496256 0.06781254631872749 0.11660917984777566
1 0.41683189578511753 0.7472741784020819 0.04353598428423422 0.06415534190105418
4 0.6799740587292336 0.6601548162722537 0.042410131926869356 0.07346667490485963
4 0.7357938732449263 0.5708495771466687 0.060689251033457306 0.09760451186299797
4 0.7790023717971841 0.5170361690477229 0.051023152605034025 0.09097250988583169
2 0.32355062262575374 0.8006127426228072 0.04964043507002262 0.0612850098858317
2 0.2695544813932594 0.7835406477560036 0.03812073821317572 0.04833934091247105
4 0.7808174288692789 0.5452885030401117 0.04048375889134022 0.06559050790866543