4 0.814878216222656 0.44078194927524195 0.04405237884037305 0.1131545649348082
2 0.019931038323588827 0.40414202922099324 0.039862076647177655 0.1135091209411625
2 0.026264702821421283 0.441301109984114 0.052529405642842565 0.08681025324641087
1 0.09729733212061101 0.5672539094976466 0.03974431043863909 0.09278751785690745
1 0.1331137347796818 0.5955055945628385 0.04919490514873237 0.12104888555165907
4 0.8968548002682312 0.2660898664835263 0.06497109456891863 0.17751707386326193
4 0.8474092661379515 0.35124216234361094 0.04038134727034191 0.10372501785690744
3 0.9620464317394404 0.15178585877288855 0.061710315700310756 0.09473184740221222
4 0.677856358358383 0.47517236039444627 0.04863346302712266 0.13820911201270897
4 0.6706823532378856 0.625145086855496 0.033221294653623445 0.0879909237011061
4 0.696683411116276 0.6075212102322907 0.03514781570031093 0.09426819724005639
4 0.6707425373964003 0.5705121339333967 0.031112763083592298 0.07858865016215581
4 0.7257716716396196 0.6038916497617093 0.03599768415851479 0.055260244317957154
4 0.7505203136341724 0.4871717540637803 0.055626915672076116 0.12428297970746058
4 0.7552008373822829 0.5542092495995534 0.032766268345264395 0.0801784237011061
4 0.7660172400413536 0.5828973112879507 0.03056673151356133 0.06921365016215582
4 0.7845621136906421 0.5458921891289721 0.035527247298576904 0.07398297077900687
4 0.7926021268448218 0.5418495714342205 0.03580026308359248 0.07867047077900687
4 0.8073016636765248 0.5306666095836674 0.04352175782192056 0.07724433847375849
2 0.18823460330847275 0.7077095397743001 0.03020271046687393 0.06296365016215581