4 0.8602461412960004 0.33489671789378783 0.052274740251737485 0.11555929802252854
2 0.06533822822839035 0.5098613190577506 0.06176813942190076 0.11777736188449897
2 0.09048086080181386 0.5410895397246553 0.06131785352912935 0.0913241225281606
1 0.29933841039153974 0.7165490895887693 0.031535265146847014 0.0674824309422494
1 0.3248003516782515 0.7312617996120124 0.0341633576783142 0.08165419158591121
4 0.8686469466852966 0.1348203082388618 0.07587910622842173 0.1809329257464694
4 0.8471523002144259 0.22428699982477304 0.04699524440092233 0.10741901609154336
3 0.9074941139020914 0.028683648797600037 0.1012091477202702 0.057367297595200074
4 0.7368571081025215 0.4063560906740501 0.05528134108157481 0.11421531930985207
4 0.7796151383962154 0.5353116171571537 0.03944285352912935 0.08979447351689647
4 0.7967075500139332 0.5121254894332129 0.041597349379944505 0.09771623416055811
4 0.7908943352820046 0.4457738697550438 0.03560745850815117 0.08020095222957302
4 0.8239678670255912 0.47801828720363987 0.0401998701258691 0.05876299480421991
4 0.8469793145360802 0.48112150787054475 0.0372883576783142 0.08187271287323465
4 0.8547442703449392 0.4695830743304052 0.03489706348717334 0.07082595222957302
4 0.8551344340372491 0.44363793336491264 0.039939760997662076 0.0758412341605581
4 0.8574422952400484 0.4222710317557582 0.04185745850815117 0.08063799480421992
4 0.8595842130815434 0.38834949982477307 0.04100535352912935 0.08990373416055811
2 0.34250899255004474 0.7473020628535643 0.03454186597668398 0.06613845222957301
1 0.16009646640553563 0.6202582336563551 0.046166450209781426 0.09648151609154336
4 0.8005546004288517 0.5110710878240585 0.02878877344521662 0.05174817029858776
1 0.8283743763496462 0.01688830715358104 0.07549875269929238 0.03377661430716208
1 0.7879502858927714 0.0005038364866761958 0.08527557178554286 0.0010076729733523916