4 0.7987872909855255 0.7418214782484333 0.0707136948044246 0.1169057001845701
2 0.048542234575429215 0.36676599784053165 0.08644778896022584 0.12415699568106335
2 0.08250813149117411 0.34553134793281676 0.07348413879807006 0.0967934592838688
4 0.777977733354318 0.9223888475452207 0.10617963636243814 0.15522230490955877
4 0.7724623445562478 0.8431441463547454 0.06586255357072232 0.10723031153562204
4 0.7100736185022354 0.6666829734680713 0.07381142126547413 0.1155434592838688
4 0.7583320661493289 0.5254059338316741 0.05465231818121907 0.09090440468807692
4 0.769678669233584 0.5495443406792194 0.05788641233702041 0.09735466378737563
4 0.7767877857105197 0.5991636088778167 0.04980117694751698 0.08122901603912887
4 0.7993622150936688 0.5959279873477318 0.03848184740221221 0.05865310919158375
4 0.8126298283241935 0.5959978385197511 0.05139095048646745 0.08289164558877822
4 0.8206332430968459 0.6074359862679977 0.04651253571381488 0.07165375693983034
4 0.8171770064895265 0.6329669123938744 0.052871629869616396 0.07830427513842757
4 0.815982699265356 0.6539605328442251 0.05451595048646744 0.08309190468807692
4 0.8118815803527883 0.687253894195277 0.056214818181219074 0.09100453423772628
2 0.36105805113509043 0.20886716686969456 0.044868215096964016 0.06686612739018098
4 0.7676758384704632 0.5689253963547454 0.051418224025417736 0.08445414558877821
4 0.6766395555960221 0.7183863733757863 0.06742505357072233 0.10733044108527139
2 0.7105214521047298 0.8711702143687725 0.10226370373287814 0.13609579117755644
4 0.7894611095737816 0.6546020805001866 0.06569891233702041 0.09785531153562203
4 0.7484463717486463 0.7190860826596549 0.09313416558343128 0.14955751387966068
4 0.7246270422033414 0.6957091394149151 0.08195120373287815 0.1347941070321154