4 0.8068928918974784 0.43098632858368624 0.04602474025173757 0.11359113855894432
2 0.016876617526822825 0.40377821786754636 0.03375323505364565 0.11418217194503928
2 0.022765131011673687 0.4407099165347629 0.045530262023347375 0.08739235141192588
1 0.09311196658280636 0.5920701765638927 0.0413605510396184 0.09318771034569906
1 0.12323717446625762 0.6060046444314391 0.05130423610255282 0.1215400308788123
4 0.8919101997855743 0.25545747967904286 0.06806660622842173 0.17815374373179385
4 0.8409853945967708 0.3411282067177893 0.042189345230759304 0.10412521034569897
3 0.9590878896223934 0.14047132568069234 0.06335395020978148 0.09538670783841652
4 0.6693094589091365 0.46695022380654816 0.05104412697434615 0.1386820667721896
4 0.6595056385734862 0.6169047596999254 0.034755353529129354 0.0883183539192082
4 0.6858080294452795 0.5989898339939626 0.03679145020978147 0.09461381802583091
4 0.7022977124336215 0.5665494070343584 0.032482458508151166 0.07889788981258547
4 0.7250723616037845 0.5643276774883296 0.036956470955705714 0.05564224623907634
4 0.7417405659627508 0.47809466079528207 0.05779103444287905 0.12484688730530316
4 0.7447453215618282 0.5824639120489234 0.0341633576783142 0.0805058539192082
4 0.7555527669977249 0.5735746453558759 0.031772063487172986 0.06952288981258566
4 0.7780556516457408 0.5440773619697811 0.03681476099766208 0.07434678213245363
4 0.7828498954219635 0.5322449517032244 0.03716995850815117 0.07903428213245363
4 0.7972442821445718 0.5068812388502428 0.03776195435896632 0.08684678213245363
2 0.1757566779907426 0.7050355263264658 0.03129846680652095 0.06327288981258565
1 0.02057613028672743 0.3863406652811216 0.04115226057345486 0.17172188730530316
4 0.7081682815198719 0.6022368544479336 0.02710787427505377 0.04911946159934022