4 0.784380119587951 0.7176884439759867 0.06515483415618065 0.11770271046687383
2 0.03280923394809014 0.3974511236492885 0.06561846789618028 0.1230272472985769
2 0.057787130890208024 0.37418022362105363 0.07089568787965286 0.09619173151356133
4 0.7688784868947909 0.911066874647064 0.09785953780340292 0.17786625070587192
4 0.7600684909788535 0.821101870312581 0.06024912860909737 0.10805469468185853
3 0.7898611744901034 0.9947705285862594 0.10752286569131933 0.010458942827481365
4 0.6918672708984717 0.6254638756448399 0.06820709897381967 0.11475972099021767
4 0.7369641781929163 0.5029210177099798 0.050474085106111136 0.0903211631118273
4 0.7496453629384371 0.5294758124341905 0.053780923062013916 0.09831567363517095
4 0.7576026800927773 0.5573200913733857 0.04556837955902786 0.08067314732681172
4 0.7792776583412844 0.5671879150367916 0.03568423328249999 0.058252115756780756
4 0.7940668569545135 0.5703962150226741 0.04720361474138883 0.08388915258848365
4 0.80164296761184 0.5810074913310335 0.04382404160312499 0.0727696420651398
4 0.7986991523573607 0.6066522334385256 0.04862064437666671 0.07773015785015538
4 0.7981900060808329 0.6285272334385257 0.050292247150208524 0.08250866311182747
4 0.7958456028704509 0.6620299781768537 0.05203658510611113 0.09041216837349922
2 0.3313733673068401 0.21565988125944754 0.042116071238402775 0.06642863680346807
1 0.2504857367978818 0.26258111291418323 0.05690592306201392 0.0984976841585147
4 0.7535334291428468 0.53048457558837 0.03401263050895835 0.05347361049510866
1 0.6389214960128466 0.7491142072713407 0.10211062670923621 0.16354583148532634
2 0.6990576025861104 0.8543169177382147 0.09673214247680573 0.13358531570031085
4 0.7715365871028814 0.6308863939901042 0.061557055470833434 0.09720819994353036
4 0.7208267658644786 0.6920822282474409 0.08615831838861113 0.14857327886860788