4 0.851965063713697 0.5160190733850637 0.03003414772652384 0.1108489687923356
2 0.03466846955789552 0.552596055517924 0.051909147726523795 0.11199538896415202
2 0.05671106493151288 0.5162524417685426 0.04516822402541769 0.08354284034363317
1 0.2301274253226639 0.2819582496613157 0.018305715096963927 0.06496325870642732
1 0.2517296899331605 0.26518682948949923 0.02011367694751698 0.07910764586155708
4 0.9061145957740638 0.7063264908433468 0.04208986282348768 0.17548467887824373
4 0.8648253482096958 0.6256021132991554 0.026772780031772213 0.1028726944820761
3 0.9662118628218401 0.8216372303278974 0.06757627435631974 0.09175813206674724
4 0.7152502678536121 0.47861200588135216 0.033104600648623264 0.10788774310259512
4 0.7277484935038829 0.34345907790761954 0.023375044642268604 0.0870839201718165
4 0.7491831627407622 0.36188485131336784 0.02351141233702041 0.09489642017181658
4 0.7675570616851021 0.4289528426069406 0.02008640340856651 0.07754514586155703
4 0.7831996525944925 0.3843430274780782 0.01967730032431163 0.05410764586155707
4 0.8057740819776414 0.3784681637286968 0.023238676947516978 0.07927142017181658
4 0.8153127232113435 0.3873518407979183 0.023020488635914306 0.06677142017181659
4 0.8219990998345491 0.41202429217739933 0.02625458279171582 0.07318519448207605
4 0.8293849058409034 0.43196829997931535 0.0263091298696164 0.07631019448207606
4 0.8393326501588604 0.4642894770485369 0.024910271103318136 0.08560330732694635
2 0.2538552516215578 0.2525639987568046 0.022938668019063257 0.06208392017181659
1 0.11575305397446423 0.4044650927184822 0.02814436525911974 0.09201708163720572
4 0.7530894127407622 0.36168013342554345 0.019568206168510117 0.04785764586155707
1 0.8417402244258643 0.8262129449363613 0.0552250624991764 0.12309666327441135
1 0.8767931087597074 0.9080461211010716 0.07194891233702023 0.09743492198083885
4 0.8229105835991992 0.6434380664876589 0.049493259739232444 0.15245661465389268