4 0.8329258794542513 0.5754435735167354 0.05175637978345584 0.11801641848667047
2 0.03472067781753395 0.359821281213767 0.0694413556350679 0.12123701333591956
2 0.04787258102446167 0.40015923879011234 0.06196645407749283 0.09390923879011233
1 0.18330264951251102 0.6978309484924896 0.0315969924781526 0.06804836939505617
1 0.20253838281946362 0.7095815204629213 0.030261813011266004 0.07573332363742154
4 0.9248730017158596 0.4028348630654521 0.07705790815498581 0.18399210485118864
4 0.8672674387045938 0.47174448866942614 0.048358595143719894 0.10838632697140156
3 0.9794588648062679 0.3031376230673918 0.03108016693047446 0.10385832363742162
4 0.6902155422280905 0.5818056595719927 0.05479045157021041 0.11514651000193972
4 0.6753681290585399 0.715287839268551 0.040091454077492726 0.09212359818322895
4 0.7000187880714555 0.7024210485118862 0.04183581050398359 0.0985011439408634
4 0.7207692087628533 0.6352015976035007 0.03664820533113407 0.08093100666795969
4 0.7442461611909936 0.6895860797256532 0.029761707838416383 0.058545823637421536
4 0.758149536817814 0.696202741544364 0.0383016335443795 0.08418355242559432
4 0.7707859291376822 0.6925356076054403 0.034812920691398117 0.07142846091032524
4 0.7824053907370224 0.6699909279088822 0.03968227711788863 0.07806109818322896
4 0.7931072100164945 0.6520699753335066 0.041381169437756785 0.0828761439408634
4 0.8096187600956369 0.6228766829098519 0.0416084899708701 0.0906886439408634
2 0.1895299174591997 0.6991223815230277 0.03467652837152988 0.06674096091032525
1 0.10063020500192965 0.5516896589437729 0.04652331050398355 0.09888378121376692
4 0.7039023060181441 0.7035211629059726 0.029579851411925873 0.05229582363742154
1 0.8140097095542762 0.3374015685157656 0.08579641066226813 0.16288237939699587
2 0.8424553068095669 0.40941996078963905 0.06917120031656906 0.1272319218206505
4 0.7732948151893441 0.6332243804842577 0.05111988229073816 0.09614141848667046