4 0.852350847398917 0.5767619005336101 0.06136596834337489 0.11682793507002245
2 0.06711891071216732 0.3122495969806814 0.08019778896022585 0.1223887303552929
2 0.07876552272487615 0.3533840192304224 0.06720686525911972 0.09368153349844607
4 0.9556068920444808 0.41690321112036133 0.08878621591103837 0.180637877997928
4 0.895191137983996 0.48196097683612693 0.056514827109672795 0.10723461124870504
4 0.7252798327884203 0.5864557700544827 0.06446369480442442 0.11541098428423417
4 0.6883992159044475 0.7096364048768363 0.04686709172016936 0.09117296360606986
4 0.7139622775928448 0.6983371858940829 0.0501011858759707 0.09756851282028159
4 0.7370997686643911 0.6822413050006707 0.042015950486467446 0.08157963978475244
4 0.7590702260507173 0.6887288995001528 0.03379434740221221 0.05777826674922295
4 0.7724742069759938 0.6963787336605526 0.04516822402541756 0.083287688998964
4 0.7849060231286179 0.6930546805173995 0.04028980925276535 0.0721318651776464
4 0.7978054435833132 0.6717982646777992 0.0466216298696164 0.07711046360606985
4 0.8107866846548595 0.6552293488381989 0.04670345048646744 0.08179796360606986
4 0.8282508741842782 0.6271600068199163 0.048402318181219074 0.08968323821317573
2 0.20039465543386625 0.6580244774598087 0.04018071509696393 0.06588186517764641
1 0.1572974460189452 0.5592209503715035 0.05322618587597074 0.09771406203449332
4 0.7178958011317952 0.7000816224118476 0.03215002678536116 0.05301799214211726
1 0.7610110068965635 0.4421449979285762 0.09650462743398443 0.16217897642635143
2 0.8667155361175567 0.4158436712117745 0.09286143019392767 0.13234592721213972
4 0.7917094021874554 0.6356060535529287 0.05788641233702023 0.0963698858558109
4 0.7879474281620377 0.5542468916422699 0.08063416558343128 0.14738873035529282