4 0.8367603719366847 0.4173544139588733 0.062264737348817434 0.1176117052052021
2 0.056716693905186175 0.6946607816406182 0.08106928134945382 0.1233912683452644
2 0.06812690857736775 0.6533987448089154 0.06826019867918125 0.09610072625188941
1 0.12010867393382123 0.4801740764354162 0.05421588001272668 0.09684417889684287
1 0.14769787193668474 0.4574877343561588 0.0686056440165447 0.1257882262518896
4 0.9451348512492311 0.564063543011008 0.09267949069063519 0.18184080517696727
4 0.8826990332590944 0.4950930061087179 0.05746814934754489 0.10796368942018653
4 0.6984882126034575 0.424627129616832 0.07034995735199914 0.14150423151356134
4 0.6673756672899566 0.28044449011194084 0.047893154678544825 0.09023015785015547
4 0.6961546479551384 0.2896983927710116 0.051109061346272 0.09822466837349922
4 0.7169211339513204 0.31659482173844167 0.04309656667727211 0.08058214206513999
4 0.7388415872851841 0.3114144980750358 0.04444089067472703 0.06192314732681172
4 0.7675836579408208 0.3909353981032706 0.07491018801718105 0.1308397472985769
4 0.755511466621593 0.2878026928274814 0.04469542934436319 0.08379814732681172
4 0.7671574912874112 0.2933701533649425 0.04144316000954511 0.07267863680346806
4 0.7934472712842295 0.315260563916521 0.04618520401018138 0.07763915258848364
4 0.8003512519494114 0.3257885402389977 0.04780224801081765 0.08241765785015547
4 0.8172933039465479 0.3458812323606074 0.049455654678545 0.0903211631118273
2 0.18493533728518402 0.3436758633377063 0.03980793467536321 0.06633763154179624
1 0.06904397123650445 0.7087764895472435 0.08635676535645347 0.17522678413027978
4 0.7173574859564111 0.27909482173844163 0.03341248400699968 0.053473610495108834