4 0.8484350383438486 0.6007727010581959 0.058476096212812224 0.11844326929603177
2 0.06043909289316239 0.3216274688811134 0.07724427693097133 0.12298905933798814
2 0.07238964704969265 0.36235921265733606 0.06458974082661781 0.09547936597668398
1 0.1628566075274936 0.6105142153566284 0.04575792759490129 0.07999607593472753
1 0.18252421291368787 0.6354317049836663 0.04894656010845862 0.09117037427505359
4 0.9497788488450908 0.43665284670387405 0.08697380093507619 0.18463695435896632
4 0.8892413246445938 0.500785279067516 0.05373405405833438 0.10871307178554268
4 0.7054981046006275 0.5954079269882793 0.06158291549465282 0.115555067636358
4 0.6836145351223948 0.7265036390209154 0.04426815046753809 0.09237767676456468
4 0.7093230622497579 0.7159572253286053 0.04742951190385671 0.09886447510489074
4 0.723049218963812 0.6592103178600726 0.041088608313060604 0.08276587842423862
4 0.7513605713249442 0.6933727529230069 0.042532933645025396 0.06257177759440165
4 0.7686753363520589 0.7165501437948002 0.042660198672140125 0.08444677759440164
4 0.7803577249157405 0.711188137571023 0.03947156615858276 0.07327247925407576
4 0.7927304598886258 0.6902603309323271 0.04418633723582168 0.07831517676456468
4 0.8051259207592102 0.6732387742936312 0.0457761083130606 0.08312107593472753
4 0.8229264991162373 0.6456941147505061 0.04582156010845857 0.09093357593472753
2 0.19834920081343946 0.6709906966852965 0.03787270472226432 0.06690408008391255
1 0.09309303249011622 0.4310859018694554 0.06319995764913056 0.1250484668065209
4 0.7132338574292978 0.7170344732540129 0.03154998184962743 0.05393048340326043