4 0.8561880963308539 0.5128034218513811 0.06889841567683312 0.11632222099021768
2 0.08391932508545992 0.2752737448089153 0.08783027210332377 0.12366428413027979
2 0.09369514185764963 0.3153982158697201 0.07299488229073818 0.09628273677523325
4 0.9584981247688908 0.34834753774933613 0.0830037504622183 0.181931810438639
4 0.9042187678801816 0.415314500847046 0.06398359514371954 0.1082367052052021
4 0.7178841142775425 0.5200761375093398 0.0719779515702104 0.1149417315135615
4 0.6841349030739137 0.6511665137894641 0.05254598997087001 0.09041216837349922
4 0.7104018863808663 0.6394631743410427 0.0558983105039836 0.09840667889684288
4 0.7341659953146394 0.622427592785129 0.047585705331134064 0.08076415258848364
4 0.7562455837944416 0.6281847691217232 0.03757420783841638 0.058343121018452494
4 0.768972904327555 0.6352692270283484 0.0508016335443795 0.0840711631118273
4 0.7821632261143096 0.6313706823041377 0.04579588479802084 0.0728606473268119
4 0.7963932106749034 0.6094123823182551 0.050619777117888634 0.07782116311182748
4 0.8091970875553652 0.5922325875940444 0.05231866943775678 0.08259966837349922
4 0.8287139656894684 0.5637057691923104 0.05410848997087001 0.09050317363517095
2 0.19396689264907246 0.614761908061917 0.044051528371529924 0.06651964206513998
1 0.14115647822588065 0.4941910738045802 0.06058581050398355 0.09867969468185844
4 0.7143308684341776 0.6400169111868632 0.03587531551854841 0.05356461575678075
1 0.8030988855894435 0.32886033233237255 0.10771687476889084 0.16381884727034207
2 0.8796302933487177 0.35022782714128786 0.10064852084968265 0.13532982622365458
4 0.7914185541692703 0.5729211454724348 0.06366534639736088 0.0972992052052021
4 0.7922021526782024 0.492270384949091 0.09012019780928675 0.1487552893919517