4 0.8528046835570148 0.5845508421075956 0.07358591567683277 0.11290906615858276
2 0.0957828275927424 0.25832610528799843 0.09251777210332376 0.11926815046753818
2 0.10323762641824344 0.2997687167243169 0.07611988229073821 0.09261474687674198
4 0.9588618376218723 0.43367466421810663 0.08227632475625554 0.1755363311856975
4 0.906395033319588 0.4934718450344617 0.06862563103709718 0.10350679508134383
4 0.7413670783841653 0.5667179266129427 0.0766654515702104 0.11136474687674217
4 0.6742287056603384 0.70224181527482 0.05723348997087001 0.08781816256778666
4 0.698220135127225 0.6945702158405541 0.060540346397360875 0.09408634328594587
4 0.7380040491547055 0.6659003151766242 0.050710705331134066 0.07840680113146821
4 0.750291100487489 0.6854997428697213 0.04069920783841656 0.056477258976990366
4 0.7599616171805363 0.695710535024199 0.05388116943775678 0.07998748184962742
4 0.7723934210206024 0.693439507896836 0.04887542069139794 0.0690227107723885
4 0.7882086376345075 0.673222456667172 0.05374477711788863 0.07529998184962743
4 0.8018164965682807 0.6576792698988885 0.05544366943775678 0.07999657220870696
4 0.8229413388090066 0.6320252849260031 0.05875052586424738 0.08626475292686617
2 0.19040998363615697 0.6111607346782977 0.04717652837152997 0.06432612041330898
1 0.16428174115800437 0.5453948341125636 0.06031302586424747 0.08627384328594587
4 0.7110694761143096 0.6798037338927309 0.0523641335443795 0.08154089149054773
1 0.7623722486798518 0.48326053199913693 0.091773626022532 0.14738406010845856
2 0.8848860946815013 0.4253894655459665 0.10533602084968266 0.13027837334017517
4 0.7856004631821859 0.6372758663080923 0.06835284639736088 0.09413179508134384
4 0.8036852219576744 0.5608315409761273 0.09632473370266403 0.14272383118569748