4 0.8682352772232184 0.4649994811353396 0.04364652372599629 0.11523151609154336
2 0.05816921053103512 0.6007758961612727 0.0655215237259962 0.11676116510280768
2 0.07539120262236973 0.5619647684373319 0.05506418479069153 0.08954310124083734
1 0.20225615566466892 0.3298028424387609 0.03143568380210837 0.0832166915859112
1 0.2218046517103362 0.30963245407115836 0.029809516805913993 0.08154493094224949
4 0.9461559832684483 0.6468015021705615 0.06344437056996596 0.1804958831718224
4 0.8945351334587286 0.5720635821240754 0.04013952174883002 0.10563799480421991
3 0.9907575815581119 0.7529151083550774 0.01848483688377627 0.09880884059717551
4 0.7271500207974277 0.44430955874306494 0.04820668973360753 0.11243429802252858
4 0.7224240756266129 0.30909867842123406 0.03325285178688588 0.08957595222957301
4 0.7457806625847512 0.3247018990881389 0.035133686767857955 0.09749771287323465
4 0.7585154259306239 0.38727295490433755 0.03130834980971962 0.0800916915859112
4 0.7844585020143474 0.3509858936402573 0.03510451186299814 0.05854447351689647
4 0.8041661655505006 0.3347217552726547 0.03293451680591408 0.08176345222957301
4 0.8146407505314727 0.34182406108885344 0.03092634783255326 0.0707166915859112
4 0.8250025889724857 0.365387247226883 0.03580484882113666 0.07573197351689646
4 0.8343921764249156 0.38431756368674347 0.035995849809719614 0.08041947351689646
4 0.8489785998469006 0.4154200982156187 0.036314184790691685 0.08823197351689646
2 0.23771881178644844 0.2771805869908793 0.030671679847775656 0.0644666915859112
1 0.10642368532216417 0.47752978427677367 0.03975751977166349 0.09626299480421992
4 0.7496869125847512 0.32442874747898454 0.025474843878220455 0.051638909654925944