4 0.8438519177218972 0.4304596367765777 0.040773415676833125 0.11359113855894432
2 0.03918480126627651 0.48822742570596295 0.05327341567683304 0.11395485141192588
2 0.06281852955866415 0.5224804052519918 0.05250052586424747 0.08739235141192588
4 0.8757371005539959 0.23858202533552203 0.059824944048362735 0.17815374373179385
4 0.8454251264182435 0.32356477909644576 0.03737563103709718 0.10412521034569906
3 0.9268329361308041 0.11673576906731589 0.09179034639736088 0.09634145407749281
4 0.7237045537735589 0.48628843646000863 0.04380748746358769 0.11055706677218957
4 0.7479042348897982 0.6204732198461034 0.03067098997087019 0.0883183539192082
4 0.7667989873970807 0.5991665211788869 0.03241534639736088 0.09461381802583091
4 0.7809380437444291 0.5753796801918025 0.028835705331134064 0.07889788981258547
4 0.8035033655311838 0.5729139097378313 0.025028743731793757 0.05536946159934022
4 0.8183925796378064 0.5749083187507468 0.030443669437756782 0.0805058539192082
4 0.8282987770513817 0.5666100854437942 0.028562920691398118 0.06952288981258566
4 0.8322588513454189 0.5417464777636622 0.03338681301126627 0.07434678213245363
4 0.8363325859060126 0.5207891200835303 0.033523205331134065 0.07903428213245363
4 0.8423863576136249 0.48739995856333235 0.033750525864247295 0.08684678213245363
2 0.289146663498755 0.7624618622324786 0.028381064264907253 0.06327288981258547
1 0.1984103517411302 0.675518140208297 0.037102846397360875 0.09475021034569905
4 0.7707052373970807 0.5992801814454436 0.024846887305303156 0.04911946159934022
1 0.705422252045064 0.31402699155371583 0.0700804824490227 0.15503449247815268
2 0.793993007059629 0.27289117768452 0.07225073620994635 0.12231292069139794
4 0.8118183192129653 0.5099281764308787 0.04169941818411553 0.09176160266556703
4 0.7776275241483879 0.43477741224511374 0.05569973370266403 0.14368781551854842