4 0.8257737492822098 0.5015760124861595 0.0351240228654909 0.11294009099298634
2 0.020419121645880015 0.4314397671188631 0.04083824329176003 0.11434190468807692
2 0.03217751670540496 0.468729016039129 0.04976687622353535 0.08581638648947969
4 0.8924503617107471 0.31871225014765825 0.05142363466105593 0.17790375693983035
4 0.8466442991895426 0.39720868753230193 0.03328870435383635 0.10502746144333716
3 0.9590426393855612 0.2055299321336311 0.0750396947351895 0.09523095928386878
4 0.7154984481937507 0.520348194010707 0.03970239546082901 0.1101154796419344
4 0.6953074553653268 0.6725219632890385 0.026438503628197017 0.08743944324473993
4 0.7170559697932971 0.6551237122093042 0.02827382213985139 0.09535207279438929
4 0.7481894079050647 0.6156199236526414 0.02454862141421188 0.07796431369509058
4 0.7584721434770945 0.6350708305001866 0.02216766587924912 0.05442668414544123
4 0.7732340479235982 0.6383658112218551 0.026165685116542825 0.07962694324473976
4 0.7851710527329215 0.6328667828442252 0.02578373920022692 0.06868944324473994
4 0.7930753219702154 0.6083173658176471 0.0306349303072194 0.07367733189368764
4 0.8015971501005165 0.5885055135658936 0.03079862141421188 0.07836483189368781
4 0.812871955998299 0.5571251056386142 0.029508939925866073 0.08607720234403846
2 0.21299097396964833 0.7394885063215215 0.025565484390903403 0.062439443244739753
1 0.16366558576521342 0.6721217311830939 0.032633939925866204 0.08627746144333699
4 0.7209622197932971 0.6553740360834276 0.022003974772256463 0.04973918414544123
1 0.7120138388452564 0.41833511103728505 0.05367561542376222 0.1531040160391289
2 0.8056125606222879 0.3389863749169456 0.06815477767481433 0.12129281153562221
4 0.7786234415703287 0.5737223203211538 0.037485131032858734 0.09126535009228505
4 0.7719766266868715 0.4949965430232578 0.04866073320977691 0.14342862739018097