4 0.8725153679640936 0.45097706889017247 0.06133088410204479 0.11597222958158002
2 0.09120299673387955 0.6653596159719163 0.08026289462538867 0.11975199400955035
2 0.1021636125612474 0.625052074502104 0.06777830517696723 0.09280754809323426
4 0.9675300707855149 0.617879337494494 0.06493985842897025 0.18090774881887378
4 0.917356702080256 0.548831726331901 0.056097352532014 0.1064335384745874
4 0.7606146074407498 0.45175337360682855 0.06271137357870131 0.11290179328391084
4 0.705230615474432 0.3072965346767543 0.04581229991529536 0.09048115626060227
4 0.7285694049369709 0.3182241109929569 0.04930132096198285 0.09684028366526398
4 0.7658187759554235 0.3529339276905126 0.042141268345264396 0.08099702885594055
4 0.7796614680770331 0.3352280725183695 0.03452618942018652 0.05734127404661713
4 0.790098439137838 0.3262523766020535 0.043794773606936135 0.08261409255827132
4 0.8028259522920175 0.32972211698340664 0.040032736775233245 0.07156746515360961
4 0.8158642785862593 0.35196913921592526 0.04655575256024882 0.07647321996293303
4 0.8286750917263216 0.37030991144844383 0.04682876834526439 0.08116071996293313
4 0.8475461890672508 0.39861596072280436 0.048846294653623445 0.08902778366526398
2 0.21639562862861164 0.32828122350631217 0.03966871572854578 0.0653174651536097
1 0.18474308120297783 0.38966515680875646 0.05040879465362354 0.08908234736759484
4 0.7397267128153612 0.3350569469278063 0.04388577886860787 0.08417659255827141
1 0.7734778994635375 0.5381993050951743 0.07289001038216938 0.15379961179556503
2 0.8905736651779659 0.6131769685273527 0.09330892619541978 0.12956350362819702
4 0.8101448996047118 0.38817945772757956 0.058585315700311114 0.09560516587924912
4 0.8209906653191403 0.4668674529182561 0.08024748407381006 0.1462599303072194