4 0.8483724594116258 0.6416461547924623 0.07071369480442442 0.11770956348717299
2 0.08821661485208263 0.2711781056037218 0.08957278896022584 0.12538035352912935
2 0.09597061363426664 0.31311715186945543 0.07348413879807006 0.09763386182749904
1 0.18096281696010777 0.6230617595477697 0.0417704886359143 0.06870337842423861
1 0.19925884942751182 0.6431733500046444 0.04187958279171564 0.07495337842423862
4 0.9575921318982111 0.4926543929696076 0.08481573620357778 0.1818671518694554
4 0.8998064999967047 0.5487967265780052 0.06586255357072232 0.1079793659766839
4 0.7059804078694982 0.6191530803076273 0.07381142126547413 0.11638386182749905
4 0.6691679748329012 0.7450993510535515 0.05465231818121907 0.09152557178554285
4 0.6963480835991993 0.7377963365314045 0.05788641233702041 0.09801237012586891
4 0.7280560052717104 0.677001469104828 0.04980117694751698 0.0817953742750536
4 0.7423191026739226 0.7342578620512137 0.03848184740221221 0.059091580083912555
4 0.7549691071381496 0.7437988054125179 0.05139095048646745 0.0834762734452168
4 0.768209446829724 0.7424614483589036 0.04651253571381488 0.07218357593472771
4 0.7826850040538945 0.7224924904754524 0.052871629869616396 0.07890717261537983
4 0.7972560186643911 0.7079922825920011 0.05451595048646744 0.08371307178554285
4 0.8178861185022352 0.6830281713892019 0.056214818181219074 0.09164397095570571
2 0.18813043465485949 0.6314070558135032 0.044868215096963926 0.06737767676456467
1 0.12047751014297443 0.46555599025173766 0.0625739123370204 0.09836756763635783
4 0.6995003571381495 0.7395956348717305 0.03683752678536116 0.05428568091374952
1 0.8731740417995997 0.4086802894404783 0.09760347727182861 0.13847234937994451
4 0.8798019172049891 0.47550093653604886 0.09615007142762977 0.14460395020978148
4 0.7797139626580367 0.6863773917202078 0.06569891233702041 0.0986043659766839