4 0.7917270484633946 0.6338336547924623 0.03874324879205204 0.11318708423309758
2 0.004975316051377952 0.5472068867226084 0.009950632102755904 0.1131637734452168
2 0.015992499915411067 0.5145486746899722 0.03198499983082213 0.0862460759347277
4 0.8262302389107987 0.8274661782376791 0.05634507909743354 0.1766342775944018
4 0.7947726869442462 0.740971648568685 0.036415474246244625 0.10369368506293455
3 0.8805354884517567 0.9518517942143632 0.0900826081851683 0.09533765601864026
4 0.679721127101786 0.5711066666153171 0.043175657276782964 0.11041728174358649
4 0.691997470743087 0.43997506578548007 0.02889001666989941 0.08759508838228243
4 0.7107156487726554 0.4610455049975995 0.03109024545807202 0.09552598755244546
4 0.72592618952932 0.48656664586939263 0.02656224212409235 0.0781016892121194
4 0.7485186666505028 0.4890646838367566 0.024649055759574167 0.05466418921211939
4 0.7634899624081373 0.4886269759533052 0.0282522878817268 0.07978258838228243
4 0.7738535064987818 0.4964870201444464 0.027359467578284936 0.06884508838228243
4 0.7772815243766293 0.521901417240017 0.03242960485118864 0.07388778589277152
4 0.7818734295273804 0.5426875139206692 0.03281224212409217 0.07857528589277152
4 0.7885699686170551 0.5762104089416472 0.03188747091226496 0.08626938672260831
2 0.22863608559621534 0.2806626172260838 0.028411784547746864 0.06271348755244528
1 0.15260000195685403 0.35508135415382924 0.03565019970043757 0.09431868506293446
4 0.714558125893838 0.46212275292300686 0.02426641848667064 0.049976689212119396
1 0.6600308961875815 0.7063929711794203 0.06849439273291544 0.15426237012586874
2 0.7443423811846721 0.7906038730488758 0.0705034318225902 0.12180506763635783
4 0.7574155634663041 0.5534115263682237 0.040082608185168664 0.09154888257342364
4 0.7246670942210292 0.6271799904754524 0.053539072429473575 0.14225927759440166