4 0.8089229878437291 0.4568470271858077 0.03744500569998328 0.1114556972400564
2 0.012396821151437459 0.4379500133926806 0.024793642302874917 0.1102750267853612
2 0.020441591013765133 0.4742829797074606 0.04088318202753027 0.08360343262956
4 0.879901395404968 0.26957489812697033 0.05431543144645268 0.17417388555165916
4 0.832758961612727 0.3508833993447863 0.03522694183801285 0.10205342370110611
3 0.9522677043232598 0.15194311322393425 0.0827903566887187 0.09039890340856664
4 0.6991984265796486 0.4823089029982343 0.04191398441265974 0.10841251785690745
4 0.6752096335007985 0.6352020779171564 0.027884335401395434 0.08631932954530477
4 0.6967240005810776 0.6183691339235108 0.02999313861970414 0.09415910308425506
4 0.7254552879599445 0.5766316473161914 0.02566627153942509 0.0769170560063543
4 0.7424953224888198 0.5902265430141204 0.024027361884499145 0.05347955600635448
4 0.7545582799141728 0.596694731325723 0.027338032183086725 0.07850682954530477
4 0.7659874528106506 0.5898543960983754 0.02657320767745457 0.06756932954530477
4 0.7747668731092384 0.564977127023652 0.03158848960843983 0.07233865016215582
4 0.7832185114768409 0.5447873579489284 0.03191627153942491 0.07702615016215582
4 0.7956692349937373 0.5121521359521057 0.03090007475773362 0.08481137662320534
2 0.1912174097318006 0.7331336485373028 0.027698665102807673 0.061346603084255234
4 0.7035038783050185 0.599714591309837 0.025994053470410172 0.08160455600635448
4 0.6934672326479489 0.418850374995057 0.038242681194351036 0.10054547077900682
2 0.7920518341408876 0.2954186034847016 0.06913204827463008 0.11825116801906325
4 0.7614363466261349 0.5318918916341485 0.03904035668871888 0.08963524431795715
4 0.7552352591310525 0.452781090092021 0.05191169728589458 0.13979888555165926
4 0.726585735245839 0.43741914285196454 0.046939974021099576 0.18028751785690744