4 0.8724647359780475 0.47349899188891575 0.04964587516934209 0.11326365909060954
2 0.05743952227409458 0.3798141850651918 0.07004026232447189 0.11518071509696393
2 0.07663325757477349 0.4177954261367381 0.0592731806872661 0.08845457386326191
1 0.23097767808527428 0.6622021708617323 0.03000176051544958 0.06608865016215582
1 0.25219093679170157 0.6790351148553779 0.032301244911617386 0.0801784237011061
4 0.9401458016727368 0.2877739517108739 0.07175324852966192 0.17765344155801363
4 0.8933770222740947 0.3652228417267599 0.04454893939369313 0.10536933847375848
3 0.9834952527135336 0.17743074107813683 0.033009494572932854 0.09914661201270887
4 0.7331499304601234 0.5009536103944463 0.05268898801421233 0.11175570616851012
4 0.7363269193788471 0.6361780442418221 0.03739818068726599 0.08807274431795716
4 0.7589046042499847 0.6193626911575671 0.03937011646291495 0.09591251785690744
4 0.7820687873120999 0.5540552909954114 0.033781857756487454 0.07864319724005639
4 0.7945997648108628 0.599190512992234 0.02942855042954129 0.05515115016215581
4 0.8168842005865115 0.6066211834469293 0.03542624491161739 0.08023297077900686
4 0.8274122648108626 0.5986177686742769 0.033290534825709275 0.0692681972400564
4 0.8355180139063515 0.5742353774405748 0.03822369629109836 0.07403751785690744
4 0.8446916180447946 0.5553080994373977 0.04003185775648745 0.0787522913958579
4 0.8563351249421995 0.5238262743563198 0.03896068068726599 0.08810001785690744
2 0.25527167118786936 0.6930567045469525 0.033044873360319825 0.0645806972400564
1 0.12364877770116149 0.524103927354554 0.04397572930778511 0.0944318384737585
4 0.7628517978275495 0.6200757573101912 0.02762038896415202 0.050436376623205346
1 0.9194128205559291 0.1458182767919518 0.07538285956551008 0.12776253571381496
1 0.924853915083434 0.08551202232772492 0.08821705223856355 0.10457049756436802
4 0.8430085300760106 0.35906434497317086 0.0794019742194024 0.17466480925276526