4 0.8232082901179837 0.42340048855693146 0.03954199710451576 0.11233817391627662
2 0.019219745968614685 0.41994774406850094 0.03843949193722937 0.11316584486680377
2 0.027895790117983783 0.45580698961987665 0.05236732878371629 0.08634867688202626
1 0.1592955316409284 0.6648888764642843 0.03310790653397531 0.07464717292769336
1 0.18267737365921102 0.6818707880232712 0.03361732878371626 0.08558467292769337
4 0.8929879048813454 0.23107372570535012 0.05658825599585597 0.17697367688202617
4 0.8454900126153937 0.3133251515987931 0.03605312406898662 0.10439833992388783
3 0.960091975807179 0.11293387935567167 0.0699187018192454 0.09486151384016446
4 0.6839616995474432 0.46650318422203785 0.04252144789030421 0.10934050790866542
4 0.6854791960327866 0.6013410992410659 0.029075377997927986 0.08851867193911023
4 0.7082274913180568 0.5816997612943444 0.03092897642635144 0.0948323389353046
4 0.7117741763880794 0.5222929277962473 0.02707623035529281 0.07908000494291585
4 0.7449847826743857 0.5458922538799706 0.033797111248705033 0.055960839923887916
4 0.7660228746926683 0.5629696659332492 0.02871150496239867 0.08070617193911041
4 0.7766157723353034 0.5531808304579856 0.02812930810555194 0.06820617193911041
4 0.7847750287454442 0.5286755789751109 0.03147263192686953 0.07302100593149916
4 0.7943148486378204 0.5080129104960417 0.033253455748187125 0.07777217292769337
4 0.8067442280834903 0.47553599152268095 0.03212760339082203 0.08708350593149898
2 0.20391451882064682 0.7114163665784525 0.027910984284234264 0.06351867193911023
1 0.05559910504796121 0.513940483194086 0.0429580955329393 0.11871550790866543
4 0.7121337413180568 0.5815405938038585 0.024131012820281583 0.04932883794672147