4 0.8183269638795331 0.6301642031327883 0.07020902372599629 0.11747276514684693
2 0.06438485768120392 0.2854298597529067 0.08921369171077376 0.1251435551888033
2 0.07132326578014973 0.3267060551888033 0.07406885277546911 0.0975154626573361
4 0.9374483314837498 0.4761889433845261 0.09938187056996632 0.18354805103961844
4 0.8715885681378769 0.5346750269929237 0.06520318874502422 0.10930506763635783
4 0.6787060483662135 0.6140987274031978 0.07327035672980173 0.11614706348717299
4 0.6359535211801761 0.7401633973192852 0.05356535178688589 0.0912887734452168
4 0.6629298566554397 0.7320199332120566 0.057008686767857954 0.09933807178554269
4 0.6877852766173836 0.7182301203495834 0.04849584980971962 0.08155857593472753
4 0.7093737751345088 0.7269189587318658 0.038229511862997965 0.0589731809137497
4 0.7215554401535369 0.73567865209317 0.05174818380210837 0.08492037427505376
4 0.7349640241459257 0.7335600450395556 0.046615014828747546 0.07362767676456468
4 0.7506672785945498 0.7135910871561044 0.05149351581733086 0.07867037427505359
4 0.7646170320545911 0.6981912301024902 0.053247016805913816 0.0834762734452168
4 0.786043704487993 0.6723866693146094 0.05512785178688588 0.09140717261537983
2 0.15031445152224338 0.6383199066433403 0.044797846843970035 0.06725927759440165
1 0.10469022821398913 0.5079094336130419 0.061696186767857875 0.09969326929603177
4 0.6668042731573426 0.7330971811374642 0.03647601087441501 0.05416728174358667
1 0.7885134243733872 0.4194509234637943 0.10955536661563361 0.1656268452307596
2 0.8585420814837498 0.4702097852912934 0.08784219269935675 0.12971265601864027
4 0.7482572030051182 0.6765763392306969 0.0647575197716634 0.09836756763635783
4 0.7546610533091294 0.5963443875710229 0.0917948636498842 0.15026195435896633