4 0.8710903437345351 0.6055953759265043 0.03550148801421216 0.11232021753501123
2 0.053578617140283405 0.5464768937136937 0.055732100859082624 0.11170378742738744
2 0.07443334972742885 0.5131571255167287 0.04965251922187685 0.08492296360606985
1 0.2512946636130958 0.2891503529765374 0.022107373360319826 0.06493579528527027
1 0.2753120177515388 0.2715647466902311 0.019391809135968607 0.07260274607105854
4 0.9281193509706244 0.80152861413968 0.0512769742194024 0.17540241439185814
4 0.8854571381711824 0.7161518862655865 0.033447665083433976 0.10287244292790554
3 0.9773530922084263 0.9240436230310202 0.04529381558314753 0.09291955417661057
4 0.7334774790806424 0.5524253724118475 0.040025213703953 0.109413541356329
4 0.7436226837394838 0.418850893090012 0.026378793532136412 0.08695634449948204
4 0.7649587731786058 0.43932821298238806 0.028350729307785018 0.09484161910658781
4 0.7734130823145743 0.5114215368037056 0.024324970601357875 0.07750856989237605
4 0.8061127176606817 0.4661839654635875 0.023096663274411712 0.05407106989237605
4 0.8208745805055522 0.4653128242310931 0.025969357756487454 0.07914384449948209
4 0.832180572703636 0.47285349648083413 0.02539614767057934 0.06820634449948208
4 0.838959517185712 0.49810820760570457 0.03032930913596843 0.0731121683207995
4 0.8462740502023987 0.518711806034128 0.030574970601357877 0.0777996683207995
4 0.8573686804601234 0.5519609536767632 0.02942190637700648 0.08553939371369382
2 0.2668001549066686 0.2727269863511489 0.026631099050060315 0.06202911910658786
1 0.14411400667026236 0.40028044396136275 0.032956342152655346 0.09349744292790536
4 0.7689059667561706 0.44029139950015284 0.022851001809022265 0.04938356989237604
1 0.866169306872661 0.9132066687305752 0.06107469810012063 0.12442211124870503
1 0.9016364953618432 0.9744629224546287 0.07654256784239592 0.051074155090742576
4 0.84186094640264 0.7616612853559637 0.05786116689245624 0.15232878742738745
4 0.8234916474434367 0.5301201869275403 0.03748006784239592 0.09059076674922295