4 0.8609261496047118 0.43022998010790703 0.07686487884037305 0.11372730925276535
2 0.1315087492941283 0.7437284549506942 0.09597889988706054 0.12030459172016936
2 0.1353471098598243 0.7024312991064956 0.0788068104386391 0.09346935633066593
1 0.18278573905313328 0.4449284906645092 0.05473227360693613 0.08212275324641087
1 0.19438339171220406 0.4162540657455871 0.05298776308359247 0.07897047970746054
4 0.9679665629283007 0.5869629955291826 0.06406687414339843 0.1766091387980701
4 0.9219917231975305 0.5272919407406441 0.0716313472703419 0.1042704886359143
4 0.7196031995905944 0.4425918380634261 0.07989887357870132 0.11221935633066593
4 0.6714702655026669 0.31297647605071727 0.05978379465362345 0.08845457386326191
4 0.6993600470726979 0.3228287629823482 0.06327281570031093 0.0947591209411626
4 0.7315879891237205 0.3803645734529295 0.05298776308359247 0.07897047970746049
4 0.7421845839044009 0.3345026485340074 0.05033319994353036 0.060193206168510205
4 0.7576352786568465 0.31838277069298593 0.056203768345264395 0.08058752678536116
4 0.770453797072698 0.3240697090045887 0.05087923151356133 0.0695682061685102
4 0.7880431154744321 0.3446685811635673 0.05593075256024882 0.07590002678536116
4 0.8030156680911504 0.3605390430141203 0.057766268345264396 0.08061480032431154
4 0.8263922549087359 0.3867021225594251 0.061255289391951705 0.08691934740221222
2 0.19835055489461856 0.3905682731319133 0.0490437157285458 0.06485343262955982
1 0.13867025995864635 0.5986886903401977 0.06639781570031093 0.09481366801906325
4 0.702394041811026 0.32132081006024893 0.03894067363517095 0.05218979139585782