4 0.8135213679863404 0.525612712960993 0.054184457124400606 0.11569941106992569
2 0.02768730413436653 0.3655084381117677 0.05537460826873306 0.11797123920022683
2 0.031979076190475145 0.40514385698624167 0.06351988433001131 0.0910813569862416
4 0.9108235718715385 0.35126996658919 0.08016476866002265 0.18052580290255768
4 0.8521111034883712 0.4243875188587755 0.050458679826504496 0.10621528366526398
3 0.9707573812476923 0.24687513246843915 0.03765829117755644 0.10109127404661714
4 0.7011517759136199 0.5318676582443368 0.05710919802510191 0.11268353847458741
4 0.6548706539221099 0.6798041612395617 0.041644884330011324 0.09031746515360979
4 0.678378005094129 0.6673140849233591 0.04360790252860856 0.09662202885594055
4 0.7128624290605374 0.6301513908211417 0.03781897748246603 0.0792708377489479
4 0.7274360687892194 0.6471032778444502 0.03172966378737563 0.05723214664195542
4 0.7387042358157976 0.6545437556119317 0.03958173658176456 0.08245040145127884
4 0.7507233744647455 0.650265483379413 0.037218200184570095 0.06989583774894789
4 0.7631628177094854 0.627209929295729 0.042306218383167504 0.07630952885594056
4 0.7745206223052772 0.6088145933608796 0.042606607032115384 0.08099702885594055
4 0.7913168985234389 0.5788641985330227 0.04310725478036197 0.08880952885594055
2 0.165418127703948 0.6932490361123347 0.036917811535622125 0.0652083377489479
1 0.12927917104097292 0.6340451617028979 0.04613212523071266 0.08735615626060227
4 0.6881232449150962 0.6496454352861788 0.03811936613141391 0.0839583377489479
1 0.7111065692506449 0.4742734130536602 0.05192105027685514 0.10470734736759475
2 0.8208599059246946 0.3622223355563313 0.08603523442229637 0.12616568511654283
4 0.7544782325765951 0.591671733379413 0.05278264342931003 0.0938244110699257
4 0.7610972748338858 0.5128200470817439 0.07171191856773759 0.14593254809323425