4 0.838382806592417 0.3667431909376132 0.0709670058537327 0.11700582973421944
2 0.09259917056281843 0.7365301804448133 0.08975336729005094 0.12445738433001133
2 0.09860827604720854 0.6947234122462161 0.07397383118569745 0.09689358883351815
4 0.9553107104778009 0.5091834099390894 0.08937857904439817 0.18090764342931004
4 0.8951645925985747 0.4545447771502376 0.06622496369925486 0.10733044108527139
4 0.710262351771957 0.37573506400885753 0.07408291549465282 0.11564358883351807
4 0.6556606893023662 0.25965828347175907 0.05519656010845857 0.09100453423772628
4 0.683058981456844 0.267281016352896 0.058357921544777015 0.09745479333702489
4 0.7081407946885605 0.2797414435585069 0.048892017953980904 0.08122901603912895
4 0.7291845477136226 0.269795944638241 0.039389752926866174 0.05875323874123302
4 0.7416390959182244 0.26118240824104644 0.05202610831306061 0.08299177513842756
4 0.7541527314568439 0.2627251218438519 0.04727497579950324 0.0717538864894797
4 0.770677156124879 0.281986261572534 0.05199883723582168 0.07830427513842757
4 0.7848305597156751 0.2967100956256901 0.0535886083130606 0.08309190468807692
4 0.8068555506404888 0.32108953193059964 0.05674996974937905 0.08954216378737553
2 0.17492429459036463 0.37877943476375 0.04568520472226432 0.06696625693983034
1 0.1466089179305398 0.4821943314322625 0.0614829215447771 0.09765505243632351
4 0.6861748910977643 0.26551825725359735 0.036237481849627426 0.0538654796419344
1 0.7665492340891226 0.5128054649963067 0.1102931262670415 0.16482156847545254
2 0.8760287732185382 0.5237651465208542 0.10231699980360816 0.1361959207272058
4 0.7693237343837103 0.3180238911221833 0.06617042154477701 0.09795544108527147
4 0.7768231378763104 0.39804205814876137 0.0930147226762454 0.14809514342930993