4 0.8095012369981596 0.5249825359841547 0.03385710085908258 0.11068494292790554
2 0.011918526968022139 0.5527418562863062 0.023837053936044277 0.11170378742738744
2 0.02223689026514796 0.5165303744832713 0.04447378053029592 0.083287688998964
4 0.8534991412274596 0.7115343120390024 0.048151974219402406 0.1752568651776464
4 0.8179954104493365 0.6305775645202019 0.030322665083433974 0.10272689371369381
3 0.9129007174375985 0.8272277785405565 0.08583568068726635 0.09128427956950454
4 0.6854772388071819 0.482439779159729 0.03681832654882307 0.10770549214211708
4 0.7011132841483405 0.3476645188206468 0.026378793532136412 0.086956344499482
4 0.7211834447092187 0.36621331162471776 0.026788229307785016 0.094768844499482
4 0.7371426373822724 0.3888502909465533 0.022762470601357877 0.07743579528527036
4 0.7597579438047075 0.3885763091435184 0.021534163274411534 0.05399829528527036
4 0.7747245245374021 0.3855412003760127 0.02596935775648763 0.079143844499482
4 0.7852935323393182 0.3920630281262717 0.025314260515449584 0.06664384449948209
4 0.7902333378572421 0.41677192969784826 0.028766809135968786 0.07303939371369376
4 0.7962000548405554 0.43675694396587195 0.02893058344622812 0.07616439371369377
4 0.8038554245828307 0.4691327963232368 0.027859406377006478 0.08546661910658777
2 0.23213199005037732 0.2549442493808275 0.025068599050060314 0.061956344499481994
1 0.1518060029406761 0.34519256782546154 0.03131195499752559 0.09186216832079949
4 0.7250896947092187 0.3660313751069531 0.021206614653892685 0.04774829528527027
1 0.6784825310961228 0.6456482545526232 0.06090427973732648 0.15091183664159918
2 0.76985780359736 0.6865942781262717 0.0654346494796016 0.11839043507002263
4 0.7721074575995175 0.45034856307245974 0.03583568068726599 0.08895549214211726
4 0.7423137369981596 0.5281118440897064 0.04635045680654777 0.1408818651776464