4 0.7630867450206769 0.3575778854964305 0.07842737884037305 0.11794636182749914
2 0.028848252913184602 0.6551144751048907 0.057696505826369204 0.1256171518694554
2 0.04276247958859713 0.6804347064335587 0.0803693104386391 0.09787066016782511
4 0.7431213974679862 0.16145990209317002 0.11947658404557515 0.18172544191141168
4 0.737016339660183 0.2528069525080885 0.07163134727034208 0.10809776514684702
3 0.7578202052757893 0.07076404711414815 0.11248458944842135 0.03496884108157472
4 0.6736987503529359 0.42378138072254573 0.08146137357870131 0.11662066016782516
4 0.7208405189099617 0.570953301263333 0.05978379465362345 0.0916439709557059
4 0.7323618478350393 0.5482853958693926 0.06483531570031094 0.0982491684661948
4 0.7399615162085386 0.49864059337988176 0.054550263083592475 0.0819137734452168
4 0.762344750423523 0.5050448813472456 0.04233868942018652 0.05920997925407558
4 0.7756715030543588 0.5052700242936312 0.056203768345264395 0.08359467261537964
4 0.7833397898860619 0.4948653205593649 0.05087923151356133 0.07230197510489074
4 0.7801083740728114 0.4695101230488758 0.05749325256024882 0.07902557178554268
4 0.7790386977362174 0.4474575242936313 0.05932876834526439 0.08383147095570571
4 0.775526560862162 0.41344937719806063 0.061255289391951705 0.09019987012586879
2 0.3210632428839511 0.8466922041584738 0.04904371572854575 0.06749607593472788
4 0.7303744136059376 0.5285173475290665 0.05629477360693613 0.08515717261537965
4 0.6400286766189428 0.36865525022371465 0.07475634727034208 0.10833456348717307
2 0.674682939631948 0.2182650865314045 0.11067843671876361 0.13750184523075956
4 0.7525672029978893 0.44388223840085994 0.07108531570031093 0.09872276514684697
4 0.711812671357271 0.37566411205121375 0.10203147881213823 0.14929145020978146
4 0.6878368450630291 0.3966035740838499 0.09036593671876343 0.13596265601864027