4 0.8544999127073322 0.4646868007247581 0.06581887978345584 0.11515344155801355
2 0.08927704414014052 0.706668785713815 0.08470527210332376 0.12016822402541774
2 0.09746997736795082 0.666207426947517 0.07143238229073816 0.09338753571381489
4 0.9607402378592991 0.6283556087597073 0.07851952428140194 0.1781989123370204
4 0.904952205264627 0.5616123936627435 0.0608585951437199 0.10569662094116268
4 0.7429857511871342 0.4697679926898088 0.0688529515702104 0.1120829886359143
4 0.6794962495377816 0.32732534820969583 0.05098348997087019 0.08834547970746058
4 0.704010516230829 0.3379043380634261 0.054335810503983596 0.09621252678536125
4 0.742442530416594 0.3705901529982342 0.04602320533113406 0.07888865909060953
4 0.7552009431904331 0.35285322807931213 0.03601170783841638 0.056850017856907444
4 0.765084408550697 0.3436555060824894 0.047676633544379496 0.08204093262955983
4 0.7776753367639424 0.3469986943940921 0.04423338479802066 0.07104888555165915
4 0.7923516022033487 0.36833790624464513 0.049057277117888806 0.0758182061685102
4 0.8061329573761981 0.38575723132572304 0.05075616943775678 0.08053297970746058
4 0.8264825612954063 0.4142231505626023 0.05254598997087001 0.08837275324641088
2 0.19411869068315069 0.3649233908266649 0.04248902837152988 0.06477161201270878
4 0.7154026572970558 0.3537202528360785 0.047722097651002215 0.08360343262955983
4 0.7549832975053528 0.5332265206929859 0.06242109514371954 0.1057238944801128
2 0.8818616977427798 0.6268010170395379 0.09747805674305994 0.1297614123370204
4 0.7887325087089817 0.4049748356277941 0.06210284639736088 0.09478639448011297
4 0.8042869640401158 0.48333166070887207 0.08699519780928648 0.14519549756436803
4 0.7815314256394559 0.5063600576246169 0.09429087226160834 0.18124209172016936