4 0.8485146040738147 0.6026414869336751 0.062264737348817434 0.11832366510280767
2 0.06835274737427084 0.30609681671196204 0.08106928134945379 0.12432229282674853
2 0.07976296204645242 0.3474866412175942 0.06826019867918123 0.09688570767745457
4 0.9552155796864991 0.4470631123118275 0.08956884062700184 0.1828996173323807
4 0.8934811113939972 0.5089896759216963 0.05746814934754489 0.10862088317182242
4 0.7367413100731784 0.5901418509118612 0.06535337468172653 0.11541718639013113
4 0.6813645614258139 0.7283413374182077 0.047893154678545005 0.09077781930985207
4 0.7054651327577686 0.7198786273949647 0.051109061346272 0.09880884059717551
4 0.7417929840865415 0.6888525025210155 0.04309656667727228 0.08107503737886682
4 0.7560736600890868 0.7085858483139711 0.035029528007635945 0.0586537341605581
4 0.7663389980903595 0.7186710424977724 0.04469542934436319 0.08430929802252862
4 0.7787935447564959 0.7156388776470661 0.04144316000954511 0.073153276735205
4 0.7918202560868597 0.6946925931181911 0.04618520401018138 0.07816855866619044
4 0.8049015114178598 0.6784338085893158 0.04780224801081765 0.08296531930985207
4 0.8233242474140419 0.6516199363132567 0.049455654678544736 0.09088707995351371
2 0.19420945942072326 0.6568066469175774 0.039807934675363255 0.06679401609154353
4 0.7162117287555414 0.7042372019005969 0.04471361067790856 0.08587179802252862
4 0.7501492820655425 0.5348751967048168 0.05903064934754489 0.10873014381548422
2 0.8661640860518613 0.4422884949794469 0.0936783693507266 0.13457137797604232
4 0.7859333354153144 0.6583726808653749 0.05890338001272681 0.09779264381548422
4 0.797524268738042 0.5811217660146688 0.08136018268618095 0.14932229282674853