4 0.8083698819653193 0.36264508989340716 0.04405237884037314 0.11446529172311397
2 0.012441273889284829 0.486189805517924 0.024882547778569658 0.11512038896415203
2 0.02240431996420709 0.5185961917685425 0.04480863992841418 0.0885578889641522
4 0.8571090317817927 0.1677110481702931 0.06497109456891899 0.17942855042954128
4 0.819291242389841 0.25536817842801784 0.04038134727034191 0.10492651741285455
3 0.9189859474538686 0.045308140830974855 0.09452281570031076 0.09061628166194971
4 0.683036682021789 0.4284072879935278 0.0469953683170294 0.11150406603337348
4 0.6955682321488459 0.560936504976841 0.033221294653623445 0.08897396879233561
4 0.7163735558122518 0.5380379155377192 0.03514781570031093 0.09530585594746518
4 0.7326278873681654 0.5130412375639863 0.031112763083592475 0.07951708163720568
4 0.7554661478915092 0.508728873814605 0.026622684158514785 0.05591580732694616
4 0.7702188926298372 0.5095134458408724 0.032766268345264395 0.08116146879233561
4 0.7808756715690325 0.5003874293325291 0.03056673151356133 0.07014208163720567
4 0.787019255755782 0.4751417678671398 0.035527247298576904 0.07507524310259513
4 0.792935326788352 0.45380235640175054 0.03580026308359248 0.07976274310259512
4 0.8019231899142968 0.4198401142036666 0.0362552893919517 0.08757524310259494
2 0.21932570861249695 0.7408895143606369 0.030202710466874016 0.06389208163720568
1 0.13986499274277675 0.6609364207376434 0.03983531570031094 0.09555151741285464
4 0.7202798058122518 0.5378331976498947 0.026258663111827295 0.049665807326946164
1 0.6797660108056924 0.25722832881213065 0.07454351564384112 0.15656426051544958
2 0.7721579081325041 0.20876981739216993 0.07575740514873246 0.12391553482570909
4 0.769308110989219 0.4449153573062617 0.04434080517696728 0.09267217887824372
4 0.7415996109186318 0.3723752939864216 0.05984397881213823 0.14488977611928178