4 0.8655982390531334 0.5058270539626253 0.036148873578701314 0.11318708423309758
2 0.05126272326811774 0.43945358630768994 0.05793286831702944 0.11328217261537983
2 0.07601209428657027 0.47710787427505374 0.050135778868608004 0.0862460759347277
4 0.9124446050216755 0.32192657325865726 0.052289084045575154 0.17663427759440165
4 0.8758161312594476 0.4008202452493371 0.03404034200867016 0.10369368506293437
3 0.9643579025884836 0.20803093923534127 0.07128419482303272 0.09486405933798814
4 0.7593783311323906 0.5250012612213768 0.040654363055357655 0.11041728174358667
4 0.7550155967762319 0.677119868274991 0.026880289391951705 0.08759508838228243
4 0.7743270388978415 0.6614715574871104 0.028897815700311115 0.09552598755244546
4 0.7976511468327017 0.6212376437948002 0.024771757821920558 0.0781016892121194
4 0.8163934415569123 0.6358804842516751 0.02340667889684269 0.05466418921211939
4 0.8292574626035997 0.6430776776129792 0.026425263083592655 0.07978258838228243
4 0.8397854389260765 0.6368752218041204 0.025788226251889767 0.06884508838228243
4 0.8453606047393268 0.612408018069854 0.030748742036904985 0.07388778589277152
4 0.8512087863375928 0.5926283143355876 0.031021757821920914 0.07857528589277152
4 0.8594539258424838 0.5605854089416472 0.029914284130279613 0.08626938672260831
2 0.2846414545699176 0.7472581213752687 0.026986705205202098 0.06271348755244546
1 0.2278307414722077 0.6799512995897259 0.03294827886860805 0.08494368506293437
4 0.7787037257577794 0.643135954582681 0.025044773606936133 0.08278918921211939
1 0.7426542917404391 0.438175767445154 0.039895499858825546 0.15080548340326055
2 0.8280996971009328 0.34275836889969097 0.06776289462538862 0.12180506763635783
4 0.8278244942442179 0.5784115263682237 0.03799979991529554 0.09154888257342364
4 0.8115099785297897 0.49861728259200105 0.05028696828879466 0.14225927759440166