4 0.8188985873116957 0.5085458948805595 0.05186487884037305 0.11329093262955983
2 0.026768719886561203 0.3733380884737585 0.053537439773122406 0.1167704886359143
2 0.032315616180303694 0.4119193474022122 0.06134629465362355 0.08848184740221221
1 0.1347826505929322 0.6264239525150621 0.04599431043863911 0.09289661201270896
1 0.15157603746698747 0.6603449849824663 0.04691977360693613 0.08198638555165907
4 0.9091882002964662 0.3279055953670268 0.07599959983059072 0.1792704886359143
4 0.8532574477362175 0.4020055685816656 0.04672235253201364 0.10539661201270892
3 0.9693283107209878 0.2218152824608135 0.043324336746998426 0.1006545649348082
4 0.6761272583866179 0.5295151396055536 0.05489887357870131 0.11178297970746058
4 0.6620508058828389 0.6637810454497524 0.039471294653623624 0.08810001785690744
4 0.6863983584995574 0.6485651485340075 0.04148882096198285 0.09593979139585791
4 0.6968878084430876 0.5893128794592839 0.03580026308359248 0.07867047077900687
4 0.7272354611021585 0.6187782370077659 0.03921368942018653 0.05687729139585791
4 0.7455836427004245 0.6394316562446452 0.03745376834526439 0.08026024431795697
4 0.7569761690087837 0.6318100710172976 0.03525423151356151 0.06929547077900686
4 0.7685430005646974 0.6077685990204748 0.0402147472985769 0.0740647913958579
4 0.7797913137047596 0.5891958770236518 0.040487763083592296 0.0787522913958579
4 0.7956739189381965 0.558191338874205 0.041033794653623445 0.08812729139585791
2 0.17530966907937087 0.6959512483751469 0.0349812157285458 0.06460797077900686
1 0.0512329451759686 0.463082426947517 0.05544490514873237 0.12115797970746059
4 0.7023040795603622 0.657445270692986 0.029474668373499213 0.050463650162155815