4 0.7602229953736127 0.6509292271111452 0.06601838410204497 0.11544446846486114
2 0.024091405431081056 0.4116999129940277 0.04818281086216211 0.12035017401194455
2 0.03924045036705327 0.384500980148368 0.07090330517696725 0.09215243882958335
1 0.15326442398810686 0.31553081497013874 0.05702281570031094 0.09495013050895836
1 0.19084772397398944 0.29983242657739567 0.07272341041040424 0.12340243882958343
4 0.7516461139729907 0.8383746757243744 0.09778359456891898 0.17859908510611114
4 0.7470411849349736 0.743298565067048 0.06078485253201382 0.1059603656913195
3 0.7725284903942895 0.9486757428787147 0.10841871572854575 0.06649912860909737
4 0.6524097663497128 0.5730789436761452 0.07519596302712266 0.13906380642076394
4 0.7174949820076716 0.4334702765980549 0.050499799915295365 0.09011716014423624
4 0.7332263978209219 0.4580702330950688 0.053988820961982854 0.09643989532659739
4 0.6911908162650082 0.4832345404657633 0.04526626834526439 0.08063305737069441
4 0.7085680320641413 0.4929725631671868 0.05013577886860805 0.08386716014423605
4 0.7581886004658752 0.4715326678405896 0.04564569994353036 0.06035692496187508
4 0.720287511088041 0.573059453459791 0.06785389988706055 0.12016833605604163
4 0.7612534163073607 0.5260746974758674 0.04848227360693613 0.08226829255305557
4 0.7844024899707664 0.5036905511993396 0.04315773677523325 0.07122168977951393
4 0.7835988531672984 0.5442791836081591 0.04968075256024882 0.07605466014423623
4 0.789439329489775 0.5511649632434368 0.049953768345264216 0.08074216014423605
4 0.7971685295038926 0.5658086914919437 0.057857273606936134 0.08248649810013901
2 0.31712106861349554 0.19468837205649278 0.042793715728545755 0.06497168977951392