4 0.8185663777713339 0.47543382944776746 0.04339587516934209 0.1129363520050907
2 0.020947707203032667 0.40505112667090887 0.04189541440606533 0.11317270934118148
2 0.027607185098280224 0.4427783933402269 0.05450379353213636 0.08651930267345417
4 0.8985006184990798 0.2926582394573125 0.06394074852966192 0.17719884667409058
4 0.8474903171650272 0.3710190494509491 0.039779552238563554 0.10352498933799978
3 0.9630311872459867 0.18005878946526666 0.06116322930778537 0.09440452800763599
4 0.7081268447546472 0.49447363609958633 0.04635710085908258 0.1098477146721816
4 0.6767462907070613 0.6457634160964046 0.032710680687266167 0.08782726400381798
4 0.6978776622583588 0.6303747734324954 0.034600729307785016 0.09409544533736351
4 0.7289129782917323 0.5900861281030861 0.030656857756487632 0.0784340826702726
4 0.7461038003179997 0.6051389634388589 0.02630355042954129 0.0549602200031817
4 0.7574540581199158 0.6123065734404497 0.032301244911617386 0.08001476400381798
4 0.7695003567404348 0.6061929334420404 0.030165534825709096 0.06905908267027261
4 0.778582107644946 0.5820650901097677 0.035098696291098366 0.07380112667090888
4 0.7889806970840678 0.5626429281110403 0.03534435775648763 0.07848862667090888
4 0.8023781337642276 0.5307480381126312 0.03575379353213615 0.08630112667090888
2 0.18930384441596287 0.7135737933640895 0.02983798620519007 0.0628090826702726
1 0.1476386448455042 0.6583681253580443 0.03879690637700661 0.08477498933799979
4 0.7066318645423509 0.6124969301002227 0.030820632066747143 0.0815590826702726
1 0.7119379194944481 0.436670226766359 0.04282266508343398 0.10199885200509069
2 0.810676391904828 0.3127429254455403 0.07505531094499096 0.12111247867599957
4 0.7671023750578005 0.5475355487746314 0.04381195499752551 0.09107953333863605
4 0.7657689263918529 0.46856566410722233 0.05901423111680728 0.14278748400699967