4 0.852859322137809 0.5882052402531152 0.05754026232447203 0.11706567363517095
2 0.053765645634414404 0.44275664739739895 0.06707903663473139 0.1207367052052021
2 0.07651042684207889 0.4132210658414853 0.06560506784239586 0.0926117052052021
1 0.29057184757972226 0.22130106342241085 0.034689260515449585 0.06744510523343701
1 0.314998637493814 0.20890747923566128 0.03855124491161739 0.08168961575678066
4 0.8695499344168525 0.7870599692064278 0.08589763568479185 0.18258425782192056
4 0.8445289229968918 0.6983992876081618 0.05392393939369313 0.10750866311182747
3 0.912655882516973 0.9067963455571393 0.10450379353213606 0.09176183674699842
4 0.7270946822691459 0.5210849006635193 0.06050148801421251 0.11412268415851479
4 0.764952129126071 0.39114750070587173 0.04529256784239592 0.09142863680346806
4 0.7825866864530173 0.41362944545831726 0.04718261646291495 0.09776964206513986
4 0.7870528584338562 0.48389644282748134 0.040113744911617386 0.08178062101845249
4 0.8115681795556124 0.44328685337905993 0.032635437584671134 0.05797909997176518
4 0.8342653731331773 0.4427485270848181 0.04175813206674732 0.08343412628012441
4 0.8418698332190854 0.45327650340729486 0.039540534825709274 0.0708431210184525
4 0.8440022212787263 0.47901225077645887 0.0445555834462283 0.07736613680346807
4 0.847451447872978 0.4999694928839511 0.04636374491161739 0.08214464206513998
4 0.8508154652858326 0.5342534876222793 0.046773180687266346 0.0899571420651398
2 0.3198532338303409 0.1968702108198098 0.03773237336031983 0.06606461575678066
1 0.15605408468942353 0.3161192817112054 0.05187011646291486 0.09804265785015547
4 0.7857526300305822 0.41422868493497356 0.032307888964152195 0.05172909997176518
1 0.7840838251900267 0.8907757743833951 0.08492163387576923 0.13423776308359264
1 0.8008076577317436 0.9407379770283484 0.09070024310259503 0.03643729991529554
4 0.8002842780398458 0.7064616875658094 0.08787621551297527 0.1608912683452644