4 0.804477846229538 0.47255384780265874 0.0440807736099071 0.11153751785690744
2 0.011740353699167018 0.4215846737011061 0.023480707398334036 0.11189207386326191
2 0.018537512111018915 0.4586716164769357 0.03707502422203783 0.08522047970746058
1 0.13795685315676054 0.6768739659077428 0.030545953911481315 0.08165910308425506
1 0.15832814175240872 0.6944432954530476 0.028846752874722093 0.08006932954530477
4 0.8820245221957876 0.283773765821722 0.0637480161170366 0.17584547970746056
4 0.8312344188026859 0.36347885673111247 0.040272268426110716 0.10367047077900686
3 0.9538591489159725 0.16922607061026046 0.07369036116879642 0.0933329886359143
4 0.6636970213473157 0.5076537763750288 0.04693237153638883 0.10846706493480802
4 0.65968488166764 0.6429463940697806 0.0326552580585183 0.08793637662320535
4 0.6832002941087512 0.6245782236150853 0.03476456220555537 0.09421365016215581
4 0.6950550366158808 0.5606248177708867 0.03027255183796278 0.07853410308425524
4 0.7218718148439363 0.5939555150109431 0.03603453628657398 0.055232970779006865
4 0.7416669049947233 0.6091674577867726 0.03197175287472209 0.08012387662320535
4 0.752643361215279 0.5999697357899499 0.030878144580648127 0.06762387662320535
4 0.7617934772850473 0.5758737167152265 0.03441324769092589 0.0723659237011061
4 0.7721643407629177 0.5557112211794533 0.03638585080120364 0.0770806972400564
4 0.7859042120164824 0.5238708859521057 0.03564355702175916 0.08642842370110611
2 0.17441247153560324 0.7252393279204516 0.03046804147037028 0.06293637662320535
1 0.04125609335481585 0.5390409549506943 0.03931536116879612 0.09273297077900686
4 0.6871065441087512 0.6246464074624611 0.026112732139537086 0.04881932954530477