4 0.7969942242563381 0.6306176714911806 0.04717737884037323 0.11391865626060209
2 0.01382176336594113 0.49545883293962456 0.02764352673188226 0.11591766587924912
2 0.025282543620554265 0.46497272477225654 0.05056508724110853 0.08935516587924912
1 0.2462856528708323 0.26067463828925297 0.028822220990217674 0.0664980192372937
1 0.2745849581183867 0.2452232530800429 0.027714747298576904 0.07425595553496285
4 0.8128258086548492 0.8292287862819707 0.06965859456891899 0.17863592068857237
4 0.7882346033084727 0.7406920759376845 0.04359735253201382 0.10599702885594056
3 0.8562811350902653 0.9533681136944816 0.09782982622365495 0.0932637726110368
4 0.6716371794615402 0.5651786660488851 0.051682868317029396 0.11095734736759474
4 0.7097503714419755 0.4349926582443368 0.03634629465362345 0.08859127404661712
4 0.7272262977785697 0.4575224226723071 0.038363820961982854 0.0964583377489479
4 0.7199605583725005 0.5285070452676454 0.032675263083592476 0.07910714664195542
4 0.7622614504376404 0.4877109196770822 0.028185184158514787 0.0555605192372937
4 0.7771507030684763 0.4874480248492253 0.034328768345264396 0.08072421034428637
4 0.7868064241292811 0.4963964389143759 0.03369173151356151 0.06978671034428618
4 0.7884753399425316 0.5215055663190376 0.03708974729857708 0.0745833377489479
4 0.7919342689099617 0.5427630074260301 0.0389252630835923 0.07932540145127884
4 0.7954464057840169 0.5765477303841882 0.037817789391951705 0.0870833377489479
2 0.2659002028567149 0.24648565271722317 0.033327710466874015 0.06353671034428628
1 0.11601505296965434 0.3602430739539499 0.04296031570031093 0.09505952885594056
4 0.7311325477785696 0.45765883192813417 0.027912168373499212 0.050873019237293704
1 0.7261231982303276 0.9334500056119317 0.07455892619541978 0.12890873920022655
1 0.7450027298709457 0.9843800115175634 0.08461719468185827 0.03123997696487315
4 0.7349507086124969 0.7818875056119317 0.07298101564384112 0.1553621117955652
4 0.7663427347090946 0.5520462381887364 0.04755681043863902 0.09366071996293321