4 0.8464725625443454 0.39415019015000163 0.058476096212812224 0.11912043836009252
2 0.06256623691779294 0.6776862111215278 0.07724427693097133 0.12388585080120365
2 0.07405318276126269 0.6368172033458335 0.06458974082661784 0.0962297425071295
4 0.9513514809658645 0.552247071205511 0.08697380093507619 0.18564355702175916
4 0.8900140051663614 0.48882841163912205 0.05373405405833438 0.10933533524981467
4 0.7190288185944697 0.388103824645881 0.06158291549465282 0.11626884043361105
4 0.6815782946885605 0.2655350490097235 0.04426815046753809 0.09289012902925915
4 0.7074322675611974 0.2757794819031958 0.04742951190385654 0.09941353110277769
4 0.730193056690613 0.2917660668701866 0.041088608313060604 0.0832417269557407
4 0.7528174904338344 0.28431515183717737 0.033139752926866176 0.059120721771944315
4 0.766062378997516 0.2769031930247237 0.042660198672140125 0.08494092799249993
4 0.778585104895215 0.2797158347306496 0.03947156615858276 0.0737300259189814
4 0.7912123699223296 0.30049722643657556 0.04418633723582168 0.07882762902925915
4 0.8038169090517451 0.3173723681425015 0.0457761083130606 0.08365183006601846
4 0.8219538306947181 0.3447065562197701 0.04582156010845857 0.09146433006601846
2 0.19341521935659553 0.32856662299699113 0.03787270472226432 0.06734332488222217
1 0.157918601771957 0.407491996842454 0.04894656010845857 0.09173773213953691
4 0.7113339723816576 0.27465647931129766 0.03154998184962743 0.054296520735185184
1 0.7525367310640604 0.5047643528739366 0.08371244554888228 0.16193265494824055
2 0.8614804598886258 0.5554198808191683 0.08980790944452863 0.13591695909527762
4 0.7851759933607007 0.33776278058361264 0.05523292154477701 0.09853453628657398
4 0.7950055113146816 0.415067574363057 0.07739881303532492 0.1504483508012036