4 0.8802102039942838 0.5339502612190052 0.06891352698730664 0.11477157200827222
2 0.08593105422671485 0.300807974657864 0.08799130891829185 0.11967724801081765
2 0.09970933096191996 0.34130570532304594 0.07363387797604237 0.09296929734245411
4 0.9637314951823722 0.36938722720405137 0.0725370096352556 0.1776170173456358
4 0.9195297940872562 0.4365389118794146 0.06357046312533612 0.10534202800763595
4 0.7681636720632985 0.5305627265675046 0.07182000569998337 0.1116829346753633
4 0.7210751406365163 0.6734138452419133 0.05299359604505725 0.08804544000636341
4 0.7445836964527152 0.6629757845719588 0.05666489926336595 0.09589430267345414
4 0.778953342613988 0.6289547732336409 0.04765053218308672 0.07861589600572713
4 0.7943269703379288 0.6475411412317319 0.03830838317182241 0.056649989337999786
4 0.8051387841998991 0.6567979625636866 0.04943155347041008 0.08175907733927232
4 0.8173656325907448 0.652746261895323 0.04554172896477802 0.0707852146721816
4 0.8291172335794805 0.6307167205601868 0.050557010895763456 0.07552725867281787
4 0.8411966164992014 0.6133746792250504 0.05244729282674854 0.08023294000636341
4 0.85797992491329 0.5850315032225051 0.05455609604505725 0.08806362133990878
2 0.23173413518863484 0.6415773306413193 0.04354218639013112 0.06451703333863605
1 0.19934797008582716 0.5809670946451374 0.057681096045057154 0.08809998400699967
4 0.754373959694267 0.6464422652371408 0.049540814114071983 0.08332157733927233
4 0.7782927888914761 0.4741490945655956 0.06513296312533612 0.10536020934118148
2 0.8884329773752941 0.37200424454968717 0.10114687278026224 0.12919769867918127
4 0.8211354887752605 0.5948428552275958 0.06436813861970414 0.0944227093411815
4 0.8281724565921739 0.5165724045592321 0.08973947921687966 0.14467724801081766