4 0.8136319895164255 0.4694251481738577 0.058871957124400257 0.11706567363517095
2 0.03354143314414877 0.33775833425733676 0.06708286628829754 0.12137374203690507
2 0.03894976943521496 0.37600178690229014 0.0666448843300113 0.0926117052052021
1 0.11711913248431001 0.589382476463651 0.05132027297895929 0.09638915258848364
1 0.13898483806755096 0.6246906449077374 0.052181866131414 0.08554265785015555
4 0.9179654434016233 0.28666658510438275 0.08797726866002265 0.1825842578219206
4 0.8555469841177545 0.3619087797862412 0.05514617982650449 0.1075086631118273
3 0.9744237993540045 0.18297316673088365 0.02692105027685514 0.10430806840173404
4 0.6706434531192308 0.49020662698599604 0.061796698025101904 0.11412268415851479
4 0.6464073118493892 0.6254916796027146 0.04633238433001132 0.09142863680346806
4 0.6715772925710578 0.6092373480468009 0.048295402528608734 0.0977696420651398
4 0.6870008359080826 0.550742308584262 0.04104410703211521 0.08178062101845249
4 0.7147358096899209 0.579481958612497 0.04276729333702498 0.060087631541796326
4 0.731352810769655 0.5995291481032707 0.042706736581764736 0.08343412628012423
4 0.7435221437430769 0.5918153586407318 0.04034320018457009 0.0708431210184525
4 0.7566927722129921 0.5684765691781929 0.04543121838316751 0.07736613680346807
4 0.7687817620339593 0.5498707823464899 0.04729410703211538 0.0821446420651398
4 0.787140538252121 0.5184464770989357 0.04779475478036197 0.0899571420651398
2 0.16006929365079192 0.6600443159826597 0.03848031153562217 0.06606461575678076
1 0.05557726249538465 0.42017672113139204 0.06395997532299773 0.12358868942018653
4 0.6865514504983372 0.6184835454300824 0.03289164558877822 0.05172909997176518