4 0.873165906072353 0.5151306261627886 0.07752182757475126 0.11700582973421944
2 0.10480262569213798 0.25215518044481333 0.0966723457733484 0.12445738433001133
2 0.11370605875784501 0.2931609122462161 0.07934514342930994 0.09689358883351806
1 0.16331124228497734 0.5041391826042817 0.06684514342930994 0.0960925524363235
1 0.1856763980527884 0.5348687484588405 0.064681866131414 0.08661742288667415
4 0.9648203709117759 0.3669959099390895 0.07035925817644824 0.18090764342930993
4 0.9230471876891855 0.4366260919250623 0.07223355027685514 0.10733044108527157
4 0.7348148049003337 0.5106607765319288 0.08996127081949101 0.14114423658176456
4 0.6962703439184219 0.6559022277962331 0.06029475478036197 0.09100453423772628
4 0.7254071313953506 0.645406016352896 0.06382027297895938 0.09745479333702498
4 0.7306465414820984 0.5925115538298247 0.05344397748246621 0.08122901603912887
4 0.7695180767995587 0.6237522594130657 0.05067992288667415 0.06237888648947969
4 0.7843513348191232 0.6471199082410465 0.056669107032115563 0.08299177513842756
4 0.7965008813953507 0.6408501218438518 0.051280700184570094 0.07175388648947952
4 0.8241054472499094 0.6186852251753394 0.0563687183831675 0.07830427513842757
4 0.8312671051771889 0.6080283274270928 0.058231607032115565 0.08309190468807692
4 0.8503279858065724 0.5871953932816517 0.06175712523071297 0.08954216378737563
2 0.21503203346253388 0.6012354256644514 0.04941781153562221 0.06696625693983034
1 0.12499401218161763 0.2979287553986708 0.10149954811738686 0.15122014342930995
4 0.7464706030177205 0.6558230822074548 0.03924177513842757 0.0538654796419344