4 0.8087808762113315 0.456032343458291 0.07661676634364482 0.11530134783255316
2 0.0400442608081498 0.7385624342963999 0.0800885216162996 0.12231535178688588
2 0.04211327421418965 0.6974426857792746 0.07832137797604236 0.09511618182494211
1 0.11896997720006726 0.44986203163466154 0.058478771539425004 0.0787271778706092
1 0.13717902782048588 0.42474928509470267 0.06236859604505716 0.08979201186299815
4 0.9141518012014963 0.6185880346747732 0.10286219209011449 0.17869268577927463
4 0.8551317163043042 0.5550720213289003 0.07127370248167467 0.10573534684397004
4 0.6657739213838686 0.4619573968046014 0.07963250569998319 0.1138661818249421
4 0.6357254244859616 0.3314594718997416 0.059243596045057245 0.0896646778706093
4 0.6624136106239913 0.3419486443331435 0.06280563861970415 0.09604201186299814
4 0.685714716808507 0.40087531676654536 0.05390053218308673 0.08009867688202607
4 0.705797623865543 0.3601694037246836 0.05102690445914604 0.0612850098858317
4 0.7220617622331457 0.34046174018853037 0.05557229282674854 0.08172484387822046
4 0.7342339803021604 0.3456585761580855 0.050119968321116384 0.07059634288963731
4 0.747602711612727 0.3673571626219322 0.056807010895763274 0.07710101087441493
4 0.7613538551761095 0.38358699908577887 0.058697292826748536 0.0818521778706093
4 0.7805901742338601 0.4110090035344031 0.06080609604505725 0.08972834486680373
2 0.15062952262470578 0.38925745406806345 0.04822968639013112 0.06584517589344294
1 0.05858486221347512 0.6299514382507325 0.08330380891829185 0.12180601581733086
4 0.6656478712676529 0.34051347832553225 0.03954310124083733 0.05302684091247105