4 0.8348155165897762 0.576196898114222 0.06693405601527189 0.11326361600890866
2 0.07252679129536539 0.2805692946769541 0.08575678134945379 0.11973179201145401
2 0.08064782662318382 0.321294292011454 0.07138519867918122 0.09300566000954502
1 0.15574563458786725 0.5823596086887262 0.03982611600890866 0.06607953333863606
1 0.1687268925843674 0.6082954000238626 0.04623974801081765 0.08021475867281787
4 0.9492063752785025 0.41500595412949404 0.09424199069063519 0.17763519867918126
4 0.885188781269912 0.4775508601209035 0.062155649347544896 0.10539657200827221
4 0.6919285825907308 0.5675020560948139 0.0700408746817267 0.11173747867599956
4 0.6560354412396862 0.697570816756814 0.051018154678545 0.08808180267345414
4 0.6827161199077315 0.6877236494270866 0.054234061346272 0.09593066534054522
4 0.7146479199156858 0.6294935260979955 0.046221566677272105 0.07865225867281786
4 0.7250581612428678 0.6749332954328136 0.04600339067472685 0.059902258672817864
4 0.7420729385741861 0.6899770401018135 0.04938292934436319 0.08181362133990877
4 0.7546365732415952 0.684653740770177 0.04456816000954511 0.0708215773392725
4 0.7697257712444586 0.6637327134388589 0.04931020401018138 0.07556362133990895
4 0.7831979252466859 0.6474810047739951 0.05092724801081765 0.08026930267345414
4 0.803828598583731 0.6203736121100858 0.052580654678545 0.08809998400699967
2 0.1747132632479585 0.6310243753580443 0.04293293467536321 0.06455339600572696
1 0.09428251794241174 0.42537326468013575 0.05892156134627213 0.09598520934118149
4 0.6866132792409588 0.6885503527609502 0.03497498400699968 0.05196248933799978