4 0.8085680727409214 0.5129429201145402 0.05797602698730664 0.11464430267345413
2 0.02028341786518578 0.6521079400063634 0.04056683573037156 0.11800566000954511
2 0.025845003014479662 0.613218162675045 0.051690006028959325 0.08975339067472685
1 0.09070858338458306 0.5030260973504083 0.051868138619704095 0.09427725867281786
1 0.11711254625781775 0.47205790802036274 0.06477233020561535 0.12252952800763595
4 0.8901737158001009 0.6765247094604941 0.08745571337743777 0.1789977040101814
4 0.8409492479831876 0.5977633627864035 0.054195463125336116 0.1052329400063634
3 0.9345250133184264 0.7802496934674938 0.030648702481674662 0.1033977200031817
4 0.6721606791775386 0.4957179627625411 0.06586493664223277 0.13815452800763595
4 0.6654075706472343 0.34629921809354114 0.04529035668871888 0.08951703333863606
4 0.6917679748542788 0.36067989143058643 0.04728989926336578 0.0957852146721816
4 0.6654896981190737 0.4010321714274047 0.03994729282674854 0.08008748933799978
4 0.6858021981190736 0.4012685287634955 0.044853314114071986 0.0832670333386361
4 0.7207288551761095 0.36023499610117715 0.04310514381548423 0.05826703333863605
4 0.746384783016266 0.4629605541056315 0.0598663089182919 0.11934998400699967
4 0.7495915465099193 0.40592021343885876 0.043181553470410174 0.0816863520050907
4 0.7610424987394924 0.37634180144013146 0.0391824683211162 0.06914998933799979
4 0.7789512645789342 0.41095315877622224 0.04430701089576328 0.07545453333863605
4 0.7881077432916106 0.41418724677749486 0.04619729282674854 0.0801602146721816
4 0.8015146794296403 0.4237258787794039 0.05244729282674854 0.08023294000636336
2 0.18368767708385172 0.3250561860279987 0.03885468639013112 0.06446248933799978