4 0.8587130952881006 0.6571296980574259 0.07247917568342573 0.11515344155801355
2 0.07130411230009184 0.39467157183466706 0.08382677879370348 0.12003185633066593
2 0.09880439571194374 0.36915337459461056 0.07681536116879613 0.09338753571381489
4 0.8649315754013873 0.8534143628300782 0.10919721715379609 0.17819891233702032
4 0.8459970647509707 0.7621990276027306 0.0669714694628702 0.10569662094116268
3 0.8975963953826371 0.9584740097458233 0.11103453628657398 0.056542100648623264
4 0.7609892032993507 0.595457586855496 0.0753307736099071 0.1120829886359143
4 0.7878463548072213 0.44632461161226233 0.0560927580585183 0.08834547970746058
4 0.8031097698402305 0.46874903653118444 0.059901263242314685 0.09621252678536116
4 0.8167908524981472 0.5178041452974824 0.05058505183796278 0.07888865909060953
4 0.8381190483511102 0.5111723157521777 0.039296237323333115 0.056850017856907444
4 0.8520448473143508 0.5093643539016246 0.052420953911481404 0.08204093262955983
4 0.8607459040532859 0.5193842362068729 0.0483390466541664 0.07104888555165907
4 0.8606577211598136 0.5452063965152985 0.05343664976444416 0.07581820616851012
4 0.8625715356744432 0.5670813965152984 0.05540925287472191 0.08053297970746058
4 0.8639481079647673 0.6007024200542487 0.0576552580585183 0.08837275324641088
2 0.3530934801132867 0.1902299391256769 0.0462297425071295 0.06477161201270887
4 0.8032560327997214 0.4883075600701348 0.05255765494824054 0.08360343262956
4 0.7346604406226839 0.6522530576345028 0.0685339694628702 0.1057238944801128
2 0.7890532891148133 0.7999678088523188 0.104959485014259 0.12976141233702024
4 0.8363507882663417 0.5714512966774542 0.06757706220555519 0.09478639448011279
4 0.8057152344021283 0.6416234748427871 0.09538899538185168 0.14519549756436803
4 0.7725315875124061 0.6468973559302195 0.10478311922731454 0.18124209172016936