4 0.7702817095331994 0.33041733313060506 0.07024834030732094 0.1144170240041051
2 0.013282152565677188 0.5955170330792914 0.026564305131354375 0.11915906615858277
2 0.025327819155836862 0.6222477047222643 0.050655638311673724 0.09257838544042354
1 0.13436147436693102 0.7190914093463328 0.06077774545807211 0.09405907220870695
1 0.17937108542703747 0.7326408249391815 0.07713606909549373 0.12226588544042372
4 0.7840884733281609 0.14212699277152543 0.10503767061270253 0.17708974082661783
4 0.768431909233637 0.2381752909761273 0.06479556576151388 0.1050147529268662
3 0.8187341534837611 0.03368323369633912 0.10940669303247788 0.05842155405833439
4 0.6518668072573863 0.4117986224564124 0.07997402667183913 0.1378999757995032
4 0.7000177805855472 0.5496440561014379 0.05401756242753386 0.0877727107723885
4 0.718528535586517 0.5239582548717738 0.057780291215706645 0.09560339149054772
4 0.6797529490722177 0.5010656555357038 0.0485647878817268 0.07837043969514959
4 0.7454576974052278 0.5100457457965876 0.04859673879011232 0.05962953005422929
4 0.7258622877125489 0.3958150741536146 0.08376870636839726 0.12698974687674197
4 0.7554543218012538 0.45460881205336623 0.050382379396995705 0.08150453005422946
4 0.7763249311943703 0.47661562226002063 0.04636455909355419 0.07054884933607006
4 0.7804223708928683 0.43599516743956046 0.05143469636645772 0.07526362041330895
4 0.7864650768022237 0.42899573369633914 0.05337983363936125 0.0799602107723885
4 0.7962705114997518 0.414201980671277 0.06131987939699588 0.08156816256778665
2 0.26822654921230066 0.8027220416634984 0.04429187606301595 0.06428975897699055
1 0.007303090597185163 0.5571857861043534 0.014606181194370326 0.17062157220870694