4 0.8143817635751187 0.4657140654419104 0.03679669802510181 0.11162848423243048
2 0.013515380167958163 0.4381000652544792 0.027030760335916327 0.11057513050895836
2 0.021703964760981354 0.4745648953265972 0.04340792952196271 0.08386716014423605
1 0.19230200031376704 0.7352517414506252 0.022855311535622213 0.06449891109416672
1 0.2173322786913971 0.7475705567051044 0.0202309592838688 0.07223867591180558
4 0.8813851981819854 0.2747994311332299 0.05330188001107459 0.17441942496187507
4 0.8347221468253959 0.35586693996694513 0.03463342072720579 0.10221711664125
3 0.9530575439553337 0.15754050237163275 0.08226988433001133 0.09084451196784729
4 0.6749595157345871 0.5047194012136117 0.0412839389258032 0.10861258700597229
4 0.6788483744647456 0.6393853419430562 0.027382125230712616 0.08644664627652787
4 0.701974993835362 0.620363238219584 0.02944527297895938 0.09429551386770836
4 0.7127308235695815 0.5501962085843062 0.02521884793281668 0.07703527868534721
4 0.7433206870801019 0.5978531117946881 0.023716904688076922 0.05359777868534721
4 0.7579641779808032 0.6013236039109036 0.026881477482466033 0.07863414627652787
4 0.7693522609542252 0.5945469270491672 0.02618057063492074 0.06769664627652787
4 0.7779855837486143 0.5697105812094799 0.0311684592838688 0.07249324905006951
4 0.7863185178940555 0.5495617353697924 0.03146884793281686 0.07718074905006951
4 0.7985774884366912 0.516985624712466 0.03040699568106344 0.08495688145888884
2 0.20167700031376704 0.7354699469977086 0.027342552436323508 0.06148301386770836
1 0.09839941086194011 0.613356598023889 0.034032643429309936 0.09284211664125
4 0.705881243835362 0.6204541571975353 0.023416516039128865 0.04891027868534721
1 0.7625944278239196 0.23604344281673675 0.06586243676633483 0.15130923328250007
2 0.8015079310631222 0.30032480157420205 0.05272208667404961 0.11667966014423614
4 0.7644633042912501 0.5365344052976744 0.03851988433001132 0.08982621941479181