4 0.8395306625847511 0.36139445820369565 0.053085190722190846 0.11490797970746058
2 0.05080769669087067 0.5369954395294186 0.06252385771838498 0.11663412094116268
2 0.07548670311666131 0.5670550864451636 0.0630040187830803 0.09009889448011296
1 0.2971892426599883 0.750818611608967 0.03236151384016441 0.06614319724005639
1 0.32257124463715464 0.7597572349857616 0.036059516805913995 0.08026024431795716
4 0.8446943705699663 0.1619438831226178 0.07913303756616089 0.17937958279171565
4 0.8248858893530466 0.2514154862068729 0.04957818874502422 0.10547843262955983
3 0.8801305103801234 0.041977625408684736 0.1008860207602467 0.08395525081736947
4 0.7173638439154015 0.4331075913197228 0.05608285672980173 0.11183752678536121
4 0.7632413711014389 0.561304729307014 0.04112901878308044 0.08971706493480802
4 0.7795056996566202 0.5383484703785604 0.042946186767857775 0.09599433847375849
4 0.7805469348278725 0.4679677865311844 0.037558349809719616 0.07872501785690744
4 0.8063891932308296 0.5073887966774542 0.030417011862997965 0.0567409237011061
4 0.8290454432308296 0.5069933303626742 0.03924818380210837 0.0818772913958579
4 0.8364122742574688 0.49591946266792253 0.03561384783255335 0.06932274431795715
4 0.8369242688202615 0.4701109391289722 0.04055601581733086 0.0756545649348082
4 0.839189764371637 0.44896264205107156 0.042309516805914174 0.08036933847375849
4 0.8401328404553604 0.414546731742646 0.042627851786885884 0.08818183847375849
2 0.33014366410480694 0.7729157540604851 0.035422846843970034 0.06463524431795734
1 0.15330263840164443 0.6540408433450224 0.04763368676785786 0.09607615909060954
4 0.782598866158523 0.5375126733006595 0.030162343878220456 0.050490923701106104
1 0.7591150148287477 0.0609145860414218 0.08022069368794008 0.1218291720828436
1 0.7679833374524299 0.013217425732996297 0.08909167490485981 0.026434851465992594
4 0.7752678913302129 0.26166323945328374 0.08519203657757757 0.17480117694751698