4 0.8064982148394231 0.3790717576963535 0.047834327574751256 0.11344555737069442
2 0.012243974400147078 0.5032880009499305 0.024487948800294156 0.11529899810013902
2 0.02170456354281959 0.5355913546734028 0.04340912708563918 0.08873649810013902
4 0.8465083528700623 0.18077907485069372 0.07068963911037329 0.17794446846486117
4 0.8112135980897003 0.26897005908312427 0.04420867982650449 0.10556032218833344
3 0.9053500316168325 0.05381587813732562 0.09839553207825773 0.09902068787965286
4 0.6776432271779242 0.44213741499079795 0.05232156847545255 0.1104296601442361
4 0.6957447802325566 0.5735504159407285 0.03685725478036197 0.08822735182361115
4 0.7158965939276472 0.5512390048465619 0.03892040252860855 0.0960762194147918
4 0.7173274884366913 0.48021799002892296 0.03313147748246603 0.07877961664125
4 0.7544677405961595 0.5214781164538188 0.028504534237726274 0.05526938145888884
4 0.7692614258213349 0.5219138743376035 0.034794107032115384 0.08037848423243048
4 0.7799683883444062 0.51308373499493 0.03409320018457009 0.06944098423243047
4 0.7846954611387952 0.4880109998125688 0.03751858883351815 0.07420121941479181
4 0.7907347100590612 0.46680814703902707 0.03938147748246621 0.0789250870059723
4 0.7983562453765215 0.4330871104698952 0.03831962523071262 0.08670121941479177
2 0.23394927977113128 0.7559174659963193 0.03369268198597286 0.06319098423243048
1 0.11477658004798648 0.6557200570863541 0.04350777297895928 0.09462282218833344
4 0.7198028439276472 0.5511480858686104 0.028204145588778217 0.050581881458888846
1 0.6976202698966404 0.1912652460128466 0.08012519586563335 0.15476154160312502
2 0.7706176789036538 0.2207696016361799 0.06552247532299767 0.12165810087368065
4 0.7663855521317817 0.457233778497916 0.048095143429310025 0.09316942496187508