4 0.13243759329250188 0.29761726956729156 0.025690890674726942 0.05995688145888885
4 0.2582541112746845 0.4259033108860762 0.011428396005727048 0.04244207313826394
4 0.25200411127468453 0.42604878125079837 0.014571577339272413 0.044077308320625085
4 0.2714717266072754 0.4310629363610414 0.01931362133990877 0.04887391109416672
4 0.2879688832750027 0.42286857665364563 0.017660214672181596 0.04102504350298623
2 0.26795692262095666 0.3303907891345831 0.01911362667090888 0.03168641109416672
2 0.5062290819541839 0.3256259814795482 0.025454533338636055 0.03964438145888893
2 0.5245967266072754 0.4251713865897912 0.01918635200509069 0.03793641109416672
2 0.47805753393541206 0.4645254805296176 0.026962489337999784 0.03499324905006951
2 0.5355882232654576 0.48739862965593705 0.020785214672181595 0.04109777868534721
2 0.6148580999363665 0.45431206630131893 0.017587489337999786 0.03477504350298606
2 0.6293745859325486 0.4820915741851037 0.012899989337999785 0.0346659407294446
2 0.607290500596776 0.5005694704616314 0.017605670671545327 0.036337543502986236
4 0.3958439232575035 0.5492290952710066 0.017587489337999786 0.03477504350298606
4 0.40585472258913996 0.561492705928333 0.02236589600572696 0.042696646276527875
4 0.4242865492520947 0.5884000448341663 0.01762385200509069 0.03790004350298624
4 0.43199905191759475 0.5968119568782635 0.014517033338636054 0.03938980832062491
4 0.49237293057768594 0.6438311208222218 0.014535214672181596 0.04095230832062491
4 0.5848684185630502 0.7494615653513884 0.014480670671545326 0.03626480832062491
4 0.6019922838956411 0.7545302718484022 0.014462489337999785 0.03470230832062491
4 0.656061618555096 0.8063824061570827 0.019168170671545325 0.036373911094166635
2 0.5903922599061406 0.6774774625778467 0.025345445337363513 0.030269381458888845
4 0.9155062739895005 0.0560141577726034 0.0429329346753633 0.06504442496187504
4 0.958028486632729 0.22763393142395755 0.02407384667409076 0.05523301386770836
2 0.6212342745862764 0.5775677283454161 0.019149989337999784 0.03481141109416672
2 0.8320290606301836 0.2493115225139923 0.027107940006363407 0.047493249050069505
2 0.6890603106301836 0.25263915710701335 0.016024989337999784 0.03473867591180557
2 0.7114251119510022 0.3442811432393049 0.02705339600572696 0.04280574905006951
2 0.6994341892902747 0.30082208396874943 0.01762385200509069 0.03790004350298606
2 0.545972834619684 0.333292357904444 0.020821577339272323 0.04422277868534721
2 0.3966733633036377 0.20945808045336775 0.020657945337363426 0.03016027868534723
2 0.3666671426241383 0.304662130890208 0.025599984006999678 0.05214438145888885
2 0.293222193984728 0.10564470906246504 0.027107940006363317 0.047493249050069464
2 0.1500539966581822 0.05899052745107626 0.03333975867281787 0.046076219414791696
2 0.4218257152689574 0.46427221381211775 0.017605670671545327 0.036337543502986236
2 0.4767399345958214 0.5106374143252079 0.019095445337363515 0.030123911094166723
2 0.7892972153087283 0.16282981506704794 0.020748852005090513 0.03797277868534725
2 0.9213535479392301 0.4260902684299298 0.020730670671545326 0.03641027868534721
2 0.8645121072565491 0.5453500679168395 0.012754538669636162 0.022165940729444424
2 0.8544569492759571 0.4026540748506937 0.014353401336727245 0.025327308320625085
4 0.5756854172501857 0.5989348884896523 0.016170440006363408 0.04723867591180557