1 0.07890625 0.3824002922572907 0.034375 0.053765350092285044
4 0.08671875 0.4641509400055373 0.0421875 0.06520349784053181
4 0.25546875 0.546839931367664 0.025 0.04378957279438911
4 0.25 0.5488332279438913 0.0265625 0.04701470234403846
4 0.26953125 0.5469598473145079 0.0328125 0.05210272054263569
4 0.28203125 0.5336983837117024 0.0296875 0.045652461443337164
2 0.2265625 0.4528000346991516 0.0265625 0.03763970234403846
2 0.44609375 0.3754619864248812 0.0359375 0.0460529796419344
2 0.503125 0.4634917149870814 0.0296875 0.04252746144333699
2 0.47578125 0.5148644478682183 0.0359375 0.0429279796419344
2 0.53828125 0.5180883798541911 0.0328125 0.047415220542635694
2 0.59921875 0.46261843229051464 0.028125 0.039302331893687814
2 0.6234375 0.4844829403100791 0.021875 0.03733931369509058
2 0.61015625 0.50863183913806 0.028125 0.040864831893687635
4 0.4328125 0.619142135252862 0.0265625 0.03920220234403846
4 0.446875 0.6286370511997058 0.034375 0.04907785009228505
4 0.475 0.6484081330933936 0.028125 0.04242733189368782
4 0.4859375 0.6537965399409389 0.025 0.04222707279438911
4 0.5609375 0.6789152583241063 0.0265625 0.04388970234403846
4 0.68984375 0.7504571961701754 0.025 0.039102072794389285
4 0.70703125 0.7492148712163178 0.025 0.037539572794389284
4 0.778125 0.781114515725362 0.0296875 0.040964961443336986
2 0.66484375 0.6801051233757861 0.0328125 0.03647772054263569
4 0.8265625 0.14281228176449087 0.040625 0.061978368290882366
2 0.65390625 0.5762792165282409 0.028125 0.039302331893687634
2 0.71796875 0.20225952806386305 0.0390625 0.054065738741233015
2 0.58671875 0.2500986458933201 0.025 0.03910207279438911
2 0.64453125 0.328803439230345 0.0390625 0.0509407387412331
2 0.615625 0.2917947925618325 0.028125 0.04242733189368782
2 0.4859375 0.3702027899409389 0.0328125 0.048977720542635696
2 0.29765625 0.29954342920819566 0.028125 0.03617733189368781
2 0.3078125 0.39863177128091626 0.0390625 0.05719073874123311
2 0.159375 0.23365071406423077 0.0390625 0.054065738741233015
2 0.01484375 0.23454498072166857 0.0296875 0.053464961443337164
2 0.42265625 0.5317725431801413 0.028125 0.040864831893687815
2 0.49296875 0.5589346229143608 0.0265625 0.03607720234403846
2 0.64375 0.1334408744555203 0.03125 0.04262759099298643
2 0.871875 0.34102853870432115 0.03125 0.041065090992986344
2 0.8671875 0.4704156500553732 0.01875 0.026201554595791876
2 0.80078125 0.33959764419527705 0.0203125 0.02942668414544123