1 0.11770562656247305 0.2601476805217675 0.024787168373499167 0.05012726502711464
4 0.09661260558637283 0.34052098175143153 0.031583199943530274 0.05953862646343318
4 0.23036670833014822 0.45930786406859714 0.014957142065139983 0.042260222872636886
4 0.2241167083301482 0.45927150263227856 0.018173147326811724 0.04384090359079629
4 0.24424719780680454 0.4625146773003137 0.023133663111827296 0.04855567466803503
4 0.2604182293768356 0.4532305808911099 0.021207142065139982 0.04229658430895533
2 0.2352277845538029 0.3624283188890573 0.020661110495108836 0.03292158430895542
2 0.47331161347888057 0.3403680082896194 0.028928636803468067 0.040779536104353475
2 0.49731128462439 0.4381969751121321 0.02249662628012441 0.037618174668035034
2 0.4534023899284142 0.4809248305965223 0.028655621018452492 0.03609203610435365
2 0.5125575820500238 0.4984623094210875 0.024332142065139804 0.04231476502711473
2 0.5898327135918201 0.45983614665690914 0.020752115756780754 0.03448408430895533
2 0.6062543741433986 0.4865031857863248 0.016064615756780753 0.034456813231716586
2 0.5855400557416646 0.5067020562978296 0.020934126280124234 0.037609084308955334
4 0.37629458738228283 0.5703504240788598 0.019189615756780666 0.03447499394987581
4 0.386549547919744 0.5821328065924172 0.025894642065139983 0.04232385538619425
4 0.40614171110215846 0.608036776439992 0.02093412628012441 0.037609084308955334
4 0.4150616847937993 0.6159038185944696 0.017900131541796326 0.03915340359079629
4 0.47827504535949517 0.6576918636758137 0.018082142065139806 0.042278403590796286
4 0.5772747165050047 0.7559571677341481 0.01780912628012423 0.03759090359079629
4 0.594280205981661 0.7591821616840239 0.017627115756780755 0.034465903590796286
4 0.6517062981315055 0.8064071405085891 0.02249662628012441 0.03761817466803512
2 0.5776002111727456 0.683278191836449 0.02829159997176518 0.029842036104353476
4 0.8681738763507116 0.041782080007347074 0.04913472099021732 0.06588862041330891
4 0.9201550633518238 0.20932864919099198 0.028276189420186882 0.056395445745273866
2 0.6030468031814159 0.5818293213249441 0.022314615756780752 0.03449317466803503
2 0.7948974581183867 0.2398605108237022 0.030946163111827473 0.048601126463433175
2 0.6526266581325041 0.2538815833269968 0.019280621018452494 0.03603749394987581
2 0.6802518582172088 0.34313498086766875 0.03067314732681172 0.04391362646343309
2 0.6655215002823487 0.30084748691779295 0.020934126280124234 0.03760908430895542
2 0.513663597693865 0.3452918576256895 0.0244231473268119 0.04387726502711464
2 0.3576249712725663 0.2334089602814092 0.02204159997176518 0.02980567466803503
2 0.33245139504891175 0.33017033079291397 0.02956567363517095 0.05171703610435348
2 0.24755129223454914 0.1374237737095175 0.030946163111827296 0.048601126463433085
2 0.10111590799132981 0.10218518959695382 0.03701415258848364 0.045512487899751576
2 0.39692487677423455 0.48450382766965594 0.02093412628012441 0.037609084308955334
2 0.4546694873399305 0.5262600564942213 0.02057010523343692 0.03135908430895533
2 0.7481582369869948 0.15674802897407478 0.024059126280124233 0.037627265027114644
2 0.895270642488663 0.40847013113881514 0.02396812101845249 0.036064765027114684
2 0.8459392294474227 0.5308809414436656 0.015427578925077512 0.02351931323171641
2 0.8267859529978893 0.39009686015977224 0.015609589448421345 0.026644313231716586