4 0.07889775826503435 0.43723690046753816 0.042079703647222265 0.06273634933607006
4 0.24186857731923564 0.5186646833504378 0.02285692496187508 0.04231476502711473
4 0.23634527593246485 0.5209766170936592 0.02605466014423614 0.04545794574527395
4 0.2566941435236454 0.5195322917616942 0.032413762917777866 0.050181807181592396
4 0.26950326804868013 0.5063237646343313 0.029143292553055568 0.04391362646343318
2 0.21981369899447883 0.4255550327847038 0.027362587005972293 0.03452953610435348
2 0.4459053799402775 0.3463907493126289 0.035393292553055566 0.043949987899751616
2 0.49621254483416627 0.4341952763417961 0.029070557370694416 0.040788626463433175
2 0.46532491432520795 0.4855850595192834 0.03528418977951393 0.03926248789975162
2 0.5277521791428468 0.4890736738824681 0.030705792553055743 0.0439227168225127
2 0.5931239124253469 0.4331963786047324 0.027435322188333444 0.03765453610435347
2 0.6152891999444093 0.4544219388113869 0.02114895459715278 0.03605567466803503
2 0.6006630022811107 0.4785588755796703 0.02747168977951393 0.039217036104353474
4 0.4144326019205204 0.5907720083878152 0.025872822188333443 0.03764544574527377
4 0.4282950801690273 0.5994475716195318 0.033867160144236054 0.0455033975406721
4 0.4544029852792703 0.6191333577238853 0.027508057370694415 0.040779536104353475
4 0.46521319871013844 0.6246657402374426 0.024383057370694416 0.040761355386194256
4 0.5380870010468397 0.6493117371141847 0.02598192496187508 0.04233294574527395
4 0.661468643239305 0.7195702158405541 0.024310322188333445 0.037636355386194253
4 0.6794555770348952 0.7188935049699696 0.02427395459715278 0.03607385538619425
4 0.7482776590068744 0.7497667759490128 0.02903418977951393 0.039226126463433174
2 0.6427745010468398 0.6499207911725191 0.0320500870059723 0.034556807181592396
4 0.8451468862085416 0.1127440198006926 0.03888196846486096 0.05959316861791083
2 0.6389247620647565 0.5467594297362005 0.028997822188333446 0.03766362646343317
2 0.7312467339480901 0.17224576394696015 0.038700130508958354 0.05178066861791084
2 0.5972886548259027 0.22069183342519266 0.024310322188333445 0.037636355386194253
2 0.6485952752668748 0.2991259056338996 0.038591027735416714 0.04709316861791084
2 0.6228874136596179 0.26225261952954615 0.027508057370694415 0.040779536104353475
2 0.48665766650940945 0.34115834864869904 0.032341027735416715 0.0470568071815924
2 0.3030834067257636 0.2721123910977643 0.02732621941479163 0.032967036104353475
2 0.30626099848138855 0.370581707354543 0.038772865691319505 0.05490566861791084
2 0.1694364117597568 0.20648232503737737 0.038700130508958354 0.05178066861791084
2 0.020138120915937426 0.20872556020665445 0.04027624183187485 0.05181703005422929
2 0.4110004370266315 0.5032401921310365 0.02747168977951393 0.039217036104353474
2 0.47915037177215236 0.5294214179305398 0.02576371941479181 0.032957945745273776
2 0.6624980403688541 0.10464919778837733 0.030633057370694418 0.04079771682251274
2 0.8757208197197915 0.30982355287998403 0.030596689779513752 0.0392352168225127
2 0.8609835596518053 0.4394428751868869 0.0193318814588892 0.02510908430895533
2 0.8038458197197915 0.3094053963623216 0.020967116641249905 0.028243174668035033