4 0.1209970582237158 0.6292643942587814 0.03266833605604171 0.062210839923887915
4 0.2669251944322574 0.5154035296203142 0.01660692496187508 0.042824169961943784
4 0.26065701063666713 0.5148769476050917 0.019768292553055566 0.04451400395433271
4 0.28091495924989623 0.5117055266545647 0.024601262917777866 0.05095500494291585
4 0.29601328238816016 0.522038190190718 0.02285692496187508 0.043078837946721474
2 0.26133111749427135 0.6110343646012861 0.02263871941479172 0.03370383794672147
2 0.4974329248649658 0.6420774816740302 0.030633057370694418 0.04183467292769336
2 0.5311520018029519 0.5453006407615593 0.02434668977951393 0.04001750494291585
2 0.49181609165871565 0.5015479821683219 0.030560322188333443 0.03870967292769336
2 0.5524262833380907 0.48500246931674057 0.02598192496187508 0.04320617193911023
2 0.6261190096867366 0.5265732039937013 0.02114895459715278 0.036765170950527094
2 0.6450683782278477 0.5007773665412715 0.01646145459715278 0.03657416996194396
2 0.6265904819513199 0.47963453699750697 0.021185322188333446 0.038327670950527096
4 0.42397266859670174 0.40890949600848625 0.02114895459715278 0.036765170950527094
4 0.4354368454584378 0.3974944935370283 0.027580792553055743 0.044832338935304604
4 0.45832883159072946 0.3731019885941124 0.02278418977951393 0.03995383794672147
4 0.46752199363482666 0.3649074866169461 0.01809668977951393 0.039762836958138335
4 0.5354173552420836 0.3253873887843929 0.01973192496187508 0.04295150395433271
4 0.6442637187492016 0.23102328205459105 0.018060322188333443 0.038200336958138334
4 0.6621779173624308 0.2279473615983556 0.017987587005972295 0.03507533695813834
4 0.7236778086049653 0.1824319317505799 0.022747822188333443 0.03839133794672147
2 0.6373428779435073 0.30324845053366023 0.028852351823611143 0.03239600593149898
4 0.8594666782834384 0.9432500735379034 0.04949216014423641 0.04728617688202626
4 0.9293765219389243 0.788695224716767 0.031033100873680653 0.059022172927693364
2 0.6522249551658337 0.4050828645641051 0.02271145459715278 0.03682883794672147
2 0.80813664836382 0.753753833423735 0.03081489532659738 0.04964717292769336
2 0.6669297669049312 0.7344838630812303 0.019586454597152782 0.03670150395433271
2 0.7039920493900006 0.6469546881763705 0.03230466014423605 0.046585839923887915
2 0.6854063567606951 0.6883755256288004 0.02278418977951393 0.03995383794672165
2 0.5380215572737853 0.638859639772976 0.026054660144236054 0.046331171939110405
2 0.37001839931375063 0.7450180923581647 0.022602351823611144 0.03214133794672147
2 0.3552454248649658 0.6478711783277198 0.030923998100138926 0.05433467292769336
2 0.2501618006242715 0.8367028680613273 0.030814895326597293 0.04964717292769336
2 0.10072549828757019 0.867033649695989 0.038627395326597244 0.04996550790866543
2 0.4361655037028129 0.4959956605332227 0.021185322188333446 0.038327670950527096
2 0.49777449771888926 0.455167730685447 0.022602351823611144 0.03214133794672147
2 0.7521607117184382 0.8350157622829275 0.02434668977951393 0.04001750494291585
2 0.925502720267813 0.5886633912186697 0.025872822188333443 0.038518671939110224
2 0.8889813791777783 0.46425098163684914 0.016170513867708534 0.02407416996194378
2 0.8554811609972575 0.6040284060474174 0.01624324905006951 0.027199169961943957
4 0.610182272320174 0.37942628996325645 0.021403527735416716 0.04770267095052709