4 0.0979165952816842 0.38046875 0.03352157200827235 0.0609375
4 0.24828821793445757 0.4828125 0.01767839600572696 0.0421875
4 0.2428012866009121 0.484375 0.0208215773392725 0.04375
4 0.26232344593413937 0.48515625 0.025581802673454224 0.05
4 0.2772944652689575 0.47421875 0.02236589600572696 0.0421875
2 0.2384597792807297 0.3875 0.022274989337999783 0.034375
2 0.4726171506206384 0.3390625 0.03174089600572714 0.0421875
2 0.5105887706079117 0.4328125 0.023892033338636053 0.0390625
2 0.4733245806015485 0.4796875 0.03012385200509069 0.0375
2 0.5349069705999576 0.49140625 0.0255090773392725 0.04375
2 0.6065461606063209 0.44453125 0.022293170671545327 0.0359375
2 0.6265768499363666 0.46875 0.017605670671545327 0.0359375
2 0.6083535612667303 0.490625 0.02231135200509069 0.0375
4 0.4104694972549582 0.57734375 0.022293170671545147 0.0359375
4 0.42207006858691276 0.5875 0.0286340773392725 0.04375
4 0.44601609858373104 0.6109375 0.022329533338636055 0.0390625
4 0.4553092825827766 0.61796875 0.019222714672181597 0.040625
4 0.5244405432447768 0.65234375 0.020803396005727136 0.0421875
4 0.6382843198997773 0.73828125 0.01918635200509069 0.0375
4 0.6562348885662319 0.73984375 0.019168170671545325 0.0359375
4 0.7198246738940502 0.78046875 0.023892033338636053 0.0390625
2 0.6281831612428678 0.66640625 0.02848862667090888 0.03125
4 0.8193312553310002 0.0171875 0.05196248933799978 0.034375
4 0.896573913311592 0.16015625 0.031922709341181486 0.0578125
2 0.6379768792568672 0.56328125 0.023855670671545325 0.0359375
2 0.7773148359723194 0.20390625 0.03183180267345413 0.05
2 0.6378977999681833 0.234375 0.020730670671545326 0.0359375
2 0.6783222579567292 0.31875 0.03333975867281787 0.0453125
2 0.657692131962138 0.27890625 0.022329533338636055 0.0390625
2 0.5132421506206384 0.3390625 0.027089758672817866 0.0453125
2 0.34010518996659245 0.24609375 0.02380112667090888 0.03125
2 0.33036601595322945 0.34453125 0.03186816534054513 0.053125
2 0.21685005064450102 0.16328125 0.03183180267345422 0.05
2 0.06628697664704636 0.14453125 0.039626121339908796 0.0484375
2 0.4177376519335031 0.48984375 0.02231135200509069 0.0375
2 0.48139107192873054 0.525 0.022256808004454242 0.0328125
2 0.7172682213160462 0.12734375 0.025454533338636055 0.0390625
2 0.9020592026177748 0.36015625 0.025436352005090868 0.0375
2 0.8708990146005939 0.48671875 0.015897720003181702 0.0234375
2 0.8310836312858203 0.35 0.01749658267027243 0.0265625
4 0.5977876839195038 0.59296875 0.02243862133990877 0.0484375