1 0.11721726909553923 0.34701674765421153 0.03515717261537978 0.053747712873234654
4 0.12421447552909799 0.42910262797604243 0.043798466806520955 0.06523151609154336
4 0.2924451798880643 0.526348604595032 0.025071777594401646 0.04371714901126431
4 0.2863135790582273 0.527474062020385 0.026871075934727706 0.04695140965492613
4 0.3065668794731458 0.5281132003879876 0.033476273445216795 0.05207595222957302
4 0.3189009361118416 0.5165419158591122 0.029877676764564674 0.045607430942249394
2 0.2642474796782829 0.4311235859055985 0.027604781743586493 0.03612317029858776
2 0.48530441826570225 0.3743101292365501 0.037690176764564674 0.046153734160558194
2 0.5412719209649947 0.46681433951189477 0.031203378424238613 0.04259169158591121
2 0.5138698939952928 0.5154103766386601 0.03577247925407558 0.04135697351689647
2 0.5759438415057819 0.5244136720632986 0.03300267676456468 0.045825952229573017
2 0.6383245197202392 0.4759322494189223 0.027841580083912555 0.03924817029858776
2 0.6626383581025215 0.4993915287520174 0.0230356809137497 0.037357888367602496
2 0.6487893456549669 0.5217364223154001 0.027959979254075763 0.04081067029858776
4 0.47018093881113393 0.6157110253978229 0.0277231809137497 0.037685670298587756
4 0.4833321342470306 0.6251788605471167 0.034683575934727706 0.047497712873234656
4 0.5114338234591499 0.6473487914893662 0.029522479254075584 0.04091993094224957
4 0.522063670139802 0.6543089856731674 0.024953378424238615 0.04215464901126431
4 0.5975139560325735 0.6860067359252691 0.026634277594401644 0.043826409654926124
4 0.725794166615317 0.7688024464527151 0.024716580083912552 0.03902964901126431
4 0.7429224670302356 0.7692230635329943 0.024598180913749525 0.037467149011264314
4 0.8142180491887405 0.8076242818541107 0.029522479254075674 0.04091993094224966
2 0.7017162039579811 0.6971788187287744 0.03385478174358667 0.03656021287323465
4 0.8700542361025528 0.180515114657616 0.0404366684661948 0.061887994804219915
2 0.6914989091421399 0.5931086777632817 0.029404080083912553 0.039357430942249395
2 0.7602541062284217 0.2287890876703093 0.03984467261537983 0.054075494804219915
2 0.628472232578068 0.2638692919935693 0.026279080083912554 0.039138909654925946
2 0.6852918402563821 0.34710776291257567 0.03948947510489074 0.04938799480421992
2 0.6566690101724696 0.30780496229215704 0.029522479254075584 0.04091993094224957
2 0.5256334203402947 0.37324465597175516 0.03323947510489074 0.04895095222957302
2 0.3379782097575511 0.28629704098516306 0.029048882573423463 0.03466993094224948
2 0.3469998574778216 0.3848438016288248 0.0400814709557058 0.05720049480421992
2 0.19989694668529648 0.2074786362739156 0.039844672615379786 0.054075494804219915
2 0.04737559793005195 0.19448197351689644 0.046094672615379785 0.054512537378866854
2 0.4603663856969232 0.5272112541104994 0.027959979254075583 0.04081067029858776
2 0.5305255203449392 0.5608703421097848 0.02748638257342364 0.03456067029858776
2 0.6869573935710857 0.15372374967102387 0.031203378424238613 0.04259169158591125
2 0.9132159307132568 0.38091930624352727 0.031084979254075763 0.04102919158591121
2 0.9073588622517065 0.50873294980691 0.020644386722608488 0.026311127723940685
2 0.8418853823729308 0.3728229469569183 0.02088118506293455 0.029436127723940775