1 0.15759505232054616 0.5547524740210996 0.03803851087441492 0.054075494804219915
4 0.06370047228249007 0.5325172050795646 0.046296679847775656 0.06555929802252862
4 0.2382494861226545 0.47891087588235537 0.026719008897248563 0.04393567029858776
4 0.2320949866169461 0.4761300833077085 0.029907675893442943 0.045716691585911205
4 0.2522483191264601 0.481456721675311 0.036412343878220545 0.0524037341605581
4 0.2633940661607106 0.4963386765027741 0.03147017589344294 0.045825952229573017
2 0.2017443003433798 0.567241402365459 0.029589340912471028 0.037904191585911205
2 0.41407586258693874 0.6823740015126093 0.03934634288963732 0.04793475544788173
2 0.4776064633852415 0.6037680362935861 0.03290534190105419 0.04281021287323465
2 0.454021724753948 0.5480589856731675 0.037592841901054184 0.04313799480421991
2 0.5163943907615592 0.5555544114196368 0.03465884288963732 0.04760697351689647
2 0.572505127909978 0.6205891855569519 0.02965300790866543 0.03946669158591121
2 0.5982691318643106 0.6035873558555396 0.02490184091247105 0.037576409654926125
2 0.587600887301518 0.5769866510280767 0.02971667490485963 0.04102919158591121
4 0.42016533098945824 0.43678834990345494 0.02965300790866543 0.03946669158591121
4 0.4345461659704302 0.42995919569641056 0.0378475098858317 0.04938799480421992
4 0.46337150292856844 0.41473838728232176 0.031342841901054186 0.04270095222957302
4 0.4752494204190545 0.41165159210978486 0.028217841901054187 0.04248243094224944
4 0.55098159087529 0.3989273530055481 0.029844008897248565 0.044154191585911204
4 0.6846191032325797 0.3495114970731338 0.02652800790866543 0.03924817029858776
4 0.701711102738288 0.3530571141534129 0.026464340912470873 0.037685670298587756
4 0.7746047746773983 0.3330831037618527 0.031279174904859805 0.04113845222957302
4 0.6545376723962208 0.4147869358090534 0.03427684091247087 0.038231973516896466
4 0.7741870557434062 0.9733460678464191 0.0446068458553869 0.053307864307161876
4 0.6397483191264601 0.5085533613034213 0.03810217787060921 0.055637994804219916
2 0.6707702370740567 0.9008936806132735 0.04272601087441501 0.054403276735204995
2 0.544346999925638 0.83094217751118 0.02809050790866543 0.03935743094224975
2 0.6074637652486772 0.7624924622921571 0.04259867688202625 0.051278276735205
2 0.5764074248304978 0.794010260062584 0.031342841901054186 0.04270095222957302
2 0.45356944410786965 0.6937538979259836 0.0362850098858317 0.0492787341605581
2 0.26081159973535745 0.7327678493992519 0.029525673916276675 0.036341691585911204
2 0.27888512049560416 0.6353136951922075 0.04285334486680377 0.05752827673520518
2 0.11883500536284537 0.7753327717915266 0.042726010874414924 0.054403276735204995
2 0.40335056270066943 0.5225783844323302 0.029716674904859807 0.04102919158591121