4 0.13135868871534453 0.3305356834591201 0.02600912094116259 0.05999971658814811
4 0.2679155718313717 0.4672919726204162 0.011673885551659158 0.04314440725731465
4 0.26166557183137173 0.4667451684733791 0.013263659090609536 0.04484360829407415
4 0.2812786424482227 0.4731414314328699 0.019595479707460582 0.05007791244111104
4 0.29753488798399585 0.4659830423188421 0.01633411201270878 0.04199201036759241
2 0.2701444991859258 0.3715399752123143 0.017732970779006773 0.032753711404351814
2 0.5074535844132735 0.38138103279972124 0.02568183847375849 0.04124971658814811
2 0.5341718173671449 0.4820057493878694 0.019404564934808022 0.039140412441111036
2 0.4903496793798537 0.5187347698402306 0.025600017856907444 0.03656221658814811
2 0.5500928721556833 0.5450231592370823 0.019459112012708956 0.04226541244111104
2 0.6268229675293007 0.5166336105566656 0.017787517856907444 0.03587871140435191
2 0.6437065044609316 0.5454127214426376 0.011537517856907441 0.03533190725731483
2 0.6229400369283355 0.5623172574463877 0.01625229139585791 0.037304510367592414
4 0.4153008607915975 0.598755169039027 0.016225017856907442 0.03574201036759259
4 0.4264565491032003 0.6122120762963418 0.022611385551659247 0.04410131451462966
4 0.44643781249588094 0.6397020892558325 0.01784206493480802 0.0390037114043519
4 0.4551815669601078 0.6490476949580084 0.013181838473758489 0.04015610829407397
4 0.5192537495896676 0.6998965869467583 0.014771612012708957 0.04185530933083328
4 0.6210538031603902 0.8117704532993507 0.01312729139585791 0.03703110829407415
4 0.6383094870077659 0.8171804147037026 0.014662517856907442 0.03560530933083328
4 0.6962134902541768 0.8721700025454154 0.01781479139585791 0.03744121140435155
2 0.6197855835991992 0.7391142032993507 0.025490923701106106 0.03031221658814811
4 0.8947318474022122 0.13444299302629456 0.043278441558013726 0.06619092799249993
4 0.9508296631477993 0.30940332827610934 0.024392073863261744 0.0567380155513888
2 0.6430264403369023 0.6405201698874988 0.01935001785690744 0.03601541244111104
2 0.8270472897710046 0.3235355958537484 0.025818206168510473 0.04906221658814811
2 0.6849961574657565 0.3189083015086561 0.014662517856907442 0.03560530933083328
2 0.7146893859554011 0.4112126701703227 0.027298885551659068 0.04451141762490742
2 0.6991092504037418 0.36772651032110976 0.0178420649348082 0.03900371140435181
2 0.5481876785690748 0.391185259755462 0.019513659090609536 0.04539041244111104
2 0.38908363960884895 0.25869680556115665 0.019268197240056396 0.031327912441111036
2 0.3665285754848197 0.3518904394913882 0.025872753246410873 0.05218721658814811
2 0.2771546095770768 0.14749688246962908 0.025818206168510206 0.04906221658814811
2 0.1303244740254177 0.09252783553263864 0.033576159090609535 0.04662072177194439
2 0.434126952918804 0.5153760325168972 0.01625229139585791 0.037304510367592414
2 0.4934979987788887 0.5650335713953695 0.017705697240056394 0.031191211404351903
2 0.7779046318982112 0.23420996423259108 0.0194045649348082 0.039140412441111036
2 0.9300882893639677 0.5065032122063409 0.020939791395857554 0.037714613477870175
2 0.8837508518631438 0.6225779800668039 0.012881829545304768 0.022968608294073968
2 0.8617377098186629 0.47868171710731316 0.012936376623205348 0.026093608294074144
4 0.5988906566516823 0.65928044033986 0.016443206168510117 0.04824201036759259