1 0.17925312320977843 0.9002069606517352 0.028724984006999677 0.053036468792335256
4 0.1669360312301411 0.7509439450479028 0.03508407200827235 0.06273901741285463
4 0.27105246125082194 0.5932365863869041 0.01924089600572696 0.043170145861557076
4 0.2655655299172765 0.5950856914298583 0.022402258672817865 0.04645892017181659
4 0.2836342772517765 0.5855502391458661 0.027144302673454312 0.05139208163720586
4 0.3015484832511402 0.5892960368618739 0.023946577339272503 0.04497830732694617
2 0.295751921904868 0.6848541983272632 0.023837489337999784 0.035603307326946165
2 0.5306269085773677 0.6296023750578005 0.03174089600572696 0.04382524310259513
2 0.5333711952578216 0.5279579879026708 0.025454533338636055 0.0403726944820761
2 0.48215414059518513 0.5009727640219526 0.03168635200509051 0.03913774310259512
2 0.5348887892664121 0.46463579432510577 0.027071577339272502 0.04514208163720568
2 0.6182916352641851 0.4766610815256641 0.023855670671545325 0.03716580732694617
2 0.6280120806015483 0.44648225859488566 0.017605670671545327 0.03683825870642732
2 0.6039569626034574 0.43368900949939676 0.023892033338636053 0.04029080732694634
4 0.3884046879376392 0.4387394369073025 0.022293170671545237 0.03708392017181659
4 0.39638081993954827 0.42426750113165373 0.030214758672817865 0.04686835594746519
4 0.41001660594368444 0.3931027103130509 0.0238920333386361 0.04029080732694634
4 0.4163847846117298 0.38261891169253187 0.020785214672181595 0.04168953301668683
4 0.46861999395291126 0.32210413557325007 0.02236589600572696 0.04333392017181659
4 0.5442659786362286 0.19555824570458685 0.020748852005090513 0.03856453301668679
4 0.5599909759707286 0.18614562415328934 0.020730670671545326 0.03700203301668674
4 0.605231297979001 0.1228743402320914 0.025454533338636055 0.04037269448207601
2 0.5598540686266837 0.26501093057572445 0.030069308004454242 0.034368355947465276
4 0.9683161705522325 0.7917073908887753 0.04456816000954511 0.07260534034363317
4 0.9821075925764132 0.6129682372253022 0.020985209341181487 0.058877033016686654
2 0.6056472792807297 0.3555230659218319 0.025418170671545327 0.03724769448207601
2 0.8625217985757768 0.6239201045927283 0.03339430267345449 0.051719630257724705
2 0.7216149879058225 0.6555086985544059 0.020730670671545326 0.037002033016686656
2 0.7297371179185492 0.561390206356322 0.03490225867281786 0.047114017412854634
2 0.7245314499125041 0.6061671178217113 0.023892033338636053 0.04029080732694616
2 0.5682996312460495 0.6127933333346864 0.027089758672817866 0.04670458163720585
2 0.4407547918921413 0.7709477493226314 0.02538180800445424 0.034122694482076096
2 0.396469537237459 0.6850412268213942 0.03343066534054504 0.0548446302577247
2 0.35416221654205116 0.8988480992772029 0.033394302673454224 0.051719630257724705
2 0.21981394119991524 0.9706932010407968 0.041024989337999786 0.036504066033373306
2 0.4265490305935943 0.5155985080290588 0.023892033338636053 0.04029080732694616
2 0.473306399268003 0.45615158695273106 0.023819308004454243 0.034040807326946344
2 0.8340871685630503 0.7191031298074989 0.027017033338636053 0.04045458163720568
2 0.9233518526018667 0.42866183627536253 0.027017033338636053 0.040454581637205854
2 0.8503694332829568 0.32630147614402577 0.01746022000318135 0.024338258706427317
2 0.8612058412635488 0.46861512890298773 0.01749658267027243 0.027463258706427317