4 0.2195116493873837 0.7848062083252514 0.042551114363184706 0.06594373545613248
4 0.299021366504484 0.6133938518070728 0.023682939695149674 0.044100686364518006
4 0.29356625204310344 0.6161840119587937 0.026826120413308896 0.047480777879787085
4 0.3099088695295461 0.603907281503631 0.03310339149054773 0.05267846091032524
4 0.3286725050681656 0.6047204824120167 0.028379530054229284 0.04604582363742153
2 0.33781622179248244 0.6985502307450268 0.02677157825883114 0.038105777879787084
2 0.5639423845566608 0.6050560958880191 0.03619203005422929 0.04668355242559432
2 0.5508560563960254 0.5052952119490953 0.029923849336070063 0.043048369395056164
2 0.49526004136891083 0.4879480863451214 0.03461134933607006 0.043431006667959696
2 0.5418986920328408 0.44349671361608534 0.03151362041330898 0.04786341515269079
2 0.6270822131100796 0.44123296982500315 0.02678066861791084 0.039668277879787085
2 0.6323691559284873 0.40953655967328223 0.02208407825883114 0.03772314060688355
2 0.6057475685944697 0.4015485875530693 0.02678975897699054 0.04123077787978709
4 0.39182142398066394 0.4424598563490007 0.02678066861791084 0.039668277879787085
4 0.3972038155694076 0.42716969619727985 0.034647710772388506 0.049681006667959694
4 0.4063970083878153 0.3951544216514726 0.02836134933607006 0.042920823637421626
4 0.41179758069471817 0.38298926149975177 0.025236349336070062 0.04266573212215254
4 0.45439362597245375 0.315419253164802 0.026807939695149587 0.04435577787978708
4 0.5090942406302261 0.17886012876877602 0.023655668617910842 0.039413186364518
4 0.5238789032962086 0.16749219407124794 0.023646578258831142 0.03785068636451801
4 0.558644267855785 0.09743491452447088 0.028352258976990542 0.041358323637421625
2 0.5360521712501894 0.24466060088898894 0.03301248789975162 0.03705346091032524
2 0.5959180506404889 0.32418886209887654 0.028343168617910842 0.03979582363742162
2 0.8934298966569092 0.5437689410271321 0.03936248184962743 0.0547511439408634
2 0.7585281767111385 0.5985516490625195 0.02521816861791084 0.03954073212215263
2 0.7517282099868217 0.5045305820930576 0.03934430113146803 0.0516261439408634
2 0.7535543304001305 0.5497155363354229 0.02836134933607006 0.042920823637421536
2 0.5989850050681655 0.582655066341242 0.033085210772388504 0.04955346091032524
2 0.4960514234896847 0.7583243592239386 0.02831589754067192 0.035108323637421536
2 0.4385474748175445 0.6817297793775992 0.03938066256778665 0.0578761439408634
2 0.429641149190992 0.8974025768022237 0.03936248184962743 0.0547511439408634
2 0.44224412567786614 0.5110346421046955 0.02678975897699054 0.04123077787978709
2 0.4793805113146815 0.44547354392146676 0.02676248789975162 0.03654327787978708
2 0.8799309989198456 0.641791852845843 0.029923849336070063 0.043048369395056164
2 0.9243066710537977 0.34271675299562415 0.02991475897699054 0.04148586939505616
2 0.8346942043294809 0.25545561118079263 0.018895445745273777 0.026530549091614473
2 0.8683157462875668 0.3918396502704674 0.020476126463433175 0.029783094849249014
4 0.5443600958200288 0.32917912210081623 0.03940793364502539 0.0625636439408634