4 0.24628213144490396 0.8204978105994378 0.04603975334181776 0.06276362041330899
4 0.31305036608845044 0.6497853347999347 0.02705339600572696 0.04234203610435365
4 0.3076088880887687 0.6521609010567134 0.0286340773392725 0.04391362646343318
4 0.3230884374204051 0.6395699974659171 0.034956802673454225 0.05019998789975162
4 0.3418566187539505 0.6410234131569619 0.0317590773392725 0.04393180718159222
2 0.35857249876667724 0.7346825095661657 0.028543170671545236 0.03610112646343318
2 0.5778395720878141 0.6435570189359395 0.038027258672817865 0.045530668617910844
2 0.5571447167409056 0.5436706484244347 0.031722714672181594 0.04080680718159222
2 0.49989529073836036 0.5252524465308408 0.0364102146721816 0.04083407825883114
2 0.5439174633990879 0.4812433712970717 0.03490225867281786 0.04551248789975162
2 0.6290646227323151 0.47996669672723247 0.028561352005090513 0.03766362646343317
2 0.6318259960614062 0.44869851600907323 0.023855670671545325 0.03607385538619425
2 0.6051634987269063 0.4402593021134268 0.028579533338636054 0.039226126463433174
4 0.39310894139876973 0.4797768409482548 0.02856135200509069 0.03766362646343317
4 0.397623718730088 0.464905819871016 0.03648294000636341 0.04708407825883114
4 0.4042731607256337 0.43205241325515764 0.030160214672181596 0.040797716822512695
4 0.40805214139081547 0.42109218735745857 0.027035214672181597 0.040779536104353656
4 0.4455425033815887 0.352900723560008 0.02861589600572696 0.042351126463433086
4 0.4908448180299077 0.21747176278761948 0.02699885200509069 0.0376545361043535
4 0.5047800486950896 0.2064524495559029 0.026980670671545325 0.03609203610435348
4 0.5344397293523173 0.13674393755385034 0.030142033338636055 0.0392352168225127
2 0.5228584340388164 0.2829149556060271 0.03323067067154532 0.03612839754067192
2 0.5886385227164068 0.363006455704223 0.03012385200509069 0.0376727168225127
2 0.9037293627466326 0.5838446338882994 0.04122498400699968 0.05179884933607006
2 0.7723162780871778 0.637737769230527 0.02699885200509069 0.03765453610435347
2 0.758725398074451 0.5440604921031641 0.04118862133990877 0.048673849336070066
2 0.7639310660804963 0.5885644710259251 0.030160214672181596 0.040797716822512695
2 0.6111696927514052 0.6207053262157277 0.03492044000636341 0.04707498789975162
2 0.5217906614417223 0.7954558622218852 0.028524989337999785 0.03453862646343318
2 0.4583997760979955 0.71925697658507 0.04282384667409058 0.054932939695149584
2 0.46558720946049414 0.9340734555078312 0.04122498400699968 0.05179884933607006
2 0.448605510741542 0.5489899283804682 0.028579533338636054 0.039226126463433174
2 0.48143564473263334 0.48316948566025636 0.028524989337999785 0.03453862646343318
2 0.8978344460932229 0.6815417905041578 0.033285214672181596 0.040815897540672094
2 0.9193709020528157 0.3837400947588838 0.033285214672181596 0.04081589754067192
2 0.8230220660407255 0.29523210666274047 0.020603401336727244 0.02511817466803503
2 0.8668095233927244 0.43248666696759075 0.022202264003817973 0.028252265027114733
4 0.5386203413828613 0.3617348471947707 0.03181362133990877 0.048619307181592394