1 0.12394500519108469 0.07299912927468741 0.02791216837349917 0.05058188145888891
4 0.1775158681758551 0.25403027051722205 0.0363617052052021 0.06170121941479163
4 0.296962360142173 0.39754192154340257 0.019644642065139984 0.04258754350298606
4 0.2906668575113371 0.3969061419081248 0.021298147326811723 0.044186411094166725
4 0.3098718838196963 0.4042822308139581 0.027912168373499212 0.05058188145888889
4 0.3266953627730089 0.39763218731097194 0.024332142065139985 0.042696646276527785
2 0.311814544441862 0.30331914285805534 0.023786110495108835 0.03332164627652778
2 0.5494811444136272 0.3275151365897912 0.032144642065139804 0.04287848423243057
2 0.5624277364222973 0.42891398242947876 0.025712631541796326 0.03960801386770836
2 0.5143388469174062 0.46289024534725653 0.03187162628012441 0.038190984232430655
2 0.5708009495200073 0.4920861296559371 0.027548147326811722 0.04433188145888885
2 0.6516036284874372 0.4690830811189578 0.02396812101845249 0.03644664627652787
2 0.6642702284592025 0.49851600798069395 0.017718121018452493 0.036301175911805574
2 0.6417427810759209 0.5146865218484022 0.02249662628012441 0.03797277868534721
4 0.4279000889543113 0.5368745656357288 0.022405621018452494 0.03641027868534721
4 0.4365316363093578 0.550755227679826 0.0291106473268119 0.04436824905006951
4 0.45384023365028714 0.5792978017680206 0.02415013154179633 0.03957164627652787
4 0.4614630178511542 0.589290397607708 0.021025131541796326 0.03949891109416655
4 0.5193812046405049 0.6434862819163885 0.021207142065139805 0.04262391109416672
4 0.6059851045275653 0.7603815347661801 0.01937162628012441 0.03790004350298624
4 0.6228008782050887 0.7670309250587842 0.020843121018452492 0.036373911094166725
4 0.673869825517783 0.8245154635277773 0.02405912628012441 0.03800914627652787
2 0.6150801124906602 0.6881974102411453 0.02994510523343692 0.031904616641250175
4 0.9724881919804353 0.10879301244600614 0.054004231513561506 0.06991376291777782
4 0.9940824709196306 0.28564579996506867 0.011835058160738755 0.05846711664125
2 0.6509805441595133 0.5927024190748605 0.025530621018452493 0.03648301386770836
2 0.8790475470726979 0.2908989572595132 0.03416216837349921 0.05072735182361114
2 0.7366857418251436 0.27778397426135354 0.020843121018452492 0.036373911094166725
2 0.7538648075254545 0.3712612173274994 0.03388915258848364 0.046039851823611144
2 0.7441944049369709 0.3261123714878119 0.024150131541796148 0.03957164627652778
2 0.5885359391378379 0.33990538060586756 0.02763915258848364 0.04589438145888893
2 0.44652420243319185 0.19848355965180517 0.025257605233436918 0.03179551386770836
2 0.41195875761015904 0.2900359332269094 0.03434417889684287 0.053852351823611144
2 0.34898280254613134 0.08184287994027747 0.03416216837349921 0.05072735182361114
2 0.20839632892507773 0.02125544452916659 0.04179265785015547 0.04251088905833318
2 0.45836956797821105 0.4555875448341663 0.02249662628012441 0.03797277868534721
2 0.5107279995058898 0.5083482157119787 0.02369510523343692 0.03175914627652787
2 0.8408657366340588 0.19947517667430487 0.027275131541796328 0.03964438145888893
2 0.9588091837349918 0.47836128324756866 0.027184126280124586 0.03808188145888884
2 0.896475054682857 0.5901177072595132 0.016990078925077867 0.023801175911805573
2 0.8928355732398827 0.4470398544859715 0.0171720894484217 0.026926175911805572