1 0.20608779563694832 0.8235210949665802 0.02426641848667055 0.0487920560063543
4 0.19301422654145456 0.7015915478886796 0.02984673879011237 0.05981137662320535
4 0.3096441329001536 0.5725643413131323 0.01438123545613248 0.04237841477265238
4 0.3033941329001536 0.572455247157331 0.01763378121376693 0.04399546185055314
4 0.32247897274843274 0.5673274163942101 0.022703918486670638 0.04876478246740401
4 0.3395229515366054 0.5754262885531888 0.02050368969849794 0.04092500892845372
2 0.32601817411586026 0.6680268457773592 0.021300915152690704 0.03157728246740419
2 0.564235651237043 0.6714048104672861 0.0281886439408634 0.03949887662320535
2 0.5756039727484327 0.5717457297041653 0.02181109818322895 0.03782728246740419
2 0.5263853516863867 0.5326599103051303 0.029368506667959694 0.034838650162155815
2 0.5822208924430512 0.5094502812462928 0.02362868969849785 0.0409795560063543
2 0.663678057595742 0.542077594963285 0.019993506667959692 0.034675008928453724
2 0.6762259839583203 0.5142116935833132 0.015306006667959693 0.03459318831160267
2 0.6528842077455232 0.49586111403800837 0.02012105242559432 0.03623750892845372
4 0.4383754265317563 0.4484291862797125 0.019993506667959692 0.034675008928453724
4 0.44751131047068 0.43610646428288974 0.0253187354561323 0.04256932954530477
4 0.46402925971207554 0.40908999675029384 0.02024859818322895 0.03780000892845372
4 0.4711402580450857 0.4006326144450455 0.0172511439408634 0.039307961850553096
4 0.528123839558415 0.3532587824641088 0.017378689698497853 0.040870461850553055
4 0.6130731822816321 0.24708269480112918 0.01699605242559432 0.03618296185055305
4 0.6298142721299111 0.24191395372958296 0.016868506667959693 0.03462046185055314
4 0.6801652163703371 0.18974352759284482 0.021683552425594322 0.0362647824674041
2 0.6236277871328207 0.3190395154179802 0.027423369395056164 0.030123876623205526
4 0.9840067909258426 0.9386521805943744 0.03198641814831475 0.06479888555165907
2 0.6614144427426136 0.4187764626580367 0.021556006667959694 0.03470228246740401
2 0.8948476645729626 0.7458277065689567 0.03038887272903601 0.04733865016215581
2 0.7518789145729625 0.7433321777550006 0.018431006667959694 0.03464773538950343
2 0.767791214872525 0.6515537808392556 0.0300062354561323 0.042651150162155815
2 0.758862496086292 0.695085592527653 0.02024859818322895 0.03780000892845372
2 0.603377899570053 0.6635065357105197 0.023883781213767108 0.0441045560063543
2 0.46299162881726763 0.788218389201812 0.022735869395056164 0.0300420560063543
2 0.42636886048037825 0.6931825787312306 0.029209010001939716 0.05199887662320535
2 0.3669772403364161 0.8926410620921391 0.03038887272903601 0.04733865016215581
2 0.22730870458072117 0.9401318965087079 0.03651132697140156 0.04588524431795733
2 0.4702628974440211 0.533240562902918 0.020121052425594144 0.03623750892845372
2 0.5218415018361677 0.48655252353565503 0.021173369395056162 0.03001478246740419
2 0.8582402270004966 0.8325640474783473 0.02337359818322895 0.037854556006354304
2 0.9716499253238083 0.5685169585975516 0.023246052425594143 0.0362920560063543
2 0.9065514706224007 0.44957999796481457 0.014285640606883731 0.022093188311602674
2 0.9065031574459608 0.592344196422687 0.016103232122152634 0.025245461850553142