1 0.02111100881603864 0.758214406616071 0.02836310217691824 0.052644838935304604
4 0.08070924202581567 0.6153610617492674 0.03494048439090338 0.062274506920082115
4 0.2358456645284867 0.5068416131184114 0.018660719962933125 0.04288783695813834
4 0.23043147823081758 0.5055019476050917 0.02184028366526398 0.044577670950527094
4 0.24999001008198302 0.5039248601526618 0.026746038474587407 0.05101867193911023
4 0.264451814165667 0.5142575236888152 0.023348219962933126 0.043078837946721474
2 0.22157977868630452 0.6025997820917721 0.023075401451278843 0.03526633794672165
2 0.45348205391404794 0.6415190661607106 0.03272321996293322 0.04346083992388792
2 0.49581837605389933 0.5461773912558507 0.024801592558271322 0.04001750494291585
2 0.46073653712382506 0.5007985656664189 0.030997028855940557 0.03870967292769336
2 0.5228645148913065 0.48656496931674054 0.026527783665263982 0.04476867193911023
2 0.5923213538213808 0.5305431209898958 0.023129965153609787 0.03682883794672147
2 0.613479591207509 0.5054967000393686 0.01844246515360979 0.03663783695813834
2 0.596274733040141 0.4843538704956042 0.023184528855940557 0.03839133794672147
4 0.40242801851950355 0.4056571620160975 0.023129965153609745 0.03682883794672147
4 0.41450143258465405 0.39502340954463955 0.02965278366526398 0.044896005931499075
4 0.4395386381196168 0.37059907110362644 0.023239092558271324 0.03995383794672147
4 0.4491591747801057 0.36318581912646014 0.02016865626060227 0.04138900395433272
4 0.5198908262313846 0.3259776377958097 0.021785719962933214 0.04301517095052709
4 0.6377355798595816 0.2353606135755219 0.020059528855940555 0.038264003954332715
4 0.6557588935619124 0.23306594311928644 0.020004965153609788 0.03670150395433271
4 0.7212400498225147 0.18983059627531637 0.024801592558271322 0.040017504942915894
2 0.6242881495523622 0.3076812825488827 0.02921627404661713 0.03239600593149898
4 0.7852106812338917 0.9494191604960417 0.05276290145127867 0.03647601087441501
4 0.869109509997165 0.8032352271882249 0.0332688569862416 0.05908583992388765
2 0.6292806951985257 0.4104561140698135 0.02469246515360979 0.03689250494291585
2 0.7518872936624289 0.7643239188989985 0.03299603847458741 0.05127333992388792
2 0.6138887858578806 0.7395215315602994 0.02156746515360979 0.036765170950527094
2 0.6582414757837469 0.6534593561611481 0.03439484736759475 0.046649506920082115
2 0.6357563513743101 0.6941626106097724 0.023239092558271324 0.03995383794672147
2 0.49410705391404797 0.6398637242596564 0.02814484736759475 0.046394838935304605
2 0.31664176362536206 0.739931344335331 0.02452877404661713 0.03220500494291585
2 0.311485526872206 0.6418440128144003 0.033105165879249124 0.054398339923887915
2 0.1895311374018267 0.8278053705327852 0.03299603847458741 0.051273339923887565
2 0.038095122973856435 0.8526992356655441 0.04075397477225653 0.05002917490485999
2 0.40562245118897555 0.4929024940313199 0.023184528855940557 0.03839133794672147
2 0.4709126344914198 0.45513589718734987 0.0230208377489479 0.03370383794672147
2 0.688276172248217 0.84336943175058 0.026364092558271324 0.04008117193911005
2 0.8839061638955146 0.6029168922072529 0.026309528855940557 0.038518671939110405
2 0.8586383237843138 0.4775640651349464 0.016443455534962938 0.02407416996194378
2 0.812457749830364 0.6159699905340977 0.018115082939624473 0.027262836958138338