1 0.25316355203690744 0.28060519237293696 0.027162484006999676 0.05249008293962447
4 0.17395731003340756 0.25206847540522875 0.03508407200827235 0.06213790145127884
4 0.2811714680537703 0.40575152531256153 0.01767839600572696 0.04278770072563946
4 0.27490328672022485 0.4039707705032381 0.020839758672817864 0.04602182813030109
4 0.29375328405472473 0.41321928493120835 0.027144302673454225 0.050927582939624516
4 0.3108771493873157 0.4083507356568477 0.02392839600572705 0.04300595553496289
2 0.3035271787078163 0.31360123084752434 0.023837489337999784 0.03519345553496285
2 0.5399101213796798 0.36012159989948356 0.03174089600572714 0.04327877404661713
2 0.5442169080601336 0.46179322730414524 0.025454533338636055 0.0399355192372937
2 0.4930089440642698 0.49046137512722704 0.03168635200509069 0.03859127404661713
2 0.546515752068724 0.5251290410064762 0.027071577339272325 0.04467758293962447
2 0.6299004167329516 0.5100794490811769 0.022293170671545327 0.03670139183263181
2 0.6404021120703149 0.5401216131463273 0.017605670671545327 0.03653770072563951
2 0.6163560847389966 0.5541196257601992 0.02231135200509069 0.03826389183263181
4 0.4008401727402694 0.5559648348385411 0.022293170671545282 0.03670139183263199
4 0.40881630474217834 0.5703001533501955 0.028652258672817864 0.04629464664195524
4 0.42323334074631447 0.601259976671173 0.023892033338636053 0.03988095553496294
4 0.4303736787475872 0.6108805133316618 0.020785214672181595 0.041334328130301044
4 0.4833901380887687 0.6705208973597456 0.020803396005727136 0.042896828130301046
4 0.5605804414385406 0.7942609869227921 0.01918635200509069 0.03815476442797028
4 0.5762963481062678 0.8026191239461007 0.019168170671545325 0.03659226442797028
4 0.6230991701145403 0.8651662531648607 0.023892033338636053 0.03988095553496294
4 0.5753781907622229 0.7237128739461006 0.030069308004454242 0.03384921034428636
4 0.9764357780076359 0.18095003210561947 0.04712844398472811 0.07044147477225651
4 0.9907897266868172 0.3603200735754317 0.018420546626365563 0.05857639183263199
4 0.6173651487507689 0.6408383757601992 0.027180665340545217 0.05405258293962447
2 0.870951036043907 0.353720354793625 0.03339430267345413 0.051145837748947896
2 0.7300805880410436 0.32771587158384796 0.02073067067154515 0.03664682813030114
2 0.7397652180537703 0.42176597194666765 0.03333975867281787 0.0464583377489479
2 0.733778300047725 0.3770437489885097 0.023892033338636053 0.03988095553496285
2 0.5775828440483615 0.3762748787554241 0.027089758672817866 0.04624008293962447
2 0.4469402766947715 0.2225546233131285 0.023801126670909056 0.03206845553496285
2 0.40499877204008905 0.30933537149902995 0.03343066534054504 0.05427083774894799
2 0.35880338267822676 0.09765133783376598 0.033394302673454224 0.051145837748947987
2 0.22287442600254534 0.026525327582146957 0.03949885200509069 0.038864092558271404
2 0.4374220153962244 0.4783681136944816 0.02231135200509069 0.03826389183263199