4 0.13430812276497434 0.654687136021814 0.031760920688572544 0.061450952229573017
4 0.2749107861971527 0.5522937455605246 0.015535719962933126 0.0431708457929556
4 0.26863350434598726 0.5510754529858776 0.018715283665263982 0.044951867080279054
4 0.2880556269413256 0.5493162110316493 0.02356647477225655 0.04996714901126431
4 0.30406257285764154 0.5613463174682666 0.021785719962933124 0.0436078883676025
2 0.27357895389050035 0.6480597136295394 0.021458337748947988 0.0342328883676025
2 0.5106077279371174 0.6958080708224613 0.02954365626060227 0.04259169158591121
2 0.5400645602437699 0.6020087943393577 0.023239092558271324 0.04059214901126431
2 0.4986930265785059 0.5554726479259835 0.02937996515360979 0.037904191585911205
2 0.5590848895551973 0.5441088130287912 0.024910719962933214 0.043826409654926124
2 0.633968327666965 0.5906503132808927 0.02151290145127884 0.0357953883676025
2 0.6518180265785058 0.5661801910048336 0.015317465153609789 0.036920845792955605
2 0.6323314165970393 0.5437753132808927 0.020059528855940555 0.038811127723940866
4 0.4266964862898199 0.4576964296048672 0.019950401451278667 0.03568612772394068
4 0.4380060085223385 0.44679713443233016 0.026527783665263982 0.045498170298587756
4 0.4590352711362103 0.4241080334435945 0.021622028855940556 0.0389203883676025
4 0.4681374526245559 0.4169510973055649 0.018551592558271324 0.04026436708027905
4 0.5339608600662846 0.3825868049830195 0.018660719962933215 0.04338936708027905
4 0.6384995379264332 0.2963757893956792 0.016934528855940555 0.03859260643661742
4 0.6563591605217715 0.2945072867977892 0.018387901451278842 0.03557686708027905
4 0.7157415950053421 0.25423720190059684 0.021622028855940556 0.0389203883676025
2 0.6347594682336526 0.36781374682103224 0.02765377404661713 0.03310743094224957
4 0.9494395933608797 0.8761278994385927 0.030089293283910835 0.05821669158591121
2 0.6547396407363236 0.4713047335794805 0.02312996515360961 0.037467149011264314
2 0.8263096282072698 0.8316680692329775 0.02981647477225664 0.05040419158591121
2 0.6849753000769688 0.8015221113034212 0.01844246515360979 0.037139367080278964
2 0.7178572327464409 0.7165351061076413 0.031215283665263983 0.045825952229573017
2 0.7005531708582085 0.7566302283837004 0.021622028855940556 0.0389203883676025
2 0.5511508823836211 0.6963050975576663 0.02501984736759475 0.04695140965492613
2 0.38840040043978846 0.7893563390076916 0.02296627404661713 0.03277964901126431
2 0.36939245089527545 0.6913887325710742 0.029925602176918177 0.053529191585911205
2 0.27284237702614356 0.8724587800893998 0.029816474772256463 0.05040419158591121
2 0.12463305551926437 0.8909306386197041 0.03757441106992569 0.04938799480421992
2 0.44222477176918246 0.545289264754161 0.020059528855940555 0.038811127723940686
2 0.5025521473597456 0.5097613101787996 0.02140377404661713 0.0326703883676025
2 0.774432158877309 0.9083126967048167 0.023239092558271324 0.04059214901126431
2 0.9361781576113646 0.6749096068639459 0.024747028855940555 0.03913890965492613
2 0.8935590932760615 0.5480139710942333 0.014880955534962936 0.024420845792955604
2 0.8664112946346731 0.6856178778991678 0.01655258293962447 0.027655106436617415
4 0.6116245577966991 0.44179219620061366 0.020386911069925694 0.04818612772394069