4 0.1290581087272214 0.5428302452196381 0.04692346680652095 0.06520349784053163
4 0.2906216481444778 0.45789763340716066 0.026634277594401644 0.04368944324473993
4 0.28497529938923327 0.45590433683093334 0.029996075934727705 0.04701470234403846
4 0.3046841481444778 0.45699646746031675 0.0366012734452168 0.05210272054263569
4 0.3181905410908635 0.46947668106312224 0.031440176764564676 0.04555233189368781
2 0.27026344918409617 0.5518374005260238 0.029285680913749522 0.03763970234403846
2 0.498046752298307 0.6259503192506448 0.039252676764564676 0.0460529796419344
2 0.5470035479393407 0.5364582202380939 0.032765878424238615 0.04252746144333699
2 0.5149121757388795 0.48591680213178173 0.03745337842423861 0.04282785009228505
2 0.5773529761537979 0.48113037014580884 0.034683575934727706 0.04731509099298634
2 0.6435116950349113 0.5357690029346607 0.029404080083912553 0.03920220234403846
2 0.666191255822792 0.5139044949150963 0.024598180913749525 0.03733931369509058
2 0.6510156191001836 0.4897555960871155 0.029522479254075584 0.040764702344038464
4 0.4622705825827123 0.3817392442967874 0.029404080083912553 0.03920220234403846
4 0.47568188714681564 0.3722443283499435 0.03792697510489074 0.04907785009228505
4 0.5016640466899409 0.3525233112310803 0.031203378424238613 0.04242733189368782
4 0.5121871495943703 0.34635365438353516 0.028078378424238614 0.04222707279438911
4 0.5855295612120879 0.3196724360003677 0.029759277594401647 0.04388970234403846
4 0.7079597456503224 0.24666812770394803 0.026279080083912554 0.039001943244739844
4 0.7260468948204855 0.24707913788298086 0.026160680913749523 0.03743944324473976
4 0.794228209757551 0.21444830814876142 0.031084979254075405 0.040864831893687795
2 0.6897318091374955 0.3169200709486878 0.03541728174358649 0.03647772054263569
4 0.9020876699393094 0.8504871352620871 0.0435616684661948 0.061878238741233105
2 0.688171154368255 0.42064584824658374 0.030966580083912554 0.039302331893687814
2 0.7870770539626254 0.7934837685123644 0.04296967261537983 0.054065738741233105
2 0.6517422825920011 0.7479884006829073 0.027841580083912555 0.039102072794389285
2 0.7014686728390944 0.6686525516703563 0.04273287427505377 0.0509407387412331
2 0.676848103752844 0.7063423187892195 0.031203378424238613 0.04242733189368782
2 0.5391453489789592 0.6295969509597625 0.036364475104890735 0.048977720542635696
2 0.35632211620039855 0.703331246917681 0.03061138257342346 0.034614831893687636
2 0.3574567184801281 0.6043430343946097 0.043206470955705886 0.05719073874123311
2 0.22338048425167498 0.7722988972868213 0.04296967261537983 0.054065738741233105
2 0.07585428881577838 0.7731173249538574 0.038282172615379785 0.053765350092285044
2 0.4603071861118416 0.46978995681985863 0.029522479254075584 0.040764702344038464
2 0.5280624485593963 0.4418966918604639 0.029167281743586494 0.03607720234403846
2 0.7193343695243909 0.8629835425710578 0.032765878424238615 0.04252746144333699
2 0.9294752736689315 0.6524711374215555 0.03264747925407576 0.040964961443336986
2 0.9126168925454003 0.5232342203949775 0.020644386722608488 0.026201554595791876
2 0.857422674913687 0.6547333467054243 0.022443685062934548 0.02942668414544123
4 0.6458410217948316 0.3903866517626414 0.0435616684661948 0.061878238741233105