1 0.08507552868395375 0.12928941612815978 0.020876121339908793 0.04891027868534721
4 0.1394374067074981 0.30394523043270844 0.025690890674726942 0.05995688145888885
4 0.2683083887253155 0.4381591891139238 0.011428396005727048 0.04244207313826394
4 0.2620583887253155 0.4380137187492016 0.014571577339272413 0.044077308320625085
4 0.28165327339272456 0.4439370636389586 0.01931362133990877 0.04887391109416672
4 0.2979686167249973 0.43650642334635437 0.017660214672181596 0.04102504350298623
2 0.27579307737904335 0.3430467108654169 0.01911362667090888 0.03168641109416672
2 0.514083418045816 0.3493740185204518 0.025454533338636055 0.03964438145888893
2 0.5347782733927245 0.4498286134102088 0.01918635200509069 0.03793641109416672
2 0.4891299660645879 0.4870370194703824 0.026962489337999784 0.03499324905006951
2 0.5472242767345423 0.512601370344063 0.020785214672181595 0.04109777868534721
2 0.6257669000636334 0.48318793369868107 0.017587489337999786 0.03477504350298606
2 0.6409379140674514 0.5116584258148963 0.012899989337999785 0.0346659407294446
2 0.619271999403224 0.5291180295383686 0.017605670671545327 0.036337543502986236
4 0.4088435767424965 0.5679584047289934 0.017587489337999786 0.03477504350298606
4 0.4191452774108601 0.580694794071667 0.022365896005727137 0.042696646276527875
4 0.4382134507479053 0.6084749551658337 0.01762385200509069 0.03790004350298624
4 0.44612594808240524 0.6172505431217366 0.014517033338636054 0.03938980832062491
4 0.5076270694223141 0.6671063791777782 0.014535214672181596 0.04095230832062491
4 0.6026315814369498 0.7771009346486115 0.014480670671545326 0.03626480832062491
4 0.6198827161043589 0.7829697281515978 0.014462489337999785 0.03470230832062491
4 0.6751883814449039 0.8373675938429173 0.019168170671545325 0.036373911094166544
2 0.6064827400938594 0.7053350374221533 0.025345445337363513 0.030269381458888845
4 0.9173062260104995 0.09867334222739661 0.0429329346753633 0.06504442496187504
4 0.963846513367271 0.27236606857604245 0.02407384667409076 0.05523301386770836
2 0.6350157254137236 0.6068072716545838 0.019149989337999784 0.03481141109416672
2 0.8382834393698164 0.2881884774860077 0.027107940006363407 0.047493249050069505
2 0.6953146893698164 0.2848608428929867 0.016024989337999784 0.03473867591180557
2 0.7198248880489977 0.37759385676069507 0.02705339600572696 0.04280574905006951
2 0.7068158107097253 0.3335529160312506 0.01762385200509069 0.03790004350298606
2 0.5540271653803159 0.358895142095556 0.020821577339272323 0.04422277868534721
2 0.40176413669636224 0.22804191954663225 0.020657945337363516 0.030160278685347208
2 0.3739578573758617 0.32190036910979203 0.025599984006999678 0.05214438145888885
2 0.295840306015272 0.11935529093753497 0.027107940006363317 0.047493249050069464
2 0.1515085033418178 0.06600947254892373 0.03333975867281787 0.046076219414791696
2 0.4328617847310426 0.48416528618788224 0.017605670671545327 0.036337543502986236
2 0.4888850654041786 0.533112585674792 0.019095445337363515 0.030123911094166723
2 0.7935152846912716 0.19967018493295205 0.020748852005090513 0.03797277868534725
2 0.93177145206077 0.4692222315700702 0.020730670671545326 0.03641027868534721
2 0.8776753927434509 0.5858999320831605 0.012754538669636162 0.022165940729444424
2 0.8642930507240429 0.4426584251493063 0.014353401336727245 0.02532730832062491