4 0.12887300971207558 0.39371843590547606 0.04091178454774687 0.06387105242559432
4 0.2944020280489649 0.4753675643843881 0.022193735456132478 0.043718049091614475
4 0.28827957380659947 0.47744024741492613 0.025573826971401557 0.047098140606883554
4 0.3085920738065995 0.47578215256567713 0.03220646424430509 0.05229582363742154
4 0.32163420774552326 0.46213424074696635 0.02857128121376693 0.045790732122152636
2 0.27021548683325836 0.3813942948395506 0.02624350666795978 0.036288186364518006
2 0.4957737251643287 0.3024250455884567 0.0362562354561323 0.04486596091032524
2 0.547766401985949 0.3901962414958724 0.0281886439408634 0.04110323212215254
2 0.5174090933514368 0.44222099816383215 0.0344386439408634 0.04161341515269079
2 0.5797655721396096 0.44499544073726804 0.03169628121376693 0.04604582363742171
2 0.6444341078953044 0.38938342740134846 0.026371052425594323 0.03785068636451801
2 0.6673772713810051 0.41031780967328224 0.021683552425594322 0.037468049091614476
2 0.6528842077455232 0.43509454012844484 0.0266261439408634 0.040975686364518
4 0.4685407718400471 0.5468764183174927 0.026371052425594323 0.03785068636451801
4 0.4818698192646716 0.5560123022564165 0.03338632697140156 0.04773586939505616
4 0.5086554598715551 0.5758465701342639 0.0281886439408634 0.04110323212215263
4 0.5193218929020933 0.5812675227096393 0.02362868969849785 0.04228309484924893
4 0.5936840351759667 0.6058691678584507 0.02531873545613248 0.04397314060688338
4 0.7190026416941453 0.6766444402782261 0.02337359818322895 0.039158094849248926
4 0.7362539145729625 0.6760226869442463 0.02324605242559432 0.037595594849248924
4 0.8056574898773741 0.7073207422447785 0.0281886439408634 0.04110323212215263
2 0.6983555597217739 0.6067623749757541 0.032365960910325245 0.035235869395056164
4 0.8918840953082909 0.06797171557293932 0.039094193032477874 0.06061850666795978
2 0.6929987668390772 0.5026010334604851 0.02806109818322895 0.03954073212215263
2 0.778778059552596 0.12753764739552947 0.038456464244305266 0.05280600666795978
2 0.6451204077358249 0.17619790118855133 0.02480855242559432 0.03772314060688346
2 0.697910310011638 0.2544665513383325 0.03820137272903601 0.049681006667959784
2 0.6713479389495919 0.21809848770285054 0.0281886439408634 0.04110323212215261
2 0.5362074065278769 0.29676510588995875 0.031823826971401556 0.04760832363742162
2 0.35125870849442925 0.22771157226029576 0.02767846091032524 0.03485323212215254
2 0.35538784122540495 0.3264679366543821 0.0388391015172088 0.057493506667959784
2 0.216102716370337 0.16167159726514493 0.038456464244305176 0.05280600666795978
2 0.06371116894571255 0.16388728575569486 0.04470646424430513 0.05331618969849794
2 0.46374195941251317 0.45918509968104093 0.0266261439408634 0.040975686364518
2 0.5319816474440211 0.48585942786039044 0.026115960910325243 0.034725686364518005
2 0.7087209089437729 0.05932952345854543 0.02987868969849785 0.04279327787978709
2 0.9261149294066942 0.2657236893601421 0.029751143940863402 0.04123077787978709
2 0.913917431532726 0.39569810284584295 0.019100686364517828 0.024840503333979847
2 0.8536659734973387 0.26455954421133077 0.019355777879787085 0.027965503333979846
4 0.6572684319917681 0.5369759045225312 0.02739141848667046 0.050350686364518185