4 0.16317071234921582 0.7802658107209878 0.04390048620519007 0.06486613680346806
4 0.25758353290514513 0.6135417713290361 0.02408595318850324 0.04346157366340577
4 0.2520328957500154 0.6154227897448876 0.02737472749876275 0.046768584186749604
4 0.2697526622583587 0.6042654818664972 0.03387038896415202 0.05182010523343692
4 0.28755763794809924 0.606343921357271 0.030417840343633085 0.045388094710093266
2 0.28803127148518437 0.7013379029414194 0.028364017412854547 0.035922089448421346
2 0.5204586691557637 0.6208181321064936 0.03666784034363317 0.04575211575678075
2 0.5164063342391977 0.5198016636765247 0.03025406603337366 0.04226309471009326
2 0.4629880851437088 0.4987680978350394 0.03642217887824373 0.041064615756780755
2 0.5142130704443877 0.4576201820923762 0.03198034034363317 0.04547909997176518
2 0.598178634668739 0.46051839796209626 0.02852779172311415 0.03904708944842135
2 0.6068476277713339 0.428858874284573 0.022195904567984214 0.037120568401734035
2 0.5816395878572422 0.41942296110215854 0.028609678878243727 0.04060958944842139
4 0.36593602272837983 0.4483424345820377 0.02696529172311397 0.038956084186749604
4 0.3722236442796773 0.43239891616618625 0.035187227498762755 0.047223610495108835
4 0.38401763738227235 0.40055738196531926 0.028691566033373483 0.042172089448421345
4 0.39005959746818064 0.3893013635494678 0.025566566033373483 0.04199007892507769
4 0.4386475836733707 0.3241622109609842 0.02721095318850324 0.04364358418674961
4 0.5063817175491401 0.19092550575578204 0.02540279172311415 0.038865078925077734
4 0.5217577340574835 0.17990470576989948 0.025320904567984213 0.03730257892507778
4 0.562696994572933 0.11209557948977511 0.03017217887824373 0.040700594710093276
2 0.5262571263009959 0.2575291768307043 0.03305151741285446 0.03619510523343692
4 0.9523150995043455 0.7327456535767041 0.01626680913596843 0.0726030420933748
4 0.9639939851891374 0.5544841456841962 0.01092421189493038 0.05983002630835923
2 0.5779214456137298 0.34175298741051774 0.03009029172311415 0.03913809471009326
2 0.852896032905145 0.5788687666320615 0.040202276119281774 0.05374662628012441
2 0.7133897976044661 0.6251584796591843 0.02540279172311415 0.038865078925077866
2 0.7160002204898162 0.530763737551692 0.03995661465389251 0.04905912628012423
2 0.7136254929910534 0.576076237551692 0.02869156603337366 0.042172089448421345
2 0.5573788150173208 0.5999750110880411 0.033706614653892505 0.04869510523343692
2 0.43944660730626167 0.7696266294050705 0.028282130257724702 0.034359589448421345
2 0.3898803765281385 0.6899538109327492 0.04036605042954129 0.05687162628012441
2 0.36065214269779766 0.9058441214419755 0.040202276119281774 0.05374662628012459
2 0.4089213828597166 0.5198310267318822 0.028609678878243727 0.04060958944842134
2 0.45199967548734177 0.45579164255925014 0.026719630257724704 0.03426858418674961
2 0.8307134164422301 0.675182324510452 0.03181656603337331 0.04235409997176518
2 0.9015360080290588 0.3789828877211013 0.03173467887824373 0.04079159997176509
2 0.8214977052246683 0.2862864244822171 0.020060194482076098 0.026092063140062204
2 0.8415125548405555 0.4245375824029597 0.021786468792335256 0.029308068401734035