1 0.16298425338567904 0.7583393031745004 0.025474843878220542 0.05191318636451818
4 0.12492317927912197 0.717841719994181 0.032170512851581276 0.06336086939505617
4 0.2463418759328116 0.5662158339292254 0.017344008897248565 0.0434629575763454
4 0.2400600424347144 0.5675072669597635 0.018970175893442943 0.04515300333397985
4 0.2590965439175892 0.5589454678681491 0.025474843878220542 0.05191318636451818
4 0.27602937593281157 0.5637924645341692 0.022031508897248565 0.04384559484924892
2 0.25889627266305093 0.6594078534740627 0.021649506920082207 0.03447059484924893
2 0.4972876106097724 0.6181458983136133 0.029780341901054184 0.042920823637421536
2 0.5123634653624078 0.5156905780101717 0.02346667490485981 0.040848140606883375
2 0.4645453892786845 0.4853332693756595 0.031151840912470873 0.03836086939505616
2 0.5211601452101835 0.4526803949796335 0.025156508897248565 0.044100686364518006
2 0.6014551402672677 0.4694855155826376 0.021776840912471052 0.037595594849248924
2 0.6151329796968639 0.4395588995215614 0.017089340912470875 0.03721295757634539
2 0.592363983156905 0.4250658358860794 0.02184050790866543 0.039158094849248926
4 0.3793201550960153 0.4175396046820108 0.021776840912471052 0.037595594849248924
4 0.38845507456366757 0.40355685301502076 0.02834517589344294 0.045918277879787084
4 0.40603916399326384 0.37331137255985813 0.021904174904859807 0.04072059484924893
4 0.4134524159704302 0.3633624166505028 0.01877917490485963 0.040465503333979844
4 0.4726483438410395 0.3055819964968422 0.020469008897248564 0.043718049091614475
4 0.5609852850575217 0.1823520484633946 0.01871550790866543 0.03890300333397989
4 0.5784274530422993 0.17469904512941473 0.018588173916276672 0.035778003333979846
4 0.6300018819014916 0.11286885376392686 0.02340300790866543 0.03928564060688348
2 0.5689941032325796 0.2533342281599529 0.029398339923887917 0.033545823637421715
4 0.9155269801539744 0.806699633600568 0.05117518083635879 0.07114141848667047
4 0.9515957672258434 0.628558787084329 0.030417011862998323 0.058545823637421536
2 0.6033598329666245 0.34630310709790674 0.023339340912470873 0.03772314060688346
2 0.8253197687087181 0.6318587434527265 0.03166117688202626 0.05086086939505634
2 0.6826547662372603 0.6551841573974692 0.02021434091247105 0.037468049091614476
2 0.7020679525108265 0.5609399498211237 0.03303267589344294 0.04630091515269079
2 0.6916915266173836 0.6053914514881138 0.021904174904859807 0.04072059484924893
2 0.5368276130812303 0.6032385043727501 0.025283842889637496 0.047225686364518
2 0.3920669169218323 0.7544338268022237 0.02314833992388774 0.033035640606883375
2 0.3591045196973014 0.6652436521066353 0.031852177870609386 0.05554836939505616
2 0.2920748927015445 0.8770578680179302 0.031661176882026076 0.05086086939505634
2 0.15124696285376887 0.9508456675685867 0.039410009885831744 0.04993609818322895
2 0.40800888779580974 0.4969561666505028 0.021840507908665385 0.039158094849248926
2 0.46170423216832185 0.44040340664856303 0.021585839923887917 0.03290809484924893
2 0.7864708329294435 0.7253535229995035 0.02502917490485963 0.040975686364518
2 0.907927974753948 0.43901779708626876 0.02496550790866543 0.039413186364518
2 0.8476682484799442 0.3318109460281019 0.01658000494291585 0.024712957576345396
2 0.8425921348300601 0.4754971731492847 0.016707338935304607 0.027837957576345395