4 0.21814121045667303 0.1980159307267964 0.046296679847775656 0.06453768899896399
4 0.28629700836577593 0.36947786186787757 0.026719008897248563 0.043351893713693725
4 0.28014250886006753 0.36684301343945414 0.029907675893442943 0.04505994292790545
4 0.2960712563886096 0.37932589681406564 0.036412343878220454 0.051601041356328814
4 0.314884923384804 0.3786366920993359 0.03147017589344294 0.045132717535011226
2 0.33048736015266184 0.2838700016526298 0.029589340912471052 0.03724744292790545
2 0.5505505093543591 0.37708927046876745 0.03934634288963732 0.04705909057054054
2 0.5308189880998209 0.4771427743977089 0.031342841901054186 0.04200771753501122
2 0.47374131714929374 0.494835388541898 0.037592841901054184 0.042298815963434676
2 0.5181160582520452 0.5391697394515209 0.0346588428896375 0.04684076674922295
2 0.6033359752482396 0.54157345553879 0.02965300790866543 0.03880994292790554
2 0.6059688853243518 0.5730053920565548 0.024901840912470875 0.03702911910658777
2 0.5790243833471854 0.581143223735755 0.029716674904859807 0.04037244292790554
4 0.3670164732710733 0.5399594898658056 0.02809050790866543 0.0387371683207995
4 0.3710991368072265 0.5550215636871231 0.0362850098858317 0.04847604135632899
4 0.37838771338524146 0.5874530740262054 0.031342841901054186 0.04200771753501122
4 0.38262954441188074 0.5986088978475228 0.028217841901054187 0.041862168320799496
4 0.42054869707361914 0.6669072876322752 0.029844008897248565 0.04349744292790554
4 0.4666676688989987 0.8029025996667685 0.02652800790866543 0.03866439371369372
4 0.48028449992563793 0.8144950711307212 0.026464340912470873 0.03710189371369381
4 0.5103274855911819 0.8839920878799443 0.031279174904859805 0.04044521753501158
2 0.49749851623726027 0.737806292594674 0.03421317391627667 0.03590326674922295
2 0.563372867035563 0.6579047768789084 0.03121550790866543 0.03888271753501123
2 0.8775785829666246 0.43850207526455043 0.04116351087441501 0.053381865177646405
2 0.7459266763505534 0.3846235963569996 0.02809050790866543 0.0387371683207995
2 0.73273165657889 0.47793694871436454 0.04103617688202625 0.0502568651776464
2 0.7377029994685274 0.4327699979285763 0.031342841901054186 0.04200771753501122
2 0.5840341714076376 0.40056531182509636 0.0347225098858317 0.04840326674922295
2 0.49334945749092346 0.22492314888098025 0.029525673916276675 0.03568494292790536
2 0.4307592741831067 0.3010639638109576 0.04285334486680377 0.056579639784752264
2 0.43716973615983556 0.08611105190029886 0.04116351087441501 0.053381865177646426
2 0.4222570715979181 0.47130368920385185 0.02971667490485963 0.04037244292790554
2 0.45558422475394805 0.5370400051672866 0.027963173916276673 0.0356121683207995
2 0.8713696867306769 0.3411540403183624 0.03290534190105419 0.042080492142117086
2 0.8944292074537424 0.6396664689782442 0.03290534190105419 0.042080492142117266
2 0.7985171881763705 0.7267790171589986 0.021331171939110403 0.025946069892376043
2 0.8416517173395743 0.5902443577295392 0.021458505931499162 0.029071069892376046
4 0.5132455330431742 0.6587009894515209 0.031661176882026076 0.04982021753501122