1 0.12926407005886092 0.43142550365344795 0.036537484006999674 0.05218979139585791
4 0.09074701006522427 0.4789823421272065 0.0460397533418178 0.06329093262955983
4 0.2641305134070421 0.538468616073194 0.02705339600572696 0.042651150162155815
4 0.2579077854073602 0.5409214602289952 0.0286340773392725 0.044240923701106105
4 0.2781839227402693 0.5374419042226408 0.034956802673454225 0.050600017856907445
4 0.2889487000715876 0.5224072394499885 0.03175907733927241 0.04429547077900686
2 0.228710086728179 0.44922488393010135 0.02854317067154515 0.036428423701106105
2 0.44235386871417964 0.34234977232442965 0.038027258672817865 0.0459670649348082
2 0.5042367980585427 0.4225361043053663 0.031722714672181594 0.04117047077900686
2 0.4806543947326333 0.4776463441590966 0.0364102146721816 0.04125229139585791
2 0.5431089413987698 0.4726491526010831 0.03490225867281786 0.04591251785690744
2 0.599412938056952 0.4091536684293956 0.02856135200509069 0.03799092370110611
2 0.6254032733927245 0.42667240503671505 0.023855670671545325 0.03634660308425506
2 0.6139845153962243 0.4526582065788426 0.028579533338636054 0.03955342370110611
4 0.4452083380808144 0.5876622723244297 0.028561352005090513 0.03799092370110611
4 0.459352654081769 0.5944480604738767 0.03648294000636341 0.04750229139585791
4 0.48844980808399613 0.6103497500032953 0.030160214672181596 0.0411431972400564
4 0.4994418520846325 0.6148463352306429 0.027035214672181597 0.041088650162155814
4 0.5754140060868597 0.6299298185915514 0.028615896005727136 0.042678423701106104
4 0.7080997840944956 0.6838752045502476 0.02699885200509069 0.03796365016215582
4 0.7260321714274047 0.6804365588523188 0.026980670671545325 0.03640115016215582
4 0.7981798914305864 0.7026194760606032 0.030142033338636055 0.039580697240056396
4 0.6791929867520416 0.6171786282513538 0.03323067067154532 0.03651024431795715
4 0.8055420226766359 0.05939162744057491 0.04287839067472703 0.06011138555165918
4 0.6615958594048148 0.5151212504103324 0.03012385200509051 0.038018197240056395
2 0.7009096140197264 0.13310759131972288 0.04122498400699968 0.05227161201270887
2 0.5742931173615442 0.19783038474417555 0.02699885200509069 0.03796365016215577
2 0.6360669587046346 0.2686417167251123 0.04118862133990877 0.04914661201270878
2 0.6052164007001803 0.23636105073464392 0.030160214672181596 0.0411431972400564
2 0.48129819004613417 0.33151168385067115 0.03492044000636341 0.04747501785690744
2 0.29010956870622545 0.2864015556026126 0.028524989337999785 0.034865923701106104
2 0.30608965205281574 0.3837987069825844 0.04282384667409058 0.055423885551659245
2 0.1481215160327712 0.23886981087761838 0.04122498400699968 0.05227161201270887
2 0.011611851368543835 0.25922499553577316 0.017805665340545125 0.05342500892845372
2 0.42935552406904226 0.5012026209444579 0.028579533338636054 0.03955342370110611