4 0.14959680058139702 0.6436359273119945 0.03359255243632351 0.061974210344286185
4 0.28941266733111987 0.5386086653310949 0.018328497840531633 0.04273313702330857
4 0.2831126025562952 0.5376091605217714 0.019991127390180986 0.04435020072563951
4 0.30327490823182124 0.5359747386520727 0.026641645588778306 0.050818455534962934
4 0.3188195650793665 0.5474305938242157 0.023015997840531634 0.042896828130301046
2 0.2893206346345531 0.6344841605217715 0.022415220542635783 0.033521828130301044
2 0.5275611142764876 0.6786607795737307 0.030728368290882456 0.04160714664195542
2 0.555828211747879 0.5845486810250096 0.024378238741233106 0.039826391832631994
2 0.5138619548080486 0.5378720884667383 0.0319904796419344 0.036974210344286364
2 0.5730669740863801 0.5251290410064762 0.026140997840531633 0.043005955534962934
2 0.6492580367017363 0.5706622850160263 0.0226154796419344 0.03664682813030105
2 0.6664059639073472 0.5463170494439966 0.017927979641934398 0.03648313702330856
2 0.6470854649870814 0.5245958168671917 0.022715609191583754 0.03820932813030105
4 0.4406666818290893 0.4417758492665113 0.0226154796419344 0.03664682813030105
4 0.4508532102067194 0.4304390451828274 0.029366127390180984 0.04467758293962447
4 0.4720075169619796 0.40779271886662477 0.022815738741233105 0.03977182813030104
4 0.48166311921373295 0.4003348829317753 0.019690738741233105 0.03966270072563947
4 0.5463974452473247 0.36439987213200214 0.02145349784053181 0.042842264427970275
4 0.6506961165928393 0.2768403631463275 0.01959060919158375 0.038100200725639424
4 0.6676833574935407 0.27431556387196687 0.01939035009228505 0.03497520072563942
4 0.7274297948781843 0.2335293619652011 0.02427810919158375 0.03826389183263199
2 0.6474895758767081 0.34844254463467317 0.03012759099298634 0.032232146641955416
4 0.9069620242063519 0.9885417218618496 0.051741775138427926 0.022916556276300782
4 0.9680928840162443 0.8507243295658814 0.03172966378737563 0.05723214664195524
2 0.6681105613787387 0.4512773679556509 0.0241779796419344 0.03670139183263199
2 0.8445960248246607 0.8089956426352402 0.03279151603912922 0.04947421034428636
2 0.7024690815799207 0.7806474094254632 0.0210529796419344 0.03659226442797028
2 0.7344619563492081 0.6960194382814037 0.03405362739018099 0.04484127404661713
2 0.7183153246400904 0.7359896738534335 0.022815738741233105 0.03977182813030104
2 0.5672546699520135 0.6777084039831676 0.02634125693983016 0.046130955534962936
2 0.40584440545404404 0.7741865559826006 0.02387759099298652 0.032013891832631994
2 0.38552380860096147 0.6760392326616229 0.03309190468807692 0.054161710344286365
2 0.29123928978405533 0.8590476509031246 0.03279151603912896 0.04947421034428636
2 0.14294149212809382 0.8803720354793626 0.04050388648947965 0.04818452885594056
2 0.4571613718346267 0.5288765451828275 0.022715609191583754 0.03820932813030105
2 0.5172081978682183 0.49277784327606167 0.02231509099298634 0.03195932813030104
2 0.7934526318567758 0.8867188493513293 0.025940738741233104 0.03988095553496294
2 0.9521513016611312 0.6506152021612198 0.025840609191583753 0.038318455534962936
2 0.9089846876891855 0.5243875188587755 0.017126943244739935 0.023983137023308565
2 0.883521217607975 0.6622496174074967 0.017327202344038284 0.027108137023308564