4 0.17747398925114224 0.7910842661696591 0.04509848428423426 0.06471095318850324
4 0.2656204603008102 0.622023327680477 0.02540241439185813 0.043415807326946165
4 0.2600425483901514 0.624653682723431 0.028672963606069857 0.04670458163720585
4 0.2769582206398924 0.6128563675945686 0.035141287427387445 0.051719630257724705
4 0.2955990587292336 0.6142174717330116 0.030162688998963995 0.04522396879233561
2 0.29978994499932926 0.708298342379798 0.028236315963434677 0.03732958163720568
2 0.5298456261404103 0.6214247048859839 0.03797518899896417 0.04563340456798422
2 0.5220395882987382 0.5212985521270219 0.03157963978475227 0.04218085594746519
2 0.46758968279822016 0.5023305461341282 0.03626713978475227 0.042426517412854636
2 0.5163568225829726 0.45924893148023554 0.033360463606069854 0.04695024310259512
2 0.6012947487616549 0.4594735815256641 0.02830909057054054 0.03889208163720568
2 0.6082189909037721 0.42793697648271 0.023548815963434677 0.03708392017181659
2 0.5821295258499601 0.4191728081199157 0.028381865177646404 0.04045458163720572
4 0.36697540674337226 0.4538288483726918 0.02830909057054054 0.03889208163720568
4 0.3731355155108779 0.4386984933297377 0.03655823821317572 0.048676517412854635
4 0.38396600765299504 0.4069571703989592 0.03001713978475227 0.042098968792335566
4 0.38998056720628904 0.394951815356005 0.026892139784752266 0.04193519448207601
4 0.43593307609762916 0.32863741858993684 0.02852741439185813 0.043579581637205766
4 0.49755128039807417 0.19369917458283065 0.025184090570540718 0.03872830732694625
4 0.5128680653442622 0.182764996609098 0.025111315963434678 0.03716580732694626
4 0.551153623449814 0.11373503561867859 0.029944365177646405 0.04053646879233554
2 0.5209480849889693 0.26027584294562484 0.03441354135632881 0.03609463025772479
2 0.5763932562052531 0.3415391310506943 0.029871590570540542 0.03897396879233552
2 0.8611341674967392 0.5697715151536062 0.04146406203449331 0.05360967887824373
2 0.7239402284977753 0.6206047540723298 0.02674659057054054 0.0388101944820761
2 0.7220930922276796 0.5264010526928489 0.04131851282028158 0.050484678878243726
2 0.7215451286216098 0.5716316655377192 0.03001713978475227 0.042098968792335614
2 0.5659115587292336 0.6000509938955645 0.03499573821317572 0.0485946302577247
2 0.4542184257689069 0.772683989711693 0.029653266749222952 0.034286468792335614
2 0.40097145533841144 0.6944228708739291 0.041609611248705033 0.056734678878243724
2 0.38080869686135604 0.9097988873822723 0.04146406203449331 0.05360967887824373
2 0.4135913875129499 0.5238647094085398 0.028381865177646404 0.04045458163720568
2 0.45400237179718417 0.4593994176854256 0.02816354135632899 0.035767081637205676
2 0.842559641856176 0.667383499549774 0.03157963978475209 0.04218085594746519
2 0.9024077925991831 0.3696553284734464 0.031506865177646406 0.04061835594746528
2 0.8177481563290876 0.27979164631584225 0.01991439371369381 0.025982645861557074
2 0.8440837162966662 0.41713451605811747 0.021622442927905182 0.02918953301668683
4 0.5266479673301235 0.3386907700148464 0.031943512820281586 0.049993355947465276