4 0.08489931292912337 0.6814662228139626 0.027142293337024892 0.05876750494291585
4 0.22509112122554303 0.5487426116355365 0.011978368290882368 0.041007001977166266
4 0.21884112122554306 0.5489972796203142 0.015303627390180985 0.04425933596955502
4 0.23867275987449102 0.5435139421678843 0.02019138648947969 0.047575336958138335
4 0.25452829735141974 0.5514391887078431 0.01822836829088228 0.041261669961943956
2 0.22440190392210982 0.6446135271488562 0.019190090992986342 0.031950336958138335
2 0.4622325709486878 0.6419355602292115 0.02740310919158375 0.038518671939110224
2 0.4912470473514198 0.5417936387843929 0.021153109191583752 0.038264003954332715
2 0.44926910086747746 0.5037643981759331 0.02720285009228505 0.0353936719391104
2 0.5092646645625679 0.4795018858186434 0.021353368290882458 0.04138900395433272
2 0.5852368792451076 0.5099122860089238 0.017827850092285047 0.03501166996194396
2 0.6026141463639706 0.4819318660469799 0.013140350092285046 0.03482066897336082
2 0.5827219509597625 0.4640413704956042 0.017927979641934398 0.03657416996194396
4 0.3766011613233654 0.42179149798565263 0.017827850092285047 0.03501166996194396
4 0.38755844772056 0.40887766251038904 0.024478368290882367 0.04151633794672147
4 0.4087919000645984 0.38151932505795916 0.018028109191583708 0.03813666996194396
4 0.41793636258766964 0.37257540657889 0.014903109191583752 0.038009335969555205
4 0.48339018430232467 0.3239349767311143 0.015103368290882458 0.0411343359695552
4 0.5877551141288292 0.2152682894689649 0.014802979641934399 0.036446835969555114
4 0.6052430027777771 0.20988045251082657 0.014702850092285048 0.03488433596955518
4 0.6647472131413801 0.1568071906478285 0.0194904796419344 0.03663783695813829
2 0.5846615900701357 0.28786087247277053 0.026802331893687813 0.029143671939110227
4 0.841534834985232 0.8999828931958362 0.04463018198597268 0.06415534190105418
4 0.9024990206718326 0.7268517993176156 0.025379534237726275 0.05557883794672147
2 0.6048157988925793 0.38677853353746583 0.020952850092285046 0.03513900395433271
2 0.7789508991417478 0.7092889090131669 0.02800388648947951 0.047893671939110226
2 0.6371138525655204 0.7096138556668565 0.016265350092285046 0.03494800296574958
2 0.669483866445181 0.617906516731552 0.027603368290882457 0.04164367193911041
2 0.6526678038298247 0.6614482696973014 0.018028109191583753 0.03813666996194396
2 0.5025269039221099 0.6332808018262546 0.021553627390180984 0.04451400395433254
2 0.3400292990494627 0.7614588344494992 0.020552331893687815 0.028889003954332713
2 0.32035595157807134 0.6671968398867067 0.02664164558877822 0.05095500494291585
2 0.22482699877260756 0.8690086906850094 0.02800388648947969 0.04789367193911005
2 0.0766608066076019 0.9194609713310878 0.03405362739018099 0.04502333992388756
2 0.39301910086747743 0.5060564100389311 0.017927979641934398 0.03657416996194396
2 0.4530041725821324 0.4576388146778358 0.019089961443336988 0.030387836958138337
2 0.7273500239110351 0.7971045854009015 0.021153109191583752 0.038264003954332534
2 0.8878717234772964 0.5295284717510175 0.020952850092285046 0.03513900395433271
2 0.8447503840254695 0.41206639912733517 0.013901813695090581 0.022384335969555025
2 0.8184510950073811 0.5549542360854736 0.014102072794388932 0.025509335969555024
4 0.5616863625876697 0.36671804292900595 0.017066386489479512 0.04744800296574958