1 0.06335071913045125 0.16484375 0.02143989532659727 0.0484375
4 0.11505542344326361 0.3265625 0.026381968464861138 0.059375
4 0.24891931753558988 0.44921875 0.011919424961875081 0.0421875
4 0.2426693175355899 0.44921875 0.015080792553055566 0.04375
4 0.2621096485576385 0.453125 0.019877395326597203 0.0484375
4 0.27795285410472187 0.44375 0.018133057370694504 0.040625
2 0.25271842439319414 0.353125 0.019477351823611145 0.03125
2 0.4913633503049997 0.3375 0.02590918977951393 0.0390625
2 0.5148534420606247 0.4359375 0.019622822188333444 0.0375
2 0.4709209508943399 0.47734375 0.027362587005972293 0.034375
2 0.5298413560045828 0.496875 0.021258057370694416 0.040625
2 0.6072403106017357 0.4609375 0.017987587005972295 0.034375
2 0.6238095615516663 0.4875 0.013300087005972117 0.034375
2 0.6022612166619093 0.50703125 0.01802395459715278 0.0359375
4 0.39388436578822866 0.56484375 0.017987587005972295 0.034375
4 0.40374967505878423 0.57734375 0.02285692496187508 0.0421875
4 0.424243359804305 0.603125 0.018060322188333443 0.0375
4 0.4326552718484023 0.6109375 0.01497168977951393 0.0390625
4 0.49568129549975637 0.65546875 0.015008057370694416 0.040625
4 0.5948980858686105 0.75625 0.014898954597152781 0.0359375
4 0.6119946668906591 0.76015625 0.014862587005972117 0.034375
4 0.6686615877684716 0.809375 0.019586454597152782 0.0359375
2 0.5950266788585064 0.68359375 0.02569098423243048 0.0296875
4 0.8847919208778124 0.04921875 0.04367857123840295 0.0640625
4 0.937096037234722 0.21875 0.02471036569131968 0.0546875
2 0.6208098884896522 0.5828125 0.019550087005972293 0.034375
2 0.8122408543890624 0.24609375 0.027653527735416718 0.046875
2 0.6698169650463888 0.25625 0.016425087005972117 0.034375
2 0.6974133285535066 0.34609375 0.02754442496187508 0.0421875
2 0.682788437310972 0.303125 0.018060322188333443 0.0375
2 0.5310798137358678 0.34296875 0.021330792553055568 0.04375
2 0.37519544927881926 0.2265625 0.02100348423243057 0.0296875
2 0.350302592421215 0.32265625 0.026200130508958353 0.0515625
2 0.2650047913187846 0.12734375 0.027653527735416718 0.046875
2 0.11903898109829854 0.08828125 0.033867160144236144 0.0453125
2 0.41463458330315933 0.47890625 0.01802395459715278 0.0359375
2 0.4721918569545135 0.5234375 0.01944098423243048 0.0296875
2 0.7649859543128124 0.16171875 0.021185322188333446 0.0375
2 0.9121466693592011 0.41796875 0.02114895459715278 0.0359375
2 0.862453181042708 0.5390625 0.013009146276527873 0.021875
2 0.8438694480445482 0.39765625 0.014644381458888845 0.025