1 0.14560435352349685 0.11291162924943121 0.024892351411925785 0.05177598755244537
4 0.14275683518109678 0.26435573007926816 0.03141513605166191 0.0616245842330974
4 0.2566565476383668 0.39526034273195987 0.015290030878812377 0.04325309253146718
4 0.25040654763836684 0.3957339394126119 0.018460494985435096 0.04505239087179334
4 0.2689746912118761 0.4005631493706557 0.023284387305303154 0.050095088382282424
4 0.2863667796916782 0.3922295084988624 0.021540030878812465 0.0437266892121194
2 0.2742508760890391 0.29960430061541116 0.021267246239076342 0.034351689212119306
2 0.5120092888628782 0.29951717716555 0.02930706677218975 0.04275618506293446
2 0.5207956039857152 0.3994104333893273 0.02301160266556703 0.04072008838228225
2 0.4713351615867049 0.438237057664381 0.029170674452321778 0.03806868506293455
2 0.5267668076674967 0.46209968753851227 0.024665030878812288 0.04396348755244546
2 0.6087669654267709 0.430161680690035 0.021312710345699058 0.0359141892121194
2 0.6204258794542513 0.45812073732873076 0.015108174452321776 0.037003092531467274
2 0.5972922563347132 0.4762437752960945 0.019841138558944493 0.038920790041956366
4 0.3823886703621936 0.5213707116084288 0.01975021034569897 0.03579579004195636
4 0.3913772254559008 0.5339415665874507 0.026272994985435096 0.04564438672260831
4 0.4069423894833812 0.561604625300739 0.021403638558944317 0.03903918921211939
4 0.41448210484364506 0.5703876294499238 0.018324102665567034 0.04036489087179333
4 0.4699903072717852 0.6184098097389734 0.01841503087881229 0.043489890871793335
4 0.5526089274883296 0.7259603553800071 0.016716138558944316 0.0386839917016303
4 0.5696145710618389 0.7309079645082139 0.01818771034569906 0.035677390871793335
4 0.6187591132234223 0.7833099914779156 0.021403638558944317 0.03903918921211939
2 0.564075276392973 0.6533749603590291 0.027471782132453625 0.03326278589277152
4 0.942175476643035 0.036181002051370495 0.04878449247815268 0.06917697510489072
4 0.9683334967012946 0.20881301864811003 0.029761707838416383 0.058381185062934396
2 0.6036128010035791 0.5537175798601981 0.022920674452321776 0.03759508838228243
2 0.8414982120615587 0.22777835143131497 0.0295343873053028 0.05056868506293437
2 0.6995834967012946 0.22917767591615013 0.018233174452321775 0.03723989087179334
2 0.7140658823572451 0.3208440350443569 0.030960494985435006 0.0459995842330974
2 0.7059638773426803 0.277804430065335 0.021403638558944494 0.03903918921211931
2 0.5499722901165194 0.3075538974965559 0.024755959092057724 0.04708848755244528
2 0.4133481314993154 0.18070982281122805 0.022784282132453627 0.03290758838228234
2 0.37472824920857717 0.2756205037249776 0.029625315518548502 0.05369368506293446
2 0.31901076128277106 0.07404727094641707 0.029534387305303157 0.05056868506293444
2 0.18089464733443297 0.02526899667600771 0.03730142319868044 0.049598180913749554
2 0.4160482680131956 0.4361902282051684 0.019841138558944493 0.038920790041956366
2 0.46608772044133584 0.48462680558978855 0.021221782132453626 0.032789189212119395
2 0.8073936481923628 0.140716981930146 0.02301160266556721 0.04072008838228234
2 0.915016965426771 0.4069554433380823 0.024528638558944493 0.039275987552445414
2 0.8484168356433152 0.5258131097296846 0.014744461599340042 0.024503092531467274
2 0.851037033452602 0.38218150889984775 0.016397889812585477 0.027746491701630217