1 0.20826252241708315 0.2007109221401732 0.027762630508958375 0.053419930942249484
4 0.16133231781993035 0.23987161112819436 0.034230836056041714 0.06323197351689647
4 0.2656898966577774 0.3807701267155347 0.01816942496187508 0.04338936708027905
4 0.2594580804533677 0.3804259192901816 0.021330792553055568 0.045170388367602586
4 0.278026242497465 0.3869272915662408 0.026163762917777868 0.05174817029858776
4 0.29534102906659687 0.3802566744859616 0.02285692496187508 0.04371714901126431
2 0.28974695212861085 0.28549047770427033 0.022675087005972296 0.03590464901126431
2 0.5248843651226386 0.30336712051134834 0.03223192496187508 0.04437271287323465
2 0.5279892216959025 0.4045472082585323 0.02434668977951393 0.04070140965492612
2 0.476462436076701 0.4401294291775386 0.030560322188333443 0.03957595222957302
2 0.5296413342530899 0.46760993697120884 0.026018292553055745 0.045498170298587756
2 0.6121271791428468 0.4423425031789677 0.02271145459715278 0.037467149011264314
2 0.6223736949104162 0.4712651786733356 0.01802395459715278 0.037139367080279054
2 0.5978094527942008 0.48780246865009247 0.022747822188333443 0.03902964901126431
4 0.38263839447357595 0.516888307153581 0.02271145459715278 0.037467149011264314
4 0.39012358615295095 0.5304045039352724 0.029143292553055568 0.045716691585911205
4 0.4042945357161106 0.5582727778204859 0.02278418977951393 0.04059214901126431
4 0.41108939637343694 0.5679373549240081 0.019695557370694415 0.04193612772394069
4 0.462905163090937 0.6204724930395091 0.02129442496187508 0.0436078883676025
4 0.538229858570034 0.7353219608564223 0.019622822188333444 0.038811127723940866
4 0.5544542706141312 0.7419872240979741 0.019586454597152782 0.037248627723940685
4 0.5991660521492701 0.7981390351099529 0.02434668977951393 0.04070140965492612
4 0.5539470839687495 0.6632448650634667 0.028852351823611143 0.03321669158591121
4 0.9678388505893402 0.07193825996423169 0.05316267401194459 0.07235560124083724
4 0.9801355627859373 0.24735352320578347 0.026345600873680652 0.05956067029858776
2 0.5998973232351731 0.5656543170409382 0.02427395459715278 0.037576409654926125
2 0.8566798789903469 0.2567663640550605 0.032413762917777686 0.05218521287323465
2 0.7157100400845137 0.24790445230644753 0.02114895459715278 0.037357888367602496
2 0.7244654846136802 0.3408896278008154 0.033867160144236054 0.04760697351689647
2 0.7184888947579163 0.2960688006972932 0.02278418977951393 0.04059214901126431
2 0.5628383068020136 0.31475273474163584 0.027617160144236052 0.047169930942249486
2 0.4350068603729859 0.1770556288092216 0.024164851823611146 0.03288890965492604
2 0.3907464076756942 0.2690681661880884 0.03248649810013893 0.055310212873234656
2 0.3487446648938888 0.06297098549794049 0.032413762917777866 0.0521852128732347
2 0.21435278751906245 0.014264959771141561 0.04004442496187506 0.028529919542283122
2 0.4212300754193746 0.4338519320275303 0.022747822188333443 0.03902964901126431
2 0.4675952759324648 0.4859882323958473 0.022638719414791807 0.03434214901126431
2 0.8283568168699997 0.16670944660646436 0.02590918977951375 0.04081067029858776
2 0.9178680328663191 0.44280241702126766 0.02587282218833309 0.03924817029858776
2 0.8442467352792704 0.5563675263078766 0.016170513867708534 0.024530106436617415
2 0.8553868698722912 0.41285247308956796 0.017805749050069153 0.027764367080279052