1 0.0711829969199571 0.28639013525861107 0.029925602176918243 0.05221711664124999
4 0.0846601651614589 0.3922400917556249 0.03650298439090338 0.061737587005972296
4 0.23674596561694586 0.48549651643315955 0.020223219962933126 0.04262391109416654
4 0.23044140191461499 0.48720448679788164 0.02345734736759484 0.04582164627652787
4 0.2507266200634496 0.4875129581125345 0.02830853847458741 0.05061824905006951
4 0.2652256296820964 0.47468564979190947 0.02496528366526398 0.04429551386770836
2 0.22520331960796264 0.3913107585493748 0.024637901451278844 0.03492051386770836
2 0.45922614474303886 0.3288789212590621 0.03272321996293322 0.04291485182361114
2 0.4981943863055184 0.42008449629718714 0.026364092558271324 0.03964438145888884
2 0.46134666153326187 0.46934026709874954 0.03255952885594056 0.038227351823611144
2 0.5227380293192767 0.4772787472471176 0.028090283665263983 0.04436824905006951
2 0.5939880359426987 0.42644163943958285 0.02469246515360979 0.03648301386770818
2 0.6142633304077358 0.4493881769586453 0.01844246515360979 0.036337543502986236
2 0.5970659067239383 0.47242628666604114 0.024801592558271322 0.03960801386770836
4 0.39926083458408707 0.5707040517680205 0.0231299651536097 0.03644664627652787
4 0.4114061705189365 0.5805693610385759 0.03126984736759475 0.04600348423243048
4 0.4356422786863045 0.6018624795796871 0.024801592558271322 0.03960801386770836
4 0.44558027387698107 0.6078760902370135 0.02173115626060227 0.04109777868534721
4 0.5147742179791985 0.6382707986338885 0.023348219962933216 0.042696646276527875
4 0.6290971236068286 0.7175744792953467 0.021622028855940556 0.03797277868534721
4 0.6470113099044978 0.7187187519967703 0.02156746515360979 0.03641027868534721
4 0.7113267810485573 0.7546913131671869 0.026364092558271324 0.03964438145888884
2 0.6182985220628826 0.6467898538203813 0.0308333377489479 0.03350348423243048
4 0.8011532722325185 0.002699587387221898 0.053943455534962936 0.005399174774443796
4 0.8816170438320651 0.125455142005034 0.03483135698624196 0.05857621941479167
2 0.6273684764167191 0.5435375672512495 0.02625496515360979 0.03651938145888885
2 0.7619568190598084 0.17663839513916602 0.03455853847458741 0.05076371941479167
2 0.6232291357573642 0.21499499316305504 0.02156746515360979 0.03641027868534721
2 0.6648685095338289 0.2967710168144092 0.03595734736759475 0.046112587005972296
2 0.6435763520921002 0.25823584688652723 0.024801592558271322 0.03960801386770836
2 0.4991244584453698 0.32638904768395793 0.02814484736759475 0.04593074905006951
2 0.3255902439247322 0.24377983548736087 0.0261458377489479 0.033394381458888844
2 0.31668398067788833 0.3423446220564928 0.03466766587924912 0.053888719414791716
2 0.20097467904127503 0.16861879416857622 0.03455853847458738 0.05076371941479172
2 0.049875970511087275 0.15886520051309022 0.04237103847458738 0.050945557370694464
2 0.40624993376578045 0.48233188279006906 0.024801592558271367 0.03960801386770836
2 0.469920564165667 0.514416377756076 0.024583337748947897 0.033358013867708355
2 0.7020485949205242 0.1038743487863883 0.027926592558271325 0.039680749050069464
2 0.8886953899337154 0.32512783368440895 0.027926592558271325 0.039680749050069505
2 0.8592484481937508 0.4530534651432978 0.018005955534962936 0.023837543502986235
2 0.8178744584453697 0.31897005908312426 0.018115082939624473 0.026962543502986058