4 0.10086547193613696 0.7145501964290276 0.0319299228866742 0.06002961664124999
4 0.23003943708010186 0.5734686419081247 0.01676599784053163 0.04251480832062491
4 0.22373937230527718 0.574395362272847 0.018428627390180984 0.044113675911805574
4 0.2428898905038745 0.5677089511786804 0.024979016039128953 0.04894664627652787
4 0.25962680753045253 0.5743401576756942 0.021453497840531632 0.04262391109416672
2 0.23721278455149325 0.66847201738309 0.022415220542635693 0.03328527868534721
2 0.4763451357235125 0.6496447097280551 0.030728368290882456 0.041279616641249996
2 0.4968659916758938 0.5485361514074301 0.02427810919158375 0.03800914627652787
2 0.4515127213178281 0.5137078629384371 0.0304279796419344 0.03659211664124999
2 0.5095149884366912 0.48505487965593713 0.02457849784053163 0.042696646276527875
2 0.5882815360926528 0.5097444487101384 0.020952850092285046 0.03481141109416672
2 0.6033651179863405 0.48131032418510367 0.0163654796419344 0.03626480832062491
2 0.581810293032483 0.4646501542572217 0.021153109191583752 0.03793641109416672
4 0.3713629488002942 0.4375648966577774 0.020952850092285046 0.03481141109416672
4 0.3808077999723134 0.4240836249062843 0.027803627390180986 0.04433188145888885
4 0.39979763186600115 0.39555858140329825 0.022715609191583754 0.03797277868534721
4 0.40821090916389713 0.38600174344739546 0.018128238741232927 0.03942617591180557
4 0.4701089343023247 0.33307545877812456 0.01989099784053163 0.04258754350298606
4 0.5648182618770757 0.21853887367201338 0.018028109191583753 0.037863675911805575
4 0.5824062800756731 0.2118888301690273 0.017827850092285047 0.03473867591180557
4 0.637523379088224 0.15521994966006888 0.022715609191583754 0.03797277868534721
2 0.568806052593207 0.2902138519205203 0.028464961443337166 0.030305749050069507
4 0.880606629401991 0.8781612614960757 0.04951794108527139 0.0666796601442364
4 0.9261961389627149 0.7023611744901034 0.030167163787375627 0.05686824905006951
2 0.5977042057401245 0.3870518311189578 0.022515350092285048 0.034847778685347296
2 0.8011658605850849 0.6935700155801381 0.031229016039128865 0.04909211664125017
2 0.6585277776116629 0.7039107163775689 0.0194904796419344 0.036337543502986056
2 0.6824041710409728 0.6113049890789923 0.03249112739018116 0.04444098423243048
2 0.6694442936507918 0.6552913784216661 0.022715609191583754 0.03797277868534721
2 0.5161085425710578 0.6377980199485412 0.024678627390180986 0.04425914627652787
2 0.36369733652639147 0.7763000883371525 0.023777461443337165 0.03019664627652787
2 0.33606129473052604 0.6841132415475344 0.03142927513842757 0.05221711664124999
2 0.2580505089516404 0.8910912465815276 0.031229016039128955 0.049092116641249815
2 0.11298953038944012 0.9514137635833679 0.038941386489479646 0.04771145459715278
2 0.39496233266888015 0.5197045962209371 0.021153109191583752 0.037936411094166546
2 0.45134154303248303 0.46768684812079825 0.02231509099298634 0.03172277868534721
2 0.7563459114802489 0.784322955359652 0.02427810919158375 0.03800914627652787
2 0.8941810826688801 0.5080851508387493 0.02427810919158375 0.03800914627652787
2 0.8405530397932806 0.3954409868947909 0.015564443244739934 0.023764808320625087
2 0.8267036860003678 0.5385188396683326 0.015764702344038282 0.02688980832062491
4 0.5485553069121437 0.37493434403673565 0.03026729333702498 0.05843074905006951