1 0.3348241316124619 0.9144887924141741 0.03863977611928178 0.0538654796419344
4 0.2797913935982495 0.8067053732281279 0.04858798620519007 0.06540375693983017
4 0.33961569368910655 0.6319871730435577 0.028773453188503238 0.04388970234403846
4 0.33426977442180117 0.6346813764673304 0.030417840343632995 0.04555233189368781
4 0.34923967718076315 0.6211800809708372 0.03699538896415202 0.05220285009228505
4 0.3680715643358929 0.6215410263750453 0.033542840343633085 0.04575259099298634
2 0.388609793643678 0.7142897308785521 0.030008404567984214 0.03773983189368764
2 0.6042137822237172 0.6103277143779978 0.03987472749876275 0.047715609191583755
2 0.5794417542954131 0.5115793337486142 0.03337906603337348 0.04262759099298634
2 0.5214278584338562 0.49648406231081454 0.03806656603337366 0.0429279796419344
2 0.5636662680902231 0.44988037014580884 0.03674972749876275 0.047515350092285046
2 0.6487815745126582 0.44364205968992093 0.03009029172311397 0.039302331893687634
2 0.6502688314100631 0.4121918005906222 0.025320904567984213 0.03743944324473989
2 0.6232559520568495 0.40530025293466065 0.03017217887824373 0.040864831893687815
4 0.41276218735752845 0.45719912168696836 0.03009029172311397 0.039302331893687814
4 0.41667175938379586 0.4420549830380204 0.03839411465389264 0.0491779796419344
4 0.421983379126071 0.4087919000645984 0.03181656603337366 0.042527461443337036
4 0.4253164190401627 0.3976040761904751 0.02869156603337366 0.04232720234403846
4 0.46003557779201854 0.32718215222406677 0.03033595318850324 0.04398983189368781
4 0.4998273388732951 0.18902201573458716 0.02852779172311415 0.03920220234403846
4 0.5133166287873868 0.17718334978774325 0.028445904567984216 0.03763970234403846
4 0.5401414003841127 0.10569957356958151 0.03173467887824373 0.04096496144333709
2 0.5345165993887446 0.25264442474160076 0.034695904567984215 0.03804022054263569
2 0.6035775378779269 0.3289577984311539 0.03165279172311415 0.039402461443337075
2 0.9277464574839165 0.5315881385012897 0.04332727611928178 0.054165868290882456
2 0.798499370758328 0.5931740854466574 0.02852779172311415 0.03920220234403828
2 0.781086141450543 0.5002251218438518 0.043163501809022266 0.05104086829088246
2 0.7881074253717408 0.544455983194904 0.03181656603337366 0.04252746144333699
2 0.6366201684743359 0.5855186790605373 0.03683161465389269 0.04907785009228505
2 0.5543443362713033 0.7655950077150226 0.029926517412854636 0.03617733189368781
2 0.4878318656699454 0.6930376897009956 0.04505355042954129 0.05739099784053163
2 0.5037788495002863 0.9075810510520477 0.04332727611928178 0.054165868290882456
2 0.47109366576080236 0.5232258374492421 0.03017217887824373 0.040864831893687635
2 0.5012481552453527 0.45544805213178174 0.029926517412854636 0.03617733189368781
2 0.9258331546795258 0.6296949714747117 0.034941566033373304 0.0427277205426357
2 0.9352336516273082 0.33043664868032246 0.03494156603337366 0.04272772054263578
2 0.8352535837849124 0.24748205120893108 0.0216226944820761 0.026301684145441227
2 0.8846471534363305 0.3822785533683994 0.02334896879233561 0.02952681369509049