4 0.05296579735141973 0.5710732090952776 0.04463018198597286 0.0660542269557407
4 0.22296621915835982 0.5050264184733791 0.02457849784053163 0.04410131451462966
4 0.21764766348283376 0.5022042148447217 0.027903756939830337 0.04749971658814811
4 0.2378600339331844 0.5055438283225921 0.03445414558877822 0.05273402073518518
4 0.2495089327611652 0.5199186866166661 0.030928627390180985 0.04621061866166656
2 0.19278976095422515 0.5958763024036107 0.028765350092285046 0.03669891762490742
2 0.4118518391472851 0.6959616511785639 0.037178627390180984 0.04675742280870363
2 0.4698028439276471 0.613041135909999 0.03072836829088228 0.04308561866166656
2 0.44341961906607474 0.5588813162115731 0.0368782387412331 0.04206992280870363
2 0.5061198781653734 0.5612243576819435 0.032491127390180986 0.04634731969842587
2 0.5665777143779979 0.623079100189073 0.028965609191583752 0.039823917624907425
2 0.5905857132982637 0.6039675152220821 0.0226154796419344 0.037714613477870175
2 0.5780752213178282 0.5785184558912488 0.029065738741233103 0.041386417624907426
4 0.40174086366740386 0.44917483407203623 0.02740310919158375 0.03968721658814811
4 0.4163540761904751 0.4418113934028695 0.03571625693983034 0.04818322177194432
4 0.44416819556109166 0.42460406102777687 0.02916586829088228 0.04294891762490742
4 0.4554561489848643 0.4200922182850917 0.02604086829088246 0.0426755155513888
4 0.5304456570044287 0.4022984170127767 0.02770349784053181 0.04437471658814811
4 0.6599014219638235 0.3437032499535172 0.025840609191583753 0.03955051555138889
4 0.6778201071889989 0.34605656187624867 0.025740479641934398 0.037988015551388796
4 0.7493038834071607 0.3216710080120356 0.030628238741233105 0.04152311866166656
2 0.6351331570044287 0.4114573864756469 0.03345285009228505 0.03710902073518514
4 0.7904822771502376 0.9663478124418965 0.04130492288667433 0.06265582488222207
2 0.6222746067275736 0.5140355823286098 0.030528109191583754 0.03996061866166656
2 0.6818372648117366 0.8963490877952299 0.04080427513842757 0.05484332488222208
2 0.5521788456256902 0.8355107496706932 0.025840609191583753 0.0395505155513888
2 0.6103103231081561 0.762033584920508 0.04050388648947969 0.050155824882222075
2 0.5813947786913971 0.7964284172956007 0.029165868290882458 0.04294891762490742
2 0.4521263857235125 0.7049846281343045 0.03425388648947969 0.04960902073518518
2 0.2626145003137671 0.7567543052783327 0.028665220542635695 0.03513641762490742
2 0.27439141194167427 0.6587952589069902 0.04100453423772628 0.057968324882222075
2 0.12330287400332021 0.809773415598657 0.04080427513842762 0.05484332488222208
2 0.3906648588870419 0.5361963804433788 0.029065738741233103 0.041386417624907426
2 0.46106699645625576 0.5164299760607861 0.027102720542635694 0.034999716588148114
2 0.6072191941768157 0.9573850411410636 0.03229086829088228 0.04322231969842605
2 0.8382548504060521 0.7725485857689798 0.032190738741233106 0.04165981969842587
2 0.8348468530269457 0.6418358279932853 0.020352072794388932 0.02664041244111104
2 0.7663798504060522 0.766260338078054 0.022114831893687813 0.029902113477870352
4 0.5893212068198587 0.47658480900152667 0.031229016039128865 0.05089811866166656