4 0.11231625204310344 0.6430035054102763 0.030042024004105095 0.06180131802583091
4 0.25855038172799044 0.5371208814328083 0.015870439695149764 0.04264214106622681
4 0.25229583654845056 0.5361577750063177 0.017442030054229285 0.04425010517284953
4 0.2725947010098312 0.5344050583924125 0.02372839149054773 0.05068196159934022
4 0.28750208352338846 0.5457744674053279 0.020557939695149675 0.04277853338609496
2 0.2528594388113869 0.6330327750063176 0.02050339754067192 0.03340353338609496
2 0.4890060170702181 0.6758353551063425 0.02836134933607006 0.04144335391920819
2 0.5228265051663614 0.5815230654520415 0.022102258976990363 0.03969899749271768
2 0.48350038475305246 0.5350739627864745 0.02989657825883114 0.036801318025830906
2 0.5435702763417961 0.5219805808914477 0.023682939695149584 0.04286946159934022
2 0.6172577612164856 0.5670861439027137 0.020521578258831143 0.03652853338609478
2 0.6358623154712117 0.5426317131821858 0.015834078258831142 0.03639214106622681
2 0.6177708456236368 0.5210151259560251 0.020530668617910662 0.038091033386094965
4 0.4157674632082754 0.43936900620169916 0.020521578258831143 0.036528533386094963
4 0.4266367855151783 0.4279685049480578 0.026817030054229286 0.044522889812585474
4 0.449156680128984 0.4051902344940868 0.020539758976990542 0.039653533386094786
4 0.4592674783335859 0.3976732511871342 0.01741475897699054 0.03956260517284953
4 0.5262322645361353 0.3613469577719095 0.018995439695149587 0.04273306927947216
4 0.6358567285299777 0.27314592728880854 0.01740566861791084 0.03800010517284953
4 0.6530260478118184 0.270521032461658 0.01738748789975162 0.03487510517284953
4 0.715276062937129 0.22937084672656524 0.02209316861791084 0.038136497492717504
2 0.6284623850476401 0.34479360675569515 0.028306807181592397 0.03206835391920819
4 0.8501990888861417 0.9861530779884538 0.048737481849627076 0.027693844023092495
4 0.9203883481577197 0.8453919664808911 0.028452252926866352 0.05706835391920819
2 0.6431203035673552 0.44754653371529923 0.02208407825883114 0.0365739974927175
2 0.7990764295398088 0.8043684982176333 0.029969301131468028 0.04930131802583091
2 0.6583150741536146 0.776839228621592 0.01895907825883114 0.036483069279472244
2 0.6953151044042356 0.6919928671805364 0.031504530054229284 0.044659282132453626
2 0.6768014537403056 0.7320722979010642 0.020539758976990542 0.039653533386094786
2 0.5288361315315987 0.6746509398252208 0.023701120413308983 0.04599446159934022
2 0.3614628000513137 0.7721072983632826 0.0220568071815924 0.031886497492717505
2 0.3468321526088375 0.6740418714036785 0.02999657220870695 0.05398881802583091
2 0.24166845051885186 0.8576690621533363 0.029969301131468208 0.04930131802583091
2 0.09182298662320534 0.8798670079175587 0.03777271077238853 0.04796613855894449
2 0.42720947813719423 0.5264060049480579 0.020530668617910842 0.038091033386094965
2 0.48948676433974364 0.4899433192129651 0.02049430718159222 0.031841033386094966
2 0.7432900378528693 0.882419290379217 0.02366475897699054 0.039744461599340045
2 0.9160997821955286 0.6453010382676457 0.023655668617910665 0.03818196159934022
2 0.8802163034691592 0.5192780958686354 0.015761355386194255 0.023892141066226814
2 0.8466503454272452 0.6573403855229365 0.015779536104353297 0.027017141066226814
4 0.5976759933607007 0.4235718246232415 0.02846134328594587 0.05863085391920819