1 0.18639289410223467 0.7910618581166687 0.0280628155185485 0.05171703610435365
4 0.14541019292773574 0.7494101684215191 0.03458560015828453 0.06112839754067192
4 0.25754178305689046 0.6015999031980127 0.018415030878812376 0.04228749394987581
4 0.2512690510035791 0.6023447917616942 0.021585494985435095 0.04386817466803503
4 0.2702463715366925 0.5946413760706497 0.026454851411925783 0.05014544574527395
4 0.28727474716351314 0.6002101200205254 0.023102530878812377 0.04231476502711473
2 0.2766889366595296 0.6954771682251273 0.02287521034569897 0.03450226502711473
2 0.5136266470052286 0.6624748124461497 0.03247753087881229 0.042369307181592396
2 0.5220505639357029 0.5609441287029283 0.024574102665566856 0.039198855386194255
2 0.47220132812146776 0.5286174420328408 0.030778638558944315 0.0376727168225127
2 0.5270168602539215 0.4976810594210875 0.026272994985435005 0.04389544574527378
2 0.6084798089211378 0.5176895532727676 0.022920674452321776 0.03606476502711473
2 0.6202811269469688 0.4880656857863248 0.018233174452321775 0.03603749394987581
2 0.5964942859598843 0.4730810352205907 0.022966138558944315 0.037627265027114734
4 0.3820597129194884 0.45776861084714326 0.0229206744523216 0.03606476502711473
4 0.39028138987909256 0.4437515626425414 0.029397994985435095 0.04391362646343318
4 0.4059662258516122 0.41493167105379775 0.02301160266556703 0.039189765027114555
4 0.4132929925446597 0.404816327669656 0.01993206677218957 0.04073408430895538
4 0.4680547003830761 0.348875399878363 0.021540030878812465 0.04230567466803503
4 0.5496804365930226 0.22901741783234392 0.019841138558944316 0.03760908430895542
4 0.566314007126136 0.2213003666026799 0.0197956744523216 0.03604658430895542
4 0.6141353931777979 0.16219353219552862 0.024574102665567032 0.039198855386194255
2 0.5616743197416906 0.3001929810640605 0.029034282132453626 0.031413626463433174
4 0.9460657593042139 0.8658059081679823 0.05356292069139812 0.06904998184962743
4 0.9676549174591997 0.6877763569383184 0.0266821719450391 0.05795794574527395
2 0.6026737412910184 0.3949787611182898 0.024483174452321777 0.03607385538619425
2 0.8441946854058884 0.6878394685710286 0.032704851411925875 0.050181807181592396
2 0.7022428661264162 0.7057667910743233 0.021358174452321778 0.03605567466803503
2 0.715908212523777 0.6120804235878805 0.034130959092057725 0.04550339754067192
2 0.7075585034317193 0.6573520169720222 0.02301160266556703 0.03918976502711473
2 0.5523170739648326 0.6486350262436003 0.027880959092057723 0.04546703610435347
2 0.41679344794230067 0.7947464360809123 0.024346782132453625 0.031386355386194255
2 0.3771974020197935 0.7054384963857627 0.03279577962517113 0.0533068071815924
2 0.3242302117323542 0.914540785613374 0.032704851411925875 0.050181807181592576
2 0.1863604872008903 0.9794743974424762 0.040290030878812375 0.04105120511504765
2 0.4164370614284204 0.5384509842855143 0.022966138558944315 0.037627265027114734
2 0.4657072872135256 0.48325949023744263 0.022829746239076344 0.03293976502711473
2 0.8110435531151502 0.779849706568976 0.02613660266556712 0.039207945745273955
2 0.9153663064138555 0.49759626365237253 0.026091138558944495 0.03764544574527377
2 0.8474323118241319 0.38858890231425 0.01630696159934004 0.0235284035907962
2 0.8510848460681565 0.5316031041096481 0.017960389812585475 0.02666249394987581