4 0.11582773138127052 0.3492236952833438 0.030378390674726898 0.060411710344286274
4 0.26166803739654254 0.4566765528177397 0.01455339600572696 0.04267857332097762
4 0.2554271280633153 0.45767605762706315 0.0176965773392725 0.04435020072563951
4 0.27499474073040614 0.4601190113479274 0.02243862133990877 0.04920139183263199
4 0.29049247139558804 0.4486358743246187 0.02080339600572696 0.042896828130301046
2 0.2558623853834977 0.3607464939247322 0.02069430800445433 0.033521828130301044
2 0.4914362587125888 0.321257374872773 0.028597714672181595 0.04160714664195542
2 0.5253669107256337 0.416205287123825 0.022329533338636055 0.039826391832631994
2 0.4860322380649061 0.46134666153326187 0.028543170671545326 0.03691964664195542
2 0.5471515514003606 0.4748436771423584 0.02392839600572714 0.043005955534962934
2 0.6201072460614062 0.4308729331328083 0.020712489337999785 0.035084328130301046
2 0.6391572380649061 0.455999418704838 0.014480670671545326 0.03642857332097762
2 0.6206526860677697 0.4777479331328083 0.01918635200509069 0.03815476442797028
4 0.41836402741086004 0.5567162144358194 0.019149989337999784 0.035029764427970275
4 0.430219137412451 0.5680257366683381 0.025509077339272324 0.044623019237293705
4 0.4523759480824053 0.5914805948357061 0.02074885200509069 0.03820932813030105
4 0.4618418547501325 0.598965712621721 0.017642033338636055 0.03966270072563951
4 0.5294838880887687 0.6356819734214941 0.017678396005727137 0.04278770072563951
4 0.6383872681014953 0.7256670779606651 0.01606135200509069 0.038045637023308564
4 0.6563923807685862 0.7281645953838602 0.017587489337999786 0.03497520072563951
4 0.7178480487746314 0.7705678609929569 0.02074885200509069 0.03820932813030105
2 0.6313009267584049 0.6540103327699885 0.026926126670909056 0.03217758293962447
4 0.853452264003818 0.013638337031157776 0.04752952800763595 0.027276674062315553
4 0.9232846006922261 0.1561159474759605 0.028779528007635946 0.05723214664195542
2 0.6465162994111783 0.5510936638955146 0.022293170671545327 0.03670139183263199
2 0.8018277713637711 0.19630941625776727 0.028688621339908682 0.04941964664195542
2 0.6614391286998622 0.22153264946754425 0.017605670671545327 0.03653770072563942
2 0.698394783378407 0.3077776843139346 0.030196577339272324 0.044786710344286274
2 0.6791629780394527 0.26702619874190486 0.02074885200509069 0.03820932813030105
2 0.532088530712907 0.3221824686121707 0.023964758672817867 0.046130955534962846
2 0.36446413136536215 0.22330600291040686 0.022238626670908878 0.032013891832631994
2 0.3499663740451798 0.3207266399337154 0.028724984006999677 0.05254464664195542
2 0.24465052335295362 0.1360465942875519 0.028688621339908772 0.04941964664195542
2 0.0950954186823629 0.11235117786014866 0.03648294000636336 0.04812996515360969
2 0.4298549633990879 0.4695609548171726 0.01918635200509069 0.03815476442797028
2 0.49203733740449673 0.5072494385751039 0.02067612667090888 0.03195932813030104
2 0.7462039326861809 0.11775039583934718 0.022329533338636055 0.03982639183263198
2 0.9193709020528157 0.3571154522852839 0.023873852005090866 0.038318455534962846
2 0.8825350680696786 0.48267101299238996 0.014335220003181704 0.02392857332097762
2 0.8488765887173614 0.3439458188901724 0.01593408267027243 0.027108137023308564