4 0.28146567138920187 0.8198629918957308 0.04692346680652095 0.0649571420651398
4 0.34704035935192135 0.6587882549793231 0.028196777594401645 0.04364358418674961
4 0.34090875852208435 0.6599867339326357 0.029996075934727705 0.04685958944842135
4 0.3564862143309432 0.6500047891801902 0.0366012734452168 0.05191111049510884
4 0.3754138130861877 0.6534406023202524 0.03300267676456468 0.04547909997176518
2 0.3927332128810507 0.7485633865211193 0.029285680913749522 0.03748458944842135
2 0.611754054787818 0.6827618942018656 0.039252676764564676 0.04584312101845249
2 0.590054808312303 0.5811615968468191 0.032765878424238615 0.04235409997176518
2 0.5322064195151021 0.5567916574266325 0.03901587842423861 0.042718121018452494
2 0.5759438415057819 0.5181155652767879 0.03624607593472771 0.047223610495108835
2 0.6613368898461081 0.5262003520379037 0.030966580083912554 0.03913809471009326
2 0.6636564064428475 0.49522336782291926 0.0245981809137497 0.03721157366340595
2 0.6363835114218694 0.4843012783744978 0.031084979254075586 0.04070059471009326
4 0.42517424689972233 0.49922281015629044 0.029404080083912553 0.03904708944842135
4 0.42867775519809204 0.48387082594130604 0.03792697510489074 0.048877115756780755
4 0.4349035217948316 0.45312135488050115 0.031203378424238613 0.04226309471009326
4 0.4394842780186089 0.4417211232963526 0.028078378424238614 0.04208108418674961
4 0.4759769624568434 0.3792890127306566 0.029759277594401647 0.043734589448421526
4 0.5198192829929864 0.24961619425833542 0.027841580083912555 0.038956084186749604
4 0.5330529888018452 0.23949774161338205 0.027723180913749524 0.03739358418674961
4 0.5623368244848351 0.17431235737016273 0.03264747925407559 0.04079159997176509
2 0.5522541973099964 0.31839628633759276 0.03541728174358667 0.03628611049510884
2 0.6195260529137181 0.40553924154279486 0.03096658008391273 0.03913809471009326
2 0.938422375948661 0.6621202544146259 0.042969672615380004 0.053837631541796147
2 0.8066997018833885 0.6995607992800108 0.027841580083912642 0.038956084186749604
2 0.7917832516736072 0.6053557729716517 0.04273287427505359 0.050712631541796324
2 0.7975605776083348 0.6508047808641594 0.031203378424238613 0.04226309471009326
2 0.6453119159906171 0.6637157625894823 0.03636447510489056 0.048786110495108836
2 0.5573769759533052 0.8273771732116479 0.03072978174358667 0.03601309471009344
2 0.492744868274991 0.7442769758989536 0.04320647095570571 0.05696263154179633
2 0.5027747541724068 0.9587567048522662 0.04296967261537983 0.05383763154179633
2 0.4814018587272214 0.5740554811606255 0.031084979254075586 0.04070059471009344
2 0.5132662427505374 0.5121316048099139 0.029167281743586494 0.035922089448421346
2 0.933203924913687 0.7574859623212511 0.03432837842423879 0.04244510523343692
2 0.9514514817528752 0.46453959912471915 0.03420997925407576 0.04088260523343692
2 0.8537225315430937 0.3655112939477519 0.020644386722608488 0.026092063140062117
2 0.8994163076876032 0.5066214123353685 0.022443685062934548 0.029308068401734035
4 0.5680819520838811 0.4040985679076238 0.0435616684661948 0.061650131541796285