1 0.1783827330950688 0.7655016326931599 0.02460126291777782 0.05054551386770836
4 0.1339248714878119 0.7277282225489238 0.03106946846486114 0.06006598423243048
4 0.25514852089847173 0.5906302256830558 0.01504442496187508 0.04251480832062508
4 0.2488985208984717 0.5904847553183336 0.018205792553055565 0.044150043502986236
4 0.267793991263194 0.5846711664125003 0.023002395326597293 0.04894664627652787
4 0.28481783710288144 0.5921024599154864 0.02129442496187508 0.042660278685347205
2 0.267792031632048 0.6855069677992711 0.02107621941479172 0.03328527868534721
2 0.5064915089306246 0.673084275454306 0.029070557370694416 0.041279616641249996
2 0.5205559685617704 0.5725757823881601 0.02278418977951393 0.03957164627652787
2 0.47293673936333286 0.5362921370615629 0.02896145459715278 0.03659211664124999
2 0.5298413560045829 0.509476370344063 0.02441942496187508 0.04273301386770836
2 0.6104912907501037 0.5371487350854519 0.021112587005972117 0.034847778685347205
2 0.623664091186944 0.5085334258148964 0.014898954597152781 0.03626480832062491
2 0.6013897008943399 0.49159984574277826 0.019622822188333444 0.03793641109416672
4 0.38800000133118023 0.457711235751042 0.019550087005972293 0.03481141109416672
4 0.3976841258562149 0.4446481912981254 0.026018292553055565 0.04433188145888885
4 0.4147631762930552 0.41612380100552115 0.021185322188333446 0.03797277868534721
4 0.42279388184013855 0.40693063896142395 0.01809668977951393 0.03946254350298606
4 0.48104344614468725 0.3559143060395143 0.01816942496187508 0.04258754350298606
4 0.5696357803008679 0.24385202355444494 0.016497822188333445 0.037863675911805575
4 0.5869687506655901 0.23800206705743107 0.017987587005972295 0.03477504350298606
4 0.6390592339480902 0.18293401377079915 0.021185322188333446 0.03797277868534725
4 0.5773378711065622 0.3159452291015283 0.027289851823611145 0.031868249050069505
4 0.9245466054359021 0.9141898926642369 0.048402438829583616 0.06671602773541671
4 0.9598697756481244 0.7399172444878481 0.02943423328249999 0.05690461664125017
2 0.6118018304533678 0.4136748674942714 0.02271145459715278 0.03644664627652783
2 0.8335254811952076 0.7275964696022229 0.029252395326597024 0.049092116641249996
2 0.6911197756481243 0.7336620188047922 0.01802395459715278 0.036337543502986236
2 0.7104711473233676 0.6410933123077784 0.030705792553055566 0.04444098423243048
2 0.7000778547703119 0.684625106760695 0.021185322188333446 0.03797277868534721
2 0.5450273320688883 0.6630377814382296 0.024492160144236053 0.04585801386770836
2 0.40120198404499935 0.7972646982319794 0.022602351823611144 0.03175914627652787
2 0.3674101719246522 0.7042407436348267 0.029325130508958352 0.05221711664125017
2 0.30089089988881873 0.9090542237831947 0.0292523953265972 0.04909211664125017
2 0.15966518142395753 0.9651743243725349 0.03702852773541672 0.04771145459715278
2 0.4173225189986107 0.5412510875746531 0.019622822188333444 0.03793641109416672
2 0.47010333330315934 0.4901074680836115 0.021039851823611143 0.03172277868534721
2 0.7947155947023258 0.8165855812094798 0.02278418977951393 0.03957164627652778
2 0.9167412907501038 0.544276782956841 0.024310322188333088 0.03804551386770836
2 0.8561148749062845 0.4287413955140285 0.014608013867708537 0.023764808320625087
2 0.8512065565176732 0.572455027922848 0.01624324905006951 0.026926175911805572