4 0.09312484874689489 0.437085153942803 0.0394261143631847 0.0656886439408634
4 0.2568924329576544 0.5340074356156119 0.022120439695149673 0.04397314060688338
4 0.251432773316734 0.5351235254638912 0.025263620413308895 0.04735323212215263
4 0.27095947813719423 0.5359365974343228 0.029978391490547728 0.052423369395056166
4 0.28416346008501747 0.5237394863742164 0.026817030054229286 0.045918277879787084
2 0.23369076141287737 0.43840802212991126 0.02519998789975162 0.036415732122152634
2 0.45902658381797606 0.3802758841081016 0.034629530054229286 0.04655600666795978
2 0.5103214391059745 0.47270237123122405 0.02836134933607006 0.042920823637421536
2 0.4793714209556018 0.5217139560785332 0.03460225897699054 0.041868506667959694
2 0.541894146853301 0.5307220363839147 0.029942030054229286 0.04617336939505616
2 0.6064151891059745 0.4805464353257479 0.02521816861791084 0.03954073212215263
2 0.6299799541330892 0.5043346216902659 0.020521578258831143 0.037595594849248924
2 0.6152771046988231 0.5273416869927379 0.02522725897699054 0.04110323212215263
4 0.4299759298343965 0.6215387418342282 0.02520907825883114 0.037978232122152636
4 0.4440929719888741 0.632061653652939 0.033076120413308985 0.047990960910325245
4 0.4699878514773694 0.6536974086539088 0.026798849336070064 0.04279327787978708
4 0.4809571677341481 0.6600589789573506 0.023673849336070064 0.042538186364518005
4 0.5545446586589617 0.6918348795661737 0.025245439695149585 0.044228232122152634
4 0.6791815651766242 0.7738497672981193 0.02209316861791084 0.039285640606883374
4 0.6963645199970843 0.7744715206320991 0.02208407825883114 0.03772314060688355
4 0.7653008723582164 0.8121147839680187 0.02678975897699054 0.04123077787978709
2 0.6584599990180413 0.7018791724488704 0.03144998789975162 0.036925915152690794
4 0.8545698462128121 0.18376625654727358 0.03784543364502539 0.06243609818322886
2 0.6539537853187867 0.598435308054784 0.026780668617910664 0.039668277879787085
2 0.7424061894987579 0.23239546199758704 0.036237481849627426 0.05449605242559432
2 0.6083039002711466 0.268301526841017 0.023655668617910842 0.039413186364518
2 0.6603254634046671 0.35141678684295663 0.03777271077238851 0.04993609818322886
2 0.6343305899662962 0.31259353184198685 0.026798849336070064 0.04279327787978708
2 0.49884306274073725 0.3788408009277823 0.03152271077238851 0.04942591515269061
2 0.31483570140261463 0.29276042440572436 0.02675339754067201 0.03498077787978708
2 0.31853339402463055 0.3914530159209934 0.03781816256778665 0.05774859818322877
2 0.18085106596219108 0.21466776212797156 0.036237481849627384 0.05449605242559432
2 0.02850731596219107 0.20223205075860434 0.044049981849627384 0.05513378121376702
2 0.4255606197259379 0.5337198774401418 0.02522725897699054 0.04110323212215263
2 0.4936884510098311 0.566611867897244 0.025190897540672098 0.03485323212215263
2 0.6724749636992547 0.1579696757828502 0.02836134933607006 0.042920823637421626
2 0.8877510266363838 0.38403719457878155 0.029914758976990186 0.04148586939505616
2 0.8752197312604523 0.511859305638888 0.018895445745273777 0.026530549091614473
2 0.8158669362773041 0.3766075897275929 0.018913626463433177 0.029655549091614476
4 0.6135060473208391 0.6255878683562861 0.0362829336450254 0.06230855242559432