4 0.2803384965453339 0.7935895380232711 0.047289330305381405 0.06421900889724874
4 0.3473511691148904 0.6254669377192601 0.02688123545613248 0.04314250494291585
4 0.3420737377513422 0.6280335222059403 0.030261326971401558 0.046394838935304605
4 0.3575871674479004 0.6164275187458992 0.03689396424430509 0.05133700692008212
4 0.3765284860843523 0.6180072647915665 0.03169628121376693 0.04489600593149916
2 0.3928387544212416 0.7121883463124974 0.029496052425594322 0.037019838935304604
2 0.6132790580547839 0.6279566318643106 0.03950878121376711 0.04521434091247105
2 0.5925523566873565 0.5276847178338657 0.03300368969849785 0.04183467292769336
2 0.535297966080473 0.5080698961987666 0.03769118969849785 0.04202567391627667
2 0.578856776381975 0.46553488631293494 0.03494882697140156 0.046585839923887915
2 0.6643956636548787 0.46675253502034053 0.029623598183228773 0.038582338935304605
2 0.6673134985021879 0.4352797005336602 0.02480855242559432 0.03682883794672147
2 0.6399219510775634 0.4262057894689649 0.029751143940863402 0.04014483893530461
4 0.4277726374420815 0.4583656679475965 0.029623598183228773 0.038582338935304605
4 0.4320297027445534 0.4432990834609162 0.03820137272903601 0.04827567391627667
4 0.43885378759186267 0.4116670814837498 0.03144118969849785 0.04177100593149898
4 0.4433659444096037 0.3997254969970695 0.028316189698497852 0.04164367193911023
4 0.48110531834658776 0.33391215460172363 0.030006235456132478 0.0432698389353046
4 0.5257964518264695 0.19962072623682275 0.02649859818322895 0.03845500494291585
4 0.539811154401845 0.18885963977297604 0.026371052425594323 0.03689250494291585
4 0.56948293682356 0.12023963235860222 0.0313136439408634 0.04020850593149907
2 0.5579071922835718 0.2665071373015181 0.035618506667959696 0.03571200692008221
2 0.6241696631958368 0.34846279144613124 0.03118609818322895 0.038646005931498986
2 0.9401605513868242 0.5801478956672941 0.04327151000193972 0.05315417490485981
2 0.8085755826005911 0.6294050908381089 0.02806109818322895 0.038518671939110224
2 0.7946090642637018 0.5351285088228865 0.043016418486670635 0.05002917490485981
2 0.7998703912351033 0.5803773418266921 0.03144118969849785 0.04177100593149916
2 0.6468409860843523 0.6069928744499368 0.03663887272903601 0.048212006920082116
2 0.5565821321512476 0.7784142296968639 0.030803460910325244 0.03395850593149916
2 0.4929185027542517 0.6994880750579592 0.043526601517208795 0.056279174904859806
2 0.5002997944290003 0.9147456605332227 0.04327151000193972 0.05315417490485963
2 0.4837035151720873 0.528984574069376 0.029751143940863402 0.04014483893530461
2 0.516101684866706 0.46495656616071057 0.029368506667959694 0.0354573389353046
2 0.9340058883601653 0.6775958986330435 0.03300368969849785 0.04183467292769336
2 0.9559934901672381 0.38040522224530904 0.0328761439408634 0.04027217292769354
2 0.8592144718303487 0.2895029910283894 0.020790732122152634 0.025764003954332714
2 0.9033785442598224 0.42722848410830705 0.022608323637421535 0.028952670950527094