4 0.14077148750696813 0.3002269400324213 0.026907933645025483 0.06061216832079959
4 0.2665532583878153 0.4404239086008899 0.012745439695149675 0.04276969685684691
4 0.26030325838781526 0.44013281017246647 0.014317030054229286 0.044404971463952767
4 0.27986632464459393 0.44651124276128973 0.020594301131468207 0.04938356989237604
4 0.2970083728491958 0.43949926343945406 0.017423849336070062 0.04142552067816432
2 0.27693624648395854 0.3456208308506309 0.01894089754067192 0.03368579528527027
2 0.5152493127407372 0.36218770843427417 0.02678975897699054 0.040299668320799585
2 0.5330185957218327 0.46298822911243853 0.020530668617910842 0.03844606989237605
2 0.4871430143397436 0.4983413782028158 0.02676248789975162 0.0356121683207995
2 0.5443197100850174 0.5259976513621796 0.020557939695149584 0.043133569892376045
2 0.6238344932625047 0.5000216563245783 0.01894998789975162 0.03524829528527036
2 0.6380606197259379 0.528801627788531 0.01269998789975162 0.03495719685684691
2 0.6162901588553534 0.545751533289049 0.01739657825883114 0.03673802067816449
4 0.40480321301188366 0.5757343240262054 0.01738748789975162 0.0351755206781645
4 0.41425093588452067 0.5886709716688404 0.023682939695149584 0.04327911910658777
4 0.43237876716841395 0.6168516296505577 0.01896816861791084 0.03837329528527036
4 0.4410270593228917 0.6266268899896401 0.01428975897699054 0.03971747146395259
4 0.5014696556338996 0.6786474623632156 0.015861349336070064 0.041352746071058634
4 0.5935122307694728 0.7922797768789083 0.01427157825883114 0.036592471463952767
4 0.6107360922057914 0.7993302975570726 0.01582498789975162 0.035102746071058635
4 0.6649514144144983 0.8549660215022247 0.018968168617910664 0.03837329528527036
2 0.5985628242518104 0.7206594880037788 0.025172716822512698 0.03085189371369381
4 0.9247141745698391 0.12820243010311466 0.044122704722264317 0.066100188998964
4 0.9663482044276768 0.30353206988786696 0.02532725292686635 0.05741439371369372
2 0.6300213816297946 0.6237138674494489 0.02051248789975162 0.035321069892376045
2 0.8406578580184728 0.3132987140158454 0.026835210772388506 0.048112168320799585
2 0.6984612676593933 0.3051137247692124 0.01582498789975162 0.035102746071058545
2 0.7200868036655509 0.3975024319651415 0.028370439695149584 0.04349744292790536
2 0.7081180687908615 0.35398787241184754 0.01896816861791084 0.03837329528527036
2 0.5543618097156752 0.3726008236119206 0.020567030054229284 0.044696069892376136
2 0.4059510599120669 0.23603612324041706 0.020485216822512697 0.030633569892376134
2 0.3752464814568439 0.3283306310982999 0.026862481849627428 0.0527996683207995
2 0.30219427995603343 0.12263924917143047 0.026835210772388506 0.048112168320799585
2 0.15892100292686623 0.06363662262124452 0.034638620413308896 0.046913541356328865
2 0.4308748336215844 0.4925964923470049 0.01739657825883114 0.03673802067816449
2 0.4858486799325924 0.54436235359571 0.01893180718159222 0.03212329528527036
2 0.7987380027304745 0.22308893692754023 0.020530668617910662 0.03844606989237613
2 0.9299935896717086 0.4986604793173264 0.02208407825883114 0.03695634449948208
2 0.8736395714231401 0.6124104561579626 0.01418976502711473 0.02252997146395259
2 0.8626515535673551 0.46896867121177443 0.014207945745273776 0.02565497146395259