4 0.1064201138818311 0.40694370089350446 0.03931856426490725 0.0631545649348082
4 0.26845476411925795 0.4955680499205698 0.02154003087881238 0.0425420560063543
4 0.2622502282258806 0.49723964407637117 0.023193459092057722 0.045694329545304765
4 0.28256272822588063 0.4968850880700167 0.029579851411925782 0.050490923701106104
4 0.2954802653728992 0.4841532629889388 0.026272994985435005 0.04418637662320535
2 0.24773543566858577 0.4013504456184986 0.02600021034569906 0.034811376623205395
2 0.4755589072970558 0.33327873539279873 0.034085494985435005 0.04432274431795715
2 0.5235083254811713 0.42311280276323887 0.027744566772189748 0.041088650162155814
2 0.49134669483978577 0.4729179338506711 0.033949102665567034 0.03963524431795697
2 0.5540512833195879 0.47885824229265755 0.029397994985435005 0.044240923701106105
2 0.6205197178010394 0.42610934334831774 0.024483174452321777 0.03634660308425523
2 0.6422726973470683 0.44839740057248817 0.019795674452321776 0.03626478246740419
2 0.6273296589464085 0.4721076359619916 0.024574102665567032 0.039471603084255236
4 0.43961436177026003 0.575435007713933 0.0244831744523216 0.03634660308425523
4 0.45240987846330755 0.5853730694023304 0.032568459092057724 0.045857970779006864
4 0.4787821618494023 0.6052355560096497 0.026136602665567034 0.03949887662320535
4 0.4891430003292044 0.6120895280064725 0.02305706677218957 0.04100682954530477
4 0.561859086301724 0.6397411952147569 0.024665030878812465 0.04259660308425506
4 0.6844447916328581 0.7157661327155808 0.021403638558944317 0.037854556006354304
4 0.7016550236861694 0.7162473737871269 0.021358174452321778 0.036292056006354476
4 0.7698654660851798 0.7502308616122623 0.026136602665567034 0.03949887662320535
2 0.6659699247815261 0.6449587548745592 0.030642246239076344 0.0333306972400564
4 0.7837983384798021 0.0004310535740177257 0.055096676959604095 0.0008621071480354514
4 0.8780831990629279 0.11755295495728477 0.0360571719450391 0.05841251785690749
2 0.6645317937444292 0.5418064813356089 0.026091138558944314 0.03793637662320535
2 0.7631999966347877 0.1719285836090851 0.03582985141192587 0.05060001785690749
2 0.6276405813536661 0.21415876826723984 0.022966138558944315 0.037881829545304765
2 0.6776609648980455 0.29457692532925445 0.03573892319868044 0.04747501785690744
2 0.6531095942857899 0.2567047784135096 0.026136602665567034 0.039498876623205434
2 0.5153117290838105 0.32945826014956503 0.02948892319868044 0.04736592370110611
2 0.3332828275927424 0.25212596712885416 0.025954746239076343 0.033248876623205435
2 0.3345845663099713 0.3505907406678045 0.03596624373179384 0.05528751785690744
2 0.20143578252816505 0.18017092086173234 0.03582985141192578 0.05060001785690749
2 0.04886471199505162 0.17501759090939048 0.04364235141192581 0.0507363855516592
2 0.43784962179938997 0.48792137094445787 0.024574102665567032 0.039471603084255055
2 0.5051424218785322 0.5172309955390684 0.02439224623907634 0.03322160308425506
2 0.6954836477301444 0.1011990722449994 0.027744566772189748 0.04108865016215577
2 0.9049736226573198 0.3164035121814552 0.02926160266556721 0.03955342370110611
2 0.8883891794003794 0.44488306818780965 0.01791492570596276 0.025300008928453722
2 0.8337207482841403 0.31217570820369567 0.019522889812585476 0.026889782467404012
4 0.6279638079301941 0.5744922962704171 0.026409387305303157 0.048873876623205345