4 0.1534393502080905 0.2948811474553701 0.029506968464861137 0.06183561866166665
4 0.2769703820275698 0.4436883772858328 0.01504442496187508 0.04341780933083328
4 0.27070219823197955 0.44236032313879575 0.016643292553055567 0.045117010367592414
4 0.2895976685967018 0.4502507355799068 0.023002395326597293 0.050351314514629666
4 0.3066215144363892 0.4447231969842587 0.01973192496187508 0.04382791244111104
2 0.28803320896555584 0.3495378360982865 0.02107621941479172 0.03458961347787035
2 0.5266235834905906 0.3836659942040731 0.029070557370694416 0.04308561866166656
2 0.5430317931217366 0.4856775535349064 0.022747822188333443 0.039413814514629664
2 0.4962119977188893 0.517445671913749 0.02896145459715278 0.03839811866166656
2 0.553098430564549 0.5497106592370823 0.02285692496187508 0.04410131451462966
2 0.6329489315144796 0.5301882626301839 0.019550087005972116 0.03601541244111104
2 0.6468847981557296 0.5594752214426377 0.014898954597152781 0.03716780933083328
2 0.6246285916587156 0.5746805564096285 0.019622822188333444 0.039140412441111036
4 0.41287412727791717 0.5881204654103696 0.019550087005972293 0.03601541244111104
4 0.4217770018029519 0.6021535711125455 0.026018292553055745 0.045937216588147936
4 0.4396191184442019 0.6317822825168974 0.021185322188333446 0.03927711347787035
4 0.4476498239912853 0.6418407877006936 0.01653418977951393 0.04042951036759242
4 0.5074437045002436 0.6985295765791657 0.01816942496187508 0.04369121140435191
4 0.5975621710652437 0.8186848346376842 0.016497822188333445 0.03886701036759268
4 0.6148951414299659 0.826438546042036 0.016425087005972117 0.035742010367592766
4 0.6677486909168756 0.8864184302550914 0.021185322188333446 0.03927711347787053
2 0.6044830118709381 0.7475616903398599 0.02725348423243048 0.032011417624907425
4 0.9406087758355557 0.1820889725739334 0.046839938829583615 0.06958933006601842
4 0.979056946047778 0.360096395382637 0.027871733282499988 0.05857391762490742
2 0.6373662874221533 0.6529812136669433 0.021112587005972294 0.036152113477870174
2 0.8535484529816323 0.3608107119235169 0.029252395326597024 0.05089811866166656
2 0.7111972988213197 0.34133966757842454 0.01802395459715278 0.03744121140435182
2 0.7313117367009726 0.435099229501156 0.030705792553055743 0.04634731969842569
2 0.720137194147917 0.3904606727622208 0.021185322188333446 0.03927711347787035
2 0.5659406566288545 0.39802102012305446 0.022893292553055566 0.04566381451462966
2 0.41904485999173635 0.2502882747412029 0.022565984232430482 0.031601314514629573
2 0.3876149816669795 0.3403179524508789 0.029325130508958352 0.05402311866166656
2 0.3179888934267362 0.12917610942536978 0.0292523953265972 0.0508981186616666
2 0.17525522634864588 0.05977341559865708 0.03702852773541672 0.0500191238454629
2 0.43985289494534763 0.5078369345904159 0.019622822188333444 0.039140412441111036
2 0.4941598416587157 0.5632660198402306 0.021039851823611143 0.03302711347787035
2 0.8123948164887501 0.2675494360045355 0.022747822188333443 0.039413814514629573
2 0.9390716449453477 0.5515129158349982 0.022747822188333443 0.039413814514629664
2 0.8807889791015281 0.6602440754013872 0.014608013867708537 0.02466780933083328
2 0.8727738445085074 0.5168652222911094 0.014680749050069507 0.02779280933083328
4 0.5909095147207297 0.6668489325641656 0.019841027735416718 0.04851541244111104