1 0.12807407324159512 0.6868777309142045 0.025581802673454224 0.052040732122152634
4 0.09661553524827664 0.6350442928826966 0.03352157200827235 0.06361596091032524
4 0.2486240252625942 0.5418837084944292 0.01767839600572696 0.043590503333979846
4 0.24238311592936687 0.5405922754638912 0.019259077339272502 0.045280549091614476
4 0.26271379726291233 0.5406878703131401 0.025581802673454224 0.052040732122152634
4 0.27743027792809427 0.5528370550106682 0.02236589600572696 0.04397314060688355
2 0.23813087324954935 0.6372121839486221 0.02225680800445442 0.034598140606883376
2 0.4712155459102769 0.7000302747149851 0.030178396005727137 0.044610869395056166
2 0.5105967665897764 0.6086238957770311 0.023892033338636053 0.040975686364518
2 0.47363311592936685 0.5594690475938023 0.03012385200509069 0.03992336939505616
2 0.5347160665977304 0.5519433321415492 0.025509077339272324 0.045790732122152636
2 0.6060638079249125 0.6031229369927379 0.022293170671545147 0.03772314060688338
2 0.625876868594867 0.5804985089631696 0.016043170671545325 0.03721295757634539
2 0.6081626572645031 0.5571567327503724 0.02074885200509069 0.039158094849248926
4 0.4106887679424117 0.4581459215307865 0.020730670671545326 0.037595594849248924
4 0.4225347872772298 0.4481650147130454 0.027071577339272325 0.045918277879787084
4 0.4462450072804115 0.42664070107756336 0.022329533338636055 0.040848140606883375
4 0.4564830732813661 0.42043849850218795 0.019204533338636053 0.04059304909161447
4 0.5256421532861385 0.3908942618381075 0.019240896005727138 0.043718049091614475
4 0.6391693986314562 0.311796306387794 0.01762385200509069 0.03890300333397985
4 0.6571654206317744 0.3109193326005911 0.019168170671545325 0.037468049091614476
4 0.7209284759707286 0.2746786857847899 0.02231135200509051 0.039285640606883554
4 0.6289580572883657 0.3829060318419868 0.02848862667090888 0.033545823637421625
4 0.894996849220278 0.9066614936703961 0.03036020934118149 0.06023586939505634
2 0.6379143392743665 0.4868600792666113 0.023855670671545325 0.03785068636451801
2 0.7751661545592322 0.8554342203325367 0.03183180267345413 0.052550915152690794
2 0.6364309185630501 0.8159576479030631 0.019168170671545325 0.037468049091614476
2 0.677265551241277 0.7340538147227438 0.03177725867281787 0.04786341515269079
2 0.6564894272358681 0.7722394698734949 0.022329533338636055 0.040848140606883375
2 0.5118496365770496 0.702565214413483 0.025527258672817865 0.04735323212215263
2 0.33884739389723195 0.7854101810736841 0.02380112667090888 0.033163186364518184
2 0.329836567910595 0.6861436336490596 0.03186816534054513 0.05567591515269079
2 0.21442810188577796 0.859709066220556 0.03183180267345422 0.05255091515269043
2 0.06418265388291447 0.8685584234876405 0.039626121339908796 0.0516261439408634
2 0.41748311326386683 0.5462836503189591 0.02074885200509069 0.039158094849248926
2 0.48197287460218485 0.5147942763819751 0.022238626670909055 0.033035640606883555
2 0.7156724285487327 0.9279950044212416 0.025454533338636055 0.04110323212215263
2 0.9012303099140947 0.7069803580644823 0.025436352005090868 0.03954073212215263
2 0.8714439072645032 0.5786481929117916 0.015897720003181702 0.024712957576345396
2 0.8300001999125041 0.7128957760921109 0.01593408267027243 0.027837957576345218