4 0.25082716766762747 0.7933783370394298 0.04426521046687402 0.06273634933607006
4 0.3273456230845911 0.6321595567888089 0.024332142065139985 0.04231476502711473
4 0.32196787834626295 0.6336902405320302 0.02763915258848364 0.04545794574527377
4 0.33856384414539586 0.623633984481906 0.03416216837349921 0.050181807181592396
4 0.3567146046687396 0.6268635236113216 0.03067314732681172 0.04391362646343318
2 0.3677346756307224 0.7222078398681002 0.028564615756780754 0.03452953610435348
2 0.5927276993788329 0.6563520774732643 0.03692314732681172 0.043949987899751616
2 0.5774373573701628 0.5547350353187867 0.030491136803468065 0.040788626463433175
2 0.521339275814249 0.530198122751 0.036650131541796326 0.03926248789975162
2 0.5683283969032887 0.4922032190620079 0.0322356473268119 0.0439227168225127
2 0.6531584232116481 0.5005065984523073 0.02874662628012441 0.03765453610435347
2 0.658369567978211 0.4692975050681656 0.022405621018452494 0.03605567466803503
2 0.6319512811465081 0.4582100141433519 0.028837631541796326 0.039217036104353474
4 0.4180630863940625 0.47336633976990444 0.02718412628012441 0.03764544574527395
4 0.422621783777344 0.457773156026683 0.03545165258848364 0.0455033975406721
4 0.430957928543907 0.4265822433607006 0.028928636803468067 0.040779536104353475
4 0.43578964171220413 0.4156765596174793 0.025803636803468068 0.040761355386194256
4 0.4774619312453302 0.3534401800307882 0.027457142065139807 0.04233294574527395
4 0.5308459945265667 0.22410720403489331 0.02562162628012441 0.037636355386194253
4 0.5450982103256996 0.21403731244614965 0.025530621018452493 0.03607385538619425
4 0.5787759893354819 0.14863048106406046 0.030400131541796327 0.03922612646343313
2 0.5582422234092921 0.29221230942108756 0.033252115756780755 0.034556807181592396
2 0.6195885180629157 0.3800395623479538 0.03030912628012423 0.03766362646343309
2 0.922658123084591 0.6356229835981433 0.040503173635170954 0.05178066861791084
2 0.7873877519955514 0.6731042819991369 0.02562162628012441 0.037636355386194253
2 0.7795381836644045 0.5785593964605175 0.04023015785015538 0.04709316861791084
2 0.7821773362528882 0.6238718964605174 0.028928636803468067 0.040779536104353475
2 0.6275731362387708 0.6378111557320955 0.03398015785015538 0.04705680718159222
2 0.5277081860834789 0.8004560805965223 0.028473610495108836 0.032967036104353385
2 0.468978657214871 0.7173299632082755 0.040685184158514784 0.05490566861791084
2 0.46352313069475015 0.9320691740788597 0.040503173635170954 0.05178066861791066
2 0.4692608363234753 0.5478578005422929 0.02883763154179615 0.039217036104353474
2 0.5055098784874372 0.48637085469882313 0.026911110495108838 0.032957945745273776
2 0.9110219440465739 0.7308354896482674 0.032053636803468066 0.040797716822512695
2 0.9494272074831022 0.43818944739559385 0.03196263154179633 0.0392352168225127
2 0.8585831286286115 0.34003777282575476 0.020206084186749608 0.02510908430895533
2 0.8940718495482421 0.48004060410964805 0.02195059471009344 0.028243174668035033
4 0.5699602443853923 0.37272196603694585 0.030946163111827296 0.048601126463433175