1 0.12464874805058859 0.38247727333785925 0.031849984006999676 0.054113415152690705
4 0.09710555072404281 0.4301814497004376 0.0397897533418178 0.0656886439408634
4 0.2598242740690423 0.529319935615612 0.02236589600572696 0.04397314060688338
4 0.25359245540258774 0.5303722525850738 0.023964758672817867 0.047225686364518
4 0.273895864735815 0.5312490974343228 0.030269302673454224 0.052423369395056166
4 0.2870316640674514 0.5198332363742164 0.027071577339272502 0.045918277879787084
2 0.2376396440563156 0.43384806788754576 0.025399989337999786 0.036415732122152634
2 0.4633567120464524 0.3796859527445534 0.0348840773392725 0.04655600666795969
2 0.5136117980585427 0.47276614411004125 0.028597714672181595 0.04292082363742171
2 0.48295269139876973 0.5209964789573506 0.03326703333863605 0.04174096091032524
2 0.544725985399406 0.5307220363839147 0.030196577339272324 0.04617336939505616
2 0.6105140700588609 0.4830177310833824 0.025436352005090514 0.03954073212215263
2 0.6334248587284972 0.5067421445690832 0.020730670671545326 0.037595594849248924
2 0.6180725787316789 0.5289041869927379 0.025454533338636055 0.04110323212215263
4 0.43259925007954186 0.6206937189554109 0.025418170671545327 0.037978232122152636
4 0.4451992474140417 0.6303078350164872 0.03177725867281787 0.04786341515269079
4 0.47199810475013254 0.6527886128962742 0.027017033338636053 0.04123077787978709
4 0.48222708008431425 0.6598676603208988 0.022347714672181596 0.042410640606883376
4 0.5559736627545868 0.6924248109297219 0.023928396005726958 0.044100686364518006
4 0.6794935260979955 0.776655902904033 0.02231135200509069 0.039285640606883554
4 0.6966719354312227 0.7772776562380128 0.022293170671545327 0.03772314060688338
4 0.7658128341024499 0.8164834195739324 0.027017033338636053 0.04123077787978709
4 0.6599253660884504 0.7048128538124185 0.031649989337999784 0.036925915152690794
4 0.8623374626829993 0.190590212456629 0.03662839067472703 0.06230855242559432
2 0.6563725574076784 0.6007152851759667 0.02699885200509069 0.039668277879787085
2 0.7489294906906353 0.23752937214930786 0.036537484006999674 0.05449605242559432
2 0.6142914086966804 0.2710279141139206 0.02387385200509069 0.039413186364518
2 0.6659999067074981 0.354860651237043 0.03648294000636341 0.04980855242559432
2 0.6397823047024074 0.3152561462360731 0.027017033338636053 0.04123077787978709
2 0.5039362587125888 0.3790958924430513 0.030232940006363406 0.04929836939505616
2 0.3210413953691802 0.290018061678628 0.02694430800445442 0.03498077787978708
2 0.3237493193825432 0.3885831074362625 0.03657384667409058 0.05762105242559432
2 0.1874198260264079 0.20964542227969246 0.036537484006999674 0.05449605242559432
2 0.03504880402608971 0.19486596091032524 0.04278748400699968 0.05500623545613248
2 0.4284470047342241 0.5321573774401418 0.025454533338636055 0.04110323212215263
2 0.49675210940481485 0.566611867897244 0.02538180800445424 0.03485323212215263
2 0.6801425806810902 0.16166863169220563 0.028597714672181595 0.042920823637421626
2 0.8927714920432708 0.39132353609405063 0.028579533338636054 0.041358323637421535
2 0.8786464520607697 0.5189543285177052 0.019040901336727246 0.026530549091614473
2 0.8216413793761799 0.38239520412167927 0.019077264003817974 0.029655549091614386