1 0.25200968377944416 0.2447018064382031 0.03545901000193972 0.05393048340326043
4 0.18259000408288592 0.22843634378086705 0.0441643303053814 0.06545997925407558
4 0.258579063925346 0.39534134648015945 0.02531873545613248 0.043845088382282335
4 0.25245660968298056 0.3933052497995074 0.02869882697140156 0.04720688672260831
4 0.2688150622583561 0.4047638906713006 0.03376896424430509 0.052249584233097404
4 0.28710267665244243 0.40221923112817537 0.03013378121376702 0.04576278589277134
2 0.2987892178681491 0.3072027290535829 0.027806006667959782 0.0362693867226084
2 0.5240923646839504 0.387947856652629 0.03794628121376693 0.046354781743586496
2 0.5079893904377057 0.48891836080181383 0.03144118969849785 0.04275618506293455
2 0.4520424083155531 0.5098335894311895 0.0375636439408634 0.04166728174358649
2 0.4981362872535069 0.5518444132913247 0.03325878121376711 0.04599958423309758
2 0.5832765617993141 0.548862968480128 0.02806109818322895 0.03939438672260849
2 0.5878206695254408 0.5798645147458616 0.02324605242559432 0.0374766892121194
2 0.5618640763431817 0.5896888780232533 0.0281886439408634 0.040956886722608485
4 0.347259442404258 0.5608497925407561 0.02793355242559432 0.03783188672260849
4 0.3522977577067299 0.5761671392214082 0.03651132697140156 0.04779888257342364
4 0.3606843425540392 0.6082459334125493 0.02987868969849794 0.04263778589277134
4 0.36526027225059743 0.6195978305081198 0.02675368969849794 0.04240098755244546
4 0.4070972148240333 0.6848685556130105 0.02844373545613248 0.04408188672260849
4 0.4590746898191842 0.8185107724195315 0.02493609818322895 0.03915758838228243
4 0.473153165273377 0.8290105645360804 0.024808552425594144 0.03759508838228243
4 0.5069225163315437 0.8968142937901558 0.029751143940863402 0.04107528589277152
4 0.4873429531551038 0.7514775603868953 0.034056006667959694 0.03674298340326061
4 0.9750803930227795 0.2751242734684387 0.023054604851188643 0.07317739087179324
4 0.9644464266524425 0.4535452713938463 0.014221738790112326 0.060085395020978184
4 0.546191536794465 0.6757564325873566 0.035586555759574166 0.055492983403260435
2 0.8539393613499705 0.43023598072719 0.040146510001939716 0.054285680913749704
2 0.7194366866543821 0.3830981037528439 0.02649859818322877 0.03927598755244528
2 0.7101576683174928 0.4775109545826809 0.04132637272903601 0.049716580083912554
2 0.7130752452888942 0.4321392549975994 0.02987868969849785 0.04263778589277134
2 0.5585630884711532 0.4086397875663785 0.03507637272903601 0.04924298340326057
2 0.4592640743863277 0.23839629731464082 0.029240960910325242 0.03482528589277134
2 0.40009662635288007 0.3180236751141795 0.04196410151720866 0.057529080083912554
2 0.39647664514881137 0.10236278631697866 0.040146510001939716 0.05428568091374954
2 0.27448981696946184 0.02708825394869222 0.04477036606107632 0.015815176764564676
2 0.3994753887707157 0.48934256806056525 0.0281886439408634 0.040956886722608485