4 0.17160470665826144 0.23006698983319898 0.04260183030538141 0.06380952885594056
4 0.2533176080159906 0.39039934382421576 0.02375623545613248 0.042896828130301136
4 0.24719515377362516 0.3886185890148923 0.02713632697140156 0.046130955534962846
4 0.2643348563490007 0.3994023215916972 0.03376896424430509 0.05103671034428636
4 0.2826862436219043 0.39534230416850197 0.02857128121376693 0.044623019237293705
2 0.291247784837611 0.30005708601966746 0.027806006667959782 0.035248019237293704
2 0.518751160441585 0.36362854581579956 0.03638378121376693 0.04489583774894799
2 0.5065544361953401 0.4650546365599723 0.02987868969849785 0.04155258293962447
2 0.4512611583155531 0.48976197068072336 0.0360011439408634 0.0402083377489479
2 0.49904508301114153 0.5282540410064761 0.03169628121376711 0.04473214664195542
2 0.5836591990722177 0.5186731990811768 0.02793355242559432 0.036810519237293705
2 0.5897658067983443 0.5494420494439967 0.021683552425594322 0.03659226442797028
2 0.562964190737268 0.5610417483555376 0.0281886439408634 0.0399355192372937
4 0.34850307801017166 0.5488517392850449 0.026371052425594323 0.036755955534962935
4 0.35354139331264356 0.5639137440943682 0.03494882697140156 0.04640377404661713
4 0.3627730010387701 0.5947917218618496 0.0281886439408634 0.0399355192372937
4 0.36819395361414564 0.605166226671173 0.02519118969849794 0.041388891832631815
4 0.41165716906639876 0.6677952014434296 0.02688123545613248 0.043005955534962934
4 0.4685134626980014 0.7967039406436565 0.02493609818322895 0.03826389183263181
4 0.4834369610310114 0.805843327666965 0.024808552425594144 0.03670139183263181
4 0.5196138349679955 0.8713517657787326 0.029751143940863402 0.03999008293962447
2 0.49450174891273824 0.7278820187739575 0.03392846091032524 0.03390377404661713
4 0.9718596692355768 0.21648822802193543 0.03230205909355419 0.07124008293962455
4 0.9635694528652395 0.39483148283125885 0.018781693032477877 0.05830357332097771
2 0.5533981299767239 0.6398388709508758 0.02962359818322895 0.03842758293962447
2 0.849554750289864 0.380664800709941 0.040146510001939716 0.05281746515360961
2 0.713888188321372 0.34380466305366025 0.02493609818322895 0.03826389183263199
2 0.7077341699844826 0.4383904767559911 0.03976387272903601 0.04812996515360961
2 0.709025474077067 0.3937773812024948 0.0281886439408634 0.0399355192372937
2 0.5540669071076051 0.3820982928205746 0.03351387272903601 0.047911710344286276
2 0.44898027862869316 0.22016623329459506 0.02767846091032524 0.0336855192372937
2 0.3920290348376109 0.3035764448200077 0.04040160151720871 0.0559424651536097
2 0.38131403075472503 0.08931304817805225 0.040146510001939716 0.052817465153609675
2 0.25776470257537554 0.01918654273575664 0.04384559484924892 0.021785719962933103
2 0.39772157013426385 0.4737897410991433 0.0281886439408634 0.0399355192372937
2 0.4358435813441515 0.5346652429132419 0.02767846091032524 0.0336855192372937
2 0.8354600415055706 0.284588408877309 0.03144118969849785 0.04160714664195542
2 0.8828940534643644 0.576914807333363 0.0313136439408634 0.040044646641955416
2 0.7940710563393024 0.6764485266633239 0.019228232122152633 0.02560020072563951
2 0.8259264474052278 0.535751604793625 0.021045823637421534 0.028779764427970277