1 0.15434155073828051 0.2797743239539499 0.025079145588778308 0.05076389183263199
4 0.13818442704872735 0.3439087458236488 0.0319299228866742 0.06035714664195542
4 0.2863692080472511 0.46678822903342576 0.015203497840531632 0.04262400961864685
4 0.2801192080472511 0.46656997422410235 0.018428627390180984 0.04429563702330856
4 0.3006319671465497 0.47040430235440345 0.023416516039128955 0.049146828130301044
4 0.31565618984865385 0.46157493937771205 0.021453497840531632 0.042842264427970275
2 0.2793799259689932 0.36988594718226037 0.020852720542635695 0.03346726442797028
2 0.5145967327242534 0.354714848085385 0.029165868290882458 0.04155258293962456
2 0.550542329577336 0.45340780842967127 0.022715609191583754 0.03820932813030105
2 0.5118896421926923 0.49493062031790364 0.0288654796419344 0.03686508293962447
2 0.5731473172388348 0.5142188228576415 0.02457849784053181 0.04295139183263199
2 0.6456440784976017 0.4777753805695227 0.020952850092285046 0.035029764427970275
2 0.6653150308416402 0.5049653631463273 0.016265350092285046 0.03486607332097762
2 0.6470854649870814 0.5245958168671917 0.021153109191583752 0.03815476442797028
4 0.4457720912975282 0.5822644400106842 0.01939035009228505 0.03497520072563933
4 0.4574605629198981 0.5943651359270002 0.02614099784053181 0.04300595553496276
4 0.48020645048911187 0.6208829959084667 0.021153109191583752 0.03815476442797028
4 0.4900820982373585 0.6290228781224518 0.018128238741233104 0.039608137023308565
4 0.5583605313030656 0.6727208036203478 0.01832849784053181 0.04273313702330857
4 0.6693061281561482 0.7740328216765151 0.018028109191583753 0.03804563702330839
4 0.6866938872554468 0.7777580224021545 0.017827850092285047 0.03492063702330857
4 0.7498540237449264 0.8267337249418926 0.022715609191583754 0.03820932813030105
2 0.6607438540974547 0.7012401624206881 0.02846496144333699 0.03061508293962447
4 0.872665544416759 0.0671107321982867 0.04951794108527139 0.06720734736759484
4 0.9450981562292364 0.23645349844035551 0.02860466378737563 0.0571230192372937
2 0.6737666833702488 0.6003597086998237 0.022515350092285048 0.035084328130301046
2 0.823663247222223 0.26339296595621786 0.03122901603912922 0.04941964664195542
2 0.6832082279438914 0.27329870089527547 0.0194904796419344 0.03653770072563933
2 0.7217281122739027 0.3635070386442234 0.030928627390180985 0.04473214664195542
2 0.7018371144333709 0.32071933791858404 0.021153109191583752 0.03815476442797028
2 0.5555221213732013 0.3608210043459873 0.024678627390180986 0.04451389183263199
2 0.3859129233480995 0.24420887930357824 0.022214961443337077 0.030396828130301135
2 0.37258970542635744 0.34040183302444255 0.02986677513842757 0.05249008293962447
2 0.26418002081949093 0.14485866533109493 0.031229016039128955 0.04941964664195542
2 0.11353967072720587 0.10530011360966363 0.03727875693983029 0.04651290145127884
2 0.45588996606681553 0.4968725770339928 0.021153109191583752 0.03815476442797028
2 0.5186996491325226 0.5403795295737307 0.02075259099298634 0.03190476442797028
2 0.7667938810908088 0.17877986377929966 0.02427810919158375 0.03826389183263199
2 0.9445834238095248 0.4352084569705433 0.0241779796419344 0.03670139183263181
2 0.9102560934569965 0.5563914870076101 0.015564443244739578 0.02392857332097762
2 0.8739006839885576 0.4148116222168202 0.015764702344038282 0.02705357332097762