4 0.17444078649424938 0.8370446267718723 0.050048466806520954 0.06540375693983051
4 0.256096296042019 0.6711378269564423 0.029759277594401647 0.04388970234403846
4 0.25044994728677444 0.6731311235326697 0.031440176764564676 0.04555233189368781
4 0.26702214064807867 0.6616324190291628 0.0381637734452168 0.05220285009228505
4 0.2856537414779156 0.6643964736249547 0.03456517676456468 0.04575259099298634
2 0.2941747912681342 0.7591477691214479 0.030848180913749523 0.03773983189368764
2 0.521295243552508 0.6834222856220021 0.040933575934727705 0.047715609191583755
2 0.5093415404429417 0.5821706662513858 0.034328378424238616 0.04262759099298634
2 0.4537310804848979 0.5597659376891855 0.03901587842423861 0.0429279796419344
2 0.5015775072494626 0.5188696298541912 0.03780857593472771 0.047515350092285046
2 0.5867929568345441 0.5235454403100791 0.030966580083912554 0.039302331893687634
2 0.5922859402378046 0.49249569940937776 0.026160680913749523 0.03743944324473993
2 0.5663746356737012 0.4821997470653393 0.031084979254075586 0.040864831893687815
4 0.3509738560047071 0.5068633783130316 0.030966580083912554 0.039302331893687814
4 0.35678614812125586 0.4923200169619796 0.03948947510489074 0.0491779796419344
4 0.36630378069467934 0.4599580999354016 0.032765878424238615 0.04252746144333699
4 0.3710388248858205 0.4492709238095249 0.029640878424238615 0.04232720234403846
4 0.41447043878791207 0.38375534777593323 0.03132177759440165 0.04398983189368781
4 0.4715869670070136 0.25160298426541283 0.029404080083912553 0.03920220234403846
4 0.4864782611981548 0.24156665021225673 0.029285680913749522 0.03763970234403846
4 0.5222157742704093 0.1739879264304185 0.03264747925407576 0.040964961443337077
2 0.49786420186016667 0.31923057525839926 0.0355356809137497 0.03804022054263569
2 0.5566103945967709 0.4038547015688462 0.03252908008391255 0.039402461443337033
2 0.85223851284854 0.6465368614987103 0.044532172615380006 0.054165868290882456
2 0.7161816910629971 0.6912009145533426 0.029404080083912553 0.03920220234403828
2 0.7107856412727787 0.5966498781561482 0.04429537427505377 0.05104086829088246
2 0.7120987649231324 0.641481516805096 0.032765878424238615 0.04252746144333699
2 0.556605781519872 0.6629188209394626 0.03792697510489074 0.04907785009228505
2 0.4519980240466948 0.8312799922849774 0.03072978174358667 0.03617733189368764
2 0.39529958338468296 0.7507123102990045 0.04633147095570589 0.05739099784053163
2 0.3837071974872671 0.9658564489479524 0.044532172615379825 0.054165868290882456
2 0.40039259293245255 0.5798991625507579 0.031084979254075586 0.040864831893687635
2 0.43895910807929955 0.5164269478682183 0.030729781743586492 0.03617733189368781
2 0.8378073147133509 0.7437425285252883 0.03589087842423879 0.0427277205426357
2 0.8853623566294072 0.4476883513196775 0.03589087842423879 0.0427277205426357
2 0.7967986093286994 0.3525179487910689 0.02220688672260849 0.026301684145441227
2 0.8285669823543532 0.49272144663160056 0.02400618506293455 0.02952681369509058
4 0.5067287937669339 0.39908805598006786 0.03492037427505377 0.05044009099298634