4 0.20384170349345943 0.2278290424490653 0.04260183030538141 0.06271816861791084
4 0.31340750637809567 0.38273419018612903 0.02375623545613248 0.04230567466803503
4 0.30781121062046113 0.3812035064429077 0.025573826971401557 0.045439765027114644
4 0.3265452351662684 0.39047396731349204 0.03220646424430509 0.05016362646343318
4 0.34419512077218206 0.38646317818407644 0.02857128121376693 0.04389544574527386
2 0.33485232955647537 0.29115976854315606 0.027806006667959782 0.03452044574527387
2 0.5718100666795978 0.34058655504029306 0.036383781213767105 0.04394089754067192
2 0.5785380409258426 0.4421581453993726 0.02987868969849785 0.040779536104353656
2 0.5277088645632642 0.47059221760807973 0.0360011439408634 0.0392533975406721
2 0.5821411441100413 0.5054484857584522 0.03169628121376693 0.04391362646343318
2 0.6645869822913304 0.4908996515476927 0.026371052425594323 0.03607385538619425
2 0.6756678745652038 0.5213184045727548 0.021683552425594322 0.03604658430895533
2 0.6517520135050974 0.5347451003180288 0.0266261439408634 0.039198855386194255
4 0.43678071774746285 0.5344325246914761 0.026371052425594323 0.03607385538619425
4 0.44424240244499097 0.5492399132551576 0.03494882697140156 0.0454943071815924
4 0.45922954471886446 0.5796359403825206 0.0281886439408634 0.039207945745273774
4 0.4663085921434889 0.5897558289462023 0.025191189698497853 0.04075226502711473
4 0.5212191038124185 0.6496211874556546 0.026881235456132302 0.04232385538619425
4 0.6009540144231813 0.7742166664766115 0.02337359818322895 0.037618174668035034
4 0.6164992660901712 0.7827240580653552 0.02324605242559432 0.03605567466803485
4 0.66463361927437 0.8457553231906656 0.0281886439408634 0.039207945745273774
2 0.6139644553296273 0.7037950821676561 0.032365960910325245 0.032985216822512695
4 0.9892057633359196 0.16693386895938064 0.021588473328160874 0.07050339754067196
2 0.6565668013868242 0.6128791906771083 0.02806109818322895 0.03764544574527377
2 0.9037775438007806 0.3378736037358743 0.038456464244305266 0.05019998789975162
2 0.7623554472845416 0.3097763956939602 0.02493609818322895 0.037627265027114644
2 0.773196965621431 0.404289464975801 0.03820137272903601 0.04707498789975162
2 0.7663731386500295 0.3589951456939603 0.0281886439408634 0.039207945745273955
2 0.6098680471347604 0.356779181601922 0.03195137272903601 0.047038626463433174
2 0.47680097137130684 0.20122913925105257 0.02767846091032524 0.032957945745273866
2 0.43622351092002354 0.2882251452029809 0.0388391015172088 0.05488748789975162
2 0.3860647878817268 0.0759160427436529 0.038456464244305086 0.050199987899751594
2 0.250175343182259 0.011055153787187907 0.044100686364518006 0.022110307574375813
2 0.4718734527445534 0.4568478801758663 0.0266261439408634 0.039198855386194255
2 0.5211876686558485 0.5151825549420972 0.026115960910325243 0.032948855386194256
2 0.8718422754638911 0.24348325430160833 0.02987868969849785 0.040779536104353475
2 0.9720007406262802 0.532100326706707 0.0313136439408634 0.039226126463433174
2 0.9023575335089766 0.636461094660688 0.019228232122152633 0.02509999394987581
2 0.907938369564234 0.49417360071081207 0.020918277879787082 0.02667158430895533
4 0.6090221216902659 0.6240984918085765 0.02895391848667046 0.048582945745273776