1 0.13687130581776832 0.1312959726762452 0.023912343878220544 0.05012726502711464
4 0.13538310718691235 0.2828857437534841 0.0305443458553869 0.05953862646343318
4 0.2500610780237087 0.42186695140261465 0.015781508897248563 0.042269313231716586
4 0.24384291152180587 0.4210493399662962 0.017407675893442942 0.04384090359079611
4 0.26233824353702834 0.4274084242752515 0.023848676882026167 0.04856476502711473
4 0.2798122450199031 0.4204771682251273 0.020469008897248564 0.04229658430895537
2 0.26722601479156655 0.32663171945479136 0.021649506920082207 0.03293067466803503
2 0.5049660953239142 0.34129924921443305 0.029780341901054184 0.040788626463433175
2 0.5149220740693761 0.44216231244614956 0.02340300790866543 0.037627265027114734
2 0.46580148315690495 0.4778225564942213 0.029589340912471052 0.03610112646343318
2 0.5209373107235031 0.5054935594210874 0.02359400889724874 0.04231476502711473
2 0.6024883996588077 0.4793992129136878 0.020150673916276673 0.03448408430895533
2 0.6146236437273087 0.5076014809658647 0.015526840912470873 0.03601931323171641
2 0.5912670567691705 0.5246571707592101 0.02027800790866543 0.037609084308955334
4 0.37746188334718545 0.5554521319243821 0.020150673916276673 0.03448408430895533
4 0.38551446387953303 0.5687833788993201 0.026782675893442943 0.04389544574527378
4 0.40155595794803406 0.5970083728491958 0.021840507908665385 0.037618174668035034
4 0.4089864559708677 0.6064288246445939 0.017216674904859806 0.03915340359079629
4 0.4654791950964528 0.6583322131100796 0.018906508897248563 0.04228749394987581
4 0.5483951713704566 0.7713412732185383 0.01715300790866543 0.03759090359079629
4 0.565328003385679 0.777691267168414 0.017025673916276674 0.03446590359079611
4 0.6146303250207781 0.8334599990180415 0.02184050790866543 0.03761817466803521
2 0.5599176031953986 0.6995162701934761 0.02777217292769336 0.029842036104353476
4 0.9342065622435591 0.10545876062731044 0.04798651384016424 0.06588862041330891
4 0.961450858669787 0.2806587485270621 0.02885451186299832 0.056404536104353475
2 0.599053040457548 0.6020645532727674 0.021713173916276675 0.03449317466803503
2 0.8351921061983291 0.2916457246211528 0.030098676882025898 0.048601126463433175
2 0.6932911076812039 0.28378725194490756 0.018651840912471053 0.03603749394987581
2 0.7075035049057348 0.37607929107432325 0.03147017589344294 0.0439227168225127
2 0.6991299307991777 0.3322702037403057 0.02184050790866543 0.037618174668035034
2 0.5435829263505535 0.35246400819142354 0.02365767589344294 0.04387726502711464
2 0.40534012152136845 0.21647144515609867 0.023084672927693405 0.029814765027114644
2 0.3679581852478021 0.3092447524358869 0.03022601087441492 0.05172612646343309
2 0.3114866452473645 0.10339875253408277 0.030098676882026075 0.048601126463433134
2 0.17240424060845985 0.045544825037377376 0.03784750988583174 0.04708407825883121
2 0.4097424841454881 0.47280780356735513 0.020278007908665387 0.037609084308955334
2 0.4607983067691704 0.5238981257760621 0.021585839923887917 0.03136817466803503
2 0.7997904584795066 0.20157471564416238 0.02340300790866543 0.037627265027114644
2 0.9089612341454881 0.475712173293293 0.02340300790866543 0.037627265027114734
2 0.8433760434232976 0.5894201492891878 0.015017504942915849 0.023519313231716587
2 0.8445140735750843 0.446424128211949 0.015144838935304605 0.026644313231716586