4 0.17364913400659784 0.23227505597550113 0.037710600158284535 0.06135567067154524
4 0.26917091950426375 0.3850177006285927 0.019977530878812377 0.04240567600254526
4 0.2629663836108864 0.38352792596277446 0.023193459092057722 0.04556703866963625
4 0.28066234897115033 0.39269384062700186 0.029579851411925782 0.05032726400381797
4 0.2987674912910184 0.3877972552912292 0.026272994985435005 0.04404090133672715
2 0.29841580179500193 0.2925211179583201 0.02443771034569906 0.034647720003181705
2 0.5314268785963214 0.3366689179265034 0.034040030878812286 0.04256930800445433
2 0.5276904616658472 0.4382405085932762 0.026136602665567034 0.039353401336727246
2 0.47450562569332766 0.4677558332670485 0.03238660266556703 0.039426126670908876
2 0.5258491653476286 0.5015217585932761 0.029397994985435005 0.04407726400381797
2 0.6098748243605441 0.48570530724859484 0.024483174452321777 0.036210220003181706
2 0.6183860063347131 0.5152837192473221 0.019795674452321776 0.036155676002545434
2 0.5929995614284204 0.5288558705840493 0.024574102665567032 0.0393352200031817
4 0.37728363321517505 0.5344898946133206 0.0244831744523216 0.036210220003181706
4 0.38390570625557086 0.5484705786123663 0.031005959092057722 0.04565794533736352
4 0.3963004061764286 0.5787847872772298 0.026136602665567034 0.039353401336727246
4 0.4022548894833812 0.5888683119430481 0.02149456677218975 0.040861357336090795
4 0.4513312354850306 0.6468711686028211 0.02310253087881229 0.04244203866963616
4 0.5195918390085275 0.7702535772597306 0.021403638558944317 0.0377363573360908
4 0.5349667864221027 0.7786655139242762 0.021358174452321597 0.0361738573360908
4 0.5761397042105069 0.8398842772517764 0.026136602665567034 0.039353401336727246
2 0.5396064738065481 0.6997319919239581 0.030642246239076344 0.03315794533736351
4 0.9764535367513073 0.15342587253346068 0.03954588479802083 0.07074885200509069
4 0.9814268785963215 0.3314326938654153 0.0188696719450391 0.058012494668999895
2 0.589922374043975 0.607771211250822 0.026091138558944314 0.037790901336727065
2 0.8628587350228123 0.3265644752148691 0.03582985141192552 0.05039998933799979
2 0.7237878748353979 0.3016292045671864 0.022920674452321776 0.03619203866963625
2 0.7265060463847256 0.3960968198997773 0.03573892319868044 0.047274989337999784
2 0.7239182554767833 0.35082977323364095 0.026136602665567034 0.039353401336727156
2 0.5676909875300946 0.35186665658818544 0.02944345909205772 0.04563976400381797
2 0.44873170203242874 0.19939673193827556 0.025954746239076343 0.03310340133672711
2 0.4000919620615586 0.28743308127786615 0.03596624373179384 0.055087489337999784
2 0.37033758056224325 0.07535125194941142 0.03582985141192578 0.05039998933799979
2 0.24021582304039585 0.012780715985046143 0.04144335391920828 0.025561431970092287
2 0.4201818385463091 0.455892179941139 0.024574102665567032 0.0393352200031817
2 0.4638121666012699 0.5131774212683211 0.02439224623907634 0.0330852200031817
2 0.8405865814201732 0.23310537655159624 0.02774456677218993 0.04093408267027261
2 0.9127126678549111 0.5188877878740058 0.02769910266556721 0.03937158267027243
2 0.8338625906578802 0.6252383325509598 0.017869461599340043 0.023637494668999892
2 0.8528435743605443 0.48287810988227814 0.017960389812585475 0.02676249466899989
4 0.5419478752976162 0.6192632419239581 0.024846887305303156 0.0487102200031817