4 0.11292269367614524 0.6934744402982045 0.024783100873680564 0.059040807326946346
4 0.24791790235736064 0.5730501549066686 0.010320557370694506 0.041116322930778534
4 0.24166790235736063 0.5727226062861496 0.013518292553055566 0.04440509724103805
4 0.26130825513090233 0.5690586957252715 0.018278527735416716 0.04777575870642714
4 0.27751448337940926 0.5785122608541339 0.016570557370694506 0.04144387155129756
2 0.2511500454997564 0.6694305099496226 0.017914851823611144 0.03215075870642714
2 0.48926764133944384 0.6889495511069098 0.025872822188333443 0.0388101944820761
2 0.5142332333794093 0.5909181648562912 0.019622822188333444 0.03848264586155707
2 0.4706293569545135 0.5487406309350933 0.025800087005972118 0.0356851944820761
2 0.5297322532310412 0.5299363992524591 0.019695557370694415 0.041607645861557074
2 0.6070753500206593 0.5676245070089466 0.016425087005972117 0.035193871551297565
2 0.6233367828663191 0.5410996285602441 0.011737587005972116 0.034948210085908295
2 0.6026794439604857 0.5212441519659925 0.01646145459715278 0.03675637155129756
4 0.39448639067385377 0.45949002317860577 0.016425087005972207 0.035193871551297565
4 0.40493358140329827 0.4475222896869491 0.022820557370694418 0.041771420171816585
4 0.42508308045336773 0.421983379126071 0.016497822188333445 0.03831887155129756
4 0.4338768522048608 0.41384000847928465 0.013372822188333444 0.03815509724103805
4 0.49744969614468726 0.3710217446844747 0.013445557370694416 0.04128009724103805
4 0.5975425747537846 0.2714521918800842 0.01333645459715278 0.03659259724103805
4 0.6148391775273262 0.26766545058651153 0.013300087005972294 0.03503009724103805
4 0.6722711242406942 0.21983213817118258 0.01802395459715278 0.03683825870642732
2 0.5974139817638886 0.34419032903521396 0.025654616641249996 0.0294351944820761
4 0.8797601290872562 0.97582655274659 0.042079703647222286 0.04834689450681999
4 0.933742380321527 0.8154942774740188 0.02314786569131968 0.055833920171816584
2 0.621648955928333 0.4455824106724197 0.019550087005972293 0.035357645861557076
2 0.8092697103936451 0.7862870550636387 0.026091027735416716 0.0481851944820761
2 0.6672094969627771 0.7733665739468313 0.014862587005972294 0.035111984396167625
2 0.6958813172512495 0.6841336555840372 0.025945557370694417 0.041935194482076096
2 0.6808187084937842 0.7263654211878693 0.016497822188333445 0.03831887155129756
2 0.5292750454997563 0.6840064235627186 0.019768292553055566 0.04473264586155708
2 0.371750873387673 0.797774595204873 0.019404616641249994 0.029107645861557074
2 0.3481880464496869 0.7011109571452321 0.024601262917777776 0.051228307326946165
2 0.2607568623697562 0.8952084379233554 0.026091027735416716 0.0481851944820761
2 0.11440788602111034 0.9321241824962885 0.032268292553055564 0.04538774310259512
2 0.41437935695451344 0.5457926933504222 0.01646145459715278 0.03675637155129756
2 0.4724834508943399 0.5026878245126583 0.01787848423243048 0.03058825870642732
2 0.7611757428787145 0.869808883987311 0.019622822188333444 0.03848264586155707
2 0.9110173144014577 0.6156237522592483 0.019550087005972473 0.035357645861557076
2 0.8630181851267704 0.4934311697175313 0.013009146276527873 0.02253009724103805
2 0.8425212343293398 0.6347179110111041 0.013081881458888844 0.02565509724103805
4 0.5736114994313191 0.4258564088633975 0.023184233282499987 0.057396420171816585