1 0.2824045146801358 0.09921875 0.036537484006999674 0.0515625
4 0.233377216024817 0.1828125 0.044477253341817756 0.0625
4 0.3072158000477251 0.3515625 0.02549089600572696 0.0421875
4 0.3017197780474069 0.34921875 0.0286340773392725 0.04375
4 0.3174902287157705 0.36171875 0.034956802673454225 0.05
4 0.33622204738222505 0.36015625 0.0301965773392725 0.04375
2 0.3491845767027256 0.265625 0.028543170671545236 0.0359375
2 0.5720686407144978 0.35234375 0.038027258672817865 0.0453125
2 0.5552634960614062 0.45234375 0.031722714672181594 0.040625
2 0.49845951273072436 0.471875 0.0364102146721816 0.040625
2 0.5450532494032241 0.51484375 0.03333975867281787 0.0453125
2 0.6294191587364513 0.5140625 0.02856135200509069 0.0375
2 0.6336890354073603 0.5453125 0.023855670671545325 0.0359375
2 0.6072356234086329 0.5546875 0.028579533338636054 0.0390625
4 0.39432654340386036 0.51953125 0.02856135200509069 0.0375
4 0.39919585673931485 0.53515625 0.03648294000636332 0.046875
4 0.40659982407699646 0.5671875 0.030160214672181596 0.040625
4 0.4114145934118145 0.578125 0.027035214672181597 0.040625
4 0.45204014075426874 0.6453125 0.028615896005727136 0.0421875
4 0.502041235439177 0.7796875 0.02543635200509069 0.0375
4 0.5162310047739951 0.790625 0.025418170671545327 0.0359375
4 0.5490622334499946 0.859375 0.030142033338636055 0.0390625
2 0.5317372787634955 0.71328125 0.03323067067154532 0.0359375
2 0.5940730994191324 0.63203125 0.03012385200509069 0.0375
2 0.9000123747214974 0.40390625 0.04122498400699968 0.0515625
2 0.7666089813812705 0.353125 0.02699885200509051 0.0375
2 0.7567623613939972 0.446875 0.04118862133990877 0.0484375
2 0.760150443387952 0.40234375 0.030160214672181596 0.040625
2 0.605916929384134 0.37421875 0.03492044000636341 0.046875
2 0.5093766420273623 0.2015625 0.028524989337999785 0.034375
2 0.44934820870463466 0.2796875 0.04126134667409058 0.0546875
2 0.44840168467536323 0.0640625 0.04122498400699968 0.0515625
2 0.4466424740610881 0.45 0.028579533338636054 0.0390625
2 0.48176290873645133 0.5140625 0.028524989337999785 0.034375
2 0.8902913820416799 0.30703125 0.031722714672181594 0.040625
2 0.9234333354153144 0.60390625 0.031722714672181594 0.040625
2 0.8315100120941775 0.69375 0.020603401336727244 0.025
2 0.8697538047421783 0.55625 0.022202264003817973 0.028125