1 0.07320341163912207 0.8963812515411593 0.0293744331762962 0.05160207279438893
4 0.09413921116801068 0.7468818992894061 0.03658134043361101 0.06294009099298634
4 0.2200653070682419 0.6096100416389818 0.019315927992499836 0.04318879549649317
4 0.21374695654986225 0.6099907734403847 0.02257762902925915 0.04495155459579188
4 0.2331121112152789 0.6041610780361765 0.02781193317629622 0.05150194324473993
4 0.2497528070682419 0.611512503082319 0.025565927992499838 0.04358931369509058
2 0.23054489434430686 0.7053428462347737 0.024745721771944406 0.03421431369509058
2 0.4695875619692142 0.6939499730066458 0.0332417269557407 0.04252746144333699
2 0.48706687935856585 0.5929381855297171 0.02685502591898139 0.040564443244739935
2 0.4399376011305103 0.5569215399409388 0.03296832488222208 0.03940246144333699
2 0.49800367082893615 0.5307886389534897 0.028690927992499837 0.04378957279438911
2 0.5781211063143065 0.557920440310079 0.023456623845462942 0.03723918414544123
2 0.5923688254943528 0.529765161932449 0.01876912384546294 0.03693879549649317
2 0.5702983358619453 0.5126382186877093 0.02359332488222208 0.03880168414544123
4 0.3573000498581953 0.4777766556109276 0.023456623845462942 0.03723918414544123
4 0.3671241091890286 0.4642648681339988 0.03039012902925915 0.04545220234403846
4 0.3852780783690749 0.436359913630492 0.02529252591898139 0.040464313695090584
4 0.3931295345896304 0.427435496603914 0.02060502591898139 0.04016392504614252
4 0.4533828208762044 0.37630259561646484 0.02244092799249984 0.04338905459579188
4 0.5456666486331485 0.2643718969730543 0.020468324882222076 0.03860142504614252
4 0.5626880532985652 0.2583920072443721 0.02019492280870381 0.035476425046142526
4 0.6170330921770374 0.20295233805832574 0.025155824882222077 0.03890181369509049
2 0.5510971509422229 0.33699786859542413 0.030859020735185184 0.033052331893687815
4 0.8819044683780571 0.9379919787098585 0.05431564458064812 0.07029151603912887
4 0.9231329355318533 0.7630816162790722 0.034745438360092605 0.05971496144333699
2 0.5833833876999082 0.4349137368863065 0.025019123845462943 0.03733931369509058
2 0.796199288642131 0.7502335579826527 0.03392523213953691 0.05033996144333699
2 0.6535627293112977 0.7552343337393891 0.021894123845462944 0.03713905459579188
2 0.6757589409984733 0.6631667496862329 0.035214330066018464 0.04731509099298634
2 0.6632692114508346 0.7071472871631617 0.025292525918981568 0.040464313695090584
2 0.5089624202632883 0.6839031469730543 0.02896433006601846 0.046914572794389285
2 0.36058512591819597 0.8173793761535633 0.024609020735185182 0.032651813695090584
2 0.3294512860502328 0.7242511374123304 0.03433533524981467 0.05502746144333699
2 0.2573637981612517 0.9286091679494287 0.03392523213953691 0.05033996144333699
2 0.1134094551357426 0.979585574104836 0.04173773213953695 0.040828851790328004
2 0.383785345946714 0.5611794409283879 0.023593324882222166 0.03880168414544123
2 0.4385015317149083 0.5104773365171662 0.024609020735185182 0.032651813695090404
2 0.7546085279917145 0.8394870226651922 0.02685502591898157 0.04056444324473958
2 0.8852596630532418 0.567389582041346 0.028280824882222076 0.03910207279438911
2 0.8278462871815286 0.45136526140642524 0.0176755155513888 0.024438795496493172
2 0.8184631423180566 0.5945342705057239 0.017948917624907423 0.02756379549649317