1 0.020820619222958227 0.8779778358210774 0.023516645588778272 0.051064533016686654
4 0.09380394355850685 0.698962043193452 0.0303674228866742 0.06076708163720568
4 0.2274150848283485 0.5580360707830719 0.015203497840531632 0.04284259724103805
4 0.22116508482834848 0.5583636194035909 0.016866127390180986 0.04448698439616781
4 0.24104678825212109 0.551871279964469 0.023416516039128955 0.04950203301668665
4 0.2577336405038745 0.5587830212580418 0.01979086829088228 0.041525758706427315
2 0.23224468229973985 0.6527753606971636 0.020852720542635695 0.033795145861557074
2 0.4708763857235125 0.6348188195398765 0.029065738741233103 0.040454581637205854
2 0.4944721769010691 0.5339180608334493 0.022715609191583754 0.03856453301668665
2 0.45078153609265276 0.4988337319097769 0.028765350092285046 0.03576708163720586
2 0.5094148588870419 0.470844850747541 0.023015997840531634 0.04325203301668683
2 0.5871998974437048 0.4963561058359236 0.020952850092285046 0.035357645861557076
2 0.6030647293373926 0.4674941214397559 0.014702850092285048 0.03503009724103805
2 0.5823412191583598 0.4506717916115724 0.0194904796419344 0.03683825870642732
4 0.3731757726744175 0.4219237511316537 0.01939035009228505 0.03527575870642714
4 0.38335180907161204 0.40893242820087516 0.026140997840531633 0.04341580732694621
4 0.40307282619047513 0.38064697591688307 0.021153109191583752 0.03848264586155707
4 0.4122673534883711 0.37082159656366953 0.016565738741233106 0.0397994843961678
4 0.47557768430232467 0.318450191091174 0.01822836829088246 0.04144387155129747
4 0.5739930027777771 0.2042847925160835 0.0163654796419344 0.036674484396167786
4 0.5915810209763744 0.19713403380965627 0.017827850092285047 0.035193871551297516
4 0.6488916756644514 0.14118392695767984 0.021153109191583752 0.03848264586155699
2 0.5748557934939085 0.2758731874731294 0.026902461443336988 0.03099769448207601
4 0.8655928986803225 0.8664074977407518 0.04785531153562204 0.06635534034363318
4 0.9173322786913971 0.6908409317073783 0.02860466378737563 0.057560194482076096
2 0.6005788818660012 0.3726320007929695 0.022515350092285048 0.035439533016686744
2 0.7925523241878903 0.6818078476953232 0.02956638648947969 0.04826708163720568
2 0.650264694638241 0.6908220788121306 0.017827850092285047 0.035193871551297565
2 0.6772160232927262 0.5983103522178791 0.030828497840531634 0.04366146879233561
2 0.6627437106773699 0.6418932558813522 0.021153109191583752 0.03848264586155707
2 0.5104895982465838 0.6241778906616327 0.023116127390180985 0.044814533016686656
2 0.3545225956256901 0.7616037268213942 0.022214961443337077 0.030752033016686654
2 0.3292803686046494 0.6694914699239893 0.02986677513842757 0.05295458163720568
2 0.2444385919250623 0.875602029059958 0.02956638648947969 0.04826708163720568
2 0.09811550201181005 0.9354384537543302 0.037278756939830314 0.047114017412854634
2 0.39433127699335413 0.5049066694944481 0.0194904796419344 0.03683825870642714
2 0.4521728578073077 0.4528218690649067 0.02075259099298634 0.03223264586155707
2 0.7454887546327036 0.7722591073062617 0.022715609191583754 0.03856453301668683
2 0.8924486019472117 0.4959312234304923 0.0241779796419344 0.03708392017181659
2 0.842877003396086 0.3825138545927282 0.015464313695090225 0.022611984396167805
2 0.823558899603173 0.5260148711010716 0.01566457279438893 0.025736984396167804