1 0.25182937804041644 0.2695161771114844 0.02776263050895835 0.053730777879787084
4 0.16133231781993035 0.23791510393310472 0.034230836056041714 0.06361596091032524
4 0.2656898966577774 0.37755194665632175 0.01816942496187508 0.043590503333979846
4 0.2594580804533677 0.3772808796868599 0.021330792553055568 0.045408094849248924
4 0.278026242497465 0.3835628305952455 0.026163762917777868 0.052040732122152544
4 0.29534102906659687 0.3766910772612656 0.02285692496187508 0.04397314060688355
2 0.28974695212861085 0.2820163060494383 0.022675087005972296 0.03616064060688347
2 0.5248843651226386 0.29713189664662343 0.03223192496187508 0.044738415152690794
2 0.5279892216959025 0.39824798649490256 0.02434668977951393 0.040975686364518
2 0.476462436076701 0.434424473618025 0.030560322188333443 0.03992336939505616
2 0.5296413342530899 0.4612741449796335 0.026018292553055745 0.045790732122152636
2 0.6121271791428468 0.4350467427038204 0.02271145459715278 0.03772314060688355
2 0.6223736949104162 0.46384142240037873 0.01802395459715278 0.03734050333398002
2 0.5978094527942008 0.48066213164371396 0.022747822188333443 0.039285640606883554
4 0.38263839447357595 0.5122621733184626 0.02271145459715278 0.03772314060688355
4 0.39012358615295095 0.5256869445302899 0.029143292553055568 0.04604582363742153
4 0.4042945357161106 0.5533815098327619 0.02278418977951393 0.040848140606883375
4 0.41108939637343694 0.5629638039234064 0.019695557370694415 0.04215554909161447
4 0.462905163090937 0.6148772481638322 0.02129442496187508 0.04384559484924892
4 0.538229858570034 0.7288124602821054 0.019622822188333444 0.03903054909161448
4 0.5544542706141312 0.7352857298269428 0.019586454597152782 0.037468049091614476
4 0.5991660521492701 0.790898129976724 0.02434668977951393 0.040975686364518
4 0.5539470839687495 0.6565707984633946 0.028852351823611143 0.033545823637421535
4 0.9678388505893402 0.060574061630136275 0.05316267401194459 0.07295901000193968
4 0.9801355627859373 0.23579733117497365 0.026345600873680652 0.059853232122152634
4 0.59813480148368 0.5671895630072622 0.027798998100139017 0.055293277879787085
2 0.8566798789903469 0.24665469602810197 0.032413762917777686 0.052550915152690704
2 0.7157100400845137 0.23944758709402744 0.02114895459715278 0.037595594849248924
2 0.7244654846136802 0.3323047667905857 0.033867160144236054 0.047990960910325245
2 0.7184888947579163 0.28756622269994103 0.02278418977951393 0.040848140606883555
2 0.5628383068020136 0.30806952558457734 0.027617160144236052 0.047480777879787085
2 0.4350068603729859 0.17190836922587832 0.024164851823611146 0.033163186364518
2 0.3907464076756942 0.2644146046820107 0.03248649810013893 0.0556759151526907
2 0.3487446648938888 0.05886597741104682 0.032413762917777866 0.052550915152690704
2 0.21435278751906245 0.01312214014784154 0.04004442496187506 0.02624428029568308